0.299422	0.100076	0.143986	0.098319
0.143986	0.098319	0.091115	0.096713
0.091115	0.096713	0.076792	0.099032
0.076792	0.099032	0.077404	0.102974
0.077404	0.102974	0.083106	0.107467
0.083106	0.107467	0.092279	0.113604
0.092279	0.113604	0.100399	0.118460
0.100399	0.118460	0.108297	0.123609
0.108297	0.123609	0.115052	0.127377
0.115052	0.127377	0.119676	0.130279
0.119676	0.130279	0.122879	0.131973
0.122879	0.131973	0.125118	0.132698
0.125118	0.132698	0.126833	0.133556
0.126833	0.133556	0.127638	0.133774
0.127638	0.133774	0.128549	0.134130
0.128549	0.134130	0.128494	0.133757
0.128494	0.133757	0.127604	0.132409
0.127604	0.132409	0.126544	0.131115
0.126544	0.131115	0.125904	0.129922
0.125904	0.129922	0.124941	0.128877
0.124941	0.128877	0.123499	0.127063
0.123499	0.127063	0.123021	0.126270
0.123021	0.126270	0.121112	0.124368
0.121112	0.124368	0.120076	0.123351
0.120076	0.123351	0.118988	0.122017
0.118988	0.122017	0.118002	0.120951
0.118002	0.120951	0.117146	0.119935
0.117146	0.119935	0.115856	0.118614
0.115856	0.118614	0.114262	0.116955
0.114262	0.116955	0.113287	0.116014
0.113287	0.116014	0.112187	0.114964
0.112187	0.114964	0.110638	0.113363
0.110638	0.113363	0.109667	0.112328
0.109667	0.112328	0.108435	0.111039
0.108435	0.111039	0.107670	0.110151
0.107670	0.110151	0.106544	0.108956
0.106544	0.108956	0.105106	0.107381
0.105106	0.107381	0.104455	0.106638
0.104455	0.106638	0.103029	0.105100
0.103029	0.105100	0.101203	0.103135
0.101203	0.103135	0.100313	0.102218
0.100313	0.102218	0.098508	0.100586
0.098508	0.100586	0.097311	0.099203
0.097311	0.099203	0.096305	0.098107
0.096305	0.098107	0.095102	0.096937
0.095102	0.096937	0.094228	0.095978
0.094228	0.095978	0.093073	0.094856
0.093073	0.094856	0.091721	0.093580
0.091721	0.093580	0.090399	0.092195
0.090399	0.092195	0.089388	0.090996
0.089388	0.090996	0.088616	0.090157
0.088616	0.090157	0.087520	0.089210
0.087520	0.089210	0.086752	0.088514
0.086752	0.088514	0.085794	0.087491
0.085794	0.087491	0.084710	0.086349
0.084710	0.086349	0.084018	0.085774
0.084018	0.085774	0.082666	0.084522
0.082666	0.084522	0.082159	0.084060
0.082159	0.084060	0.080841	0.082648
0.080841	0.082648	0.079492	0.081129
0.079492	0.081129	0.078561	0.079999
0.078561	0.079999	0.077328	0.078630
0.077328	0.078630	0.076445	0.077750
0.076445	0.077750	0.075446	0.076649
0.075446	0.076649	0.074834	0.076040
0.074834	0.076040	0.074010	0.075214
0.074010	0.075214	0.073035	0.074177
0.073035	0.074177	0.072621	0.073700
0.072621	0.073700	0.071701	0.072774
0.071701	0.072774	0.070869	0.071957
0.070869	0.071957	0.070476	0.071569
0.070476	0.071569	0.070256	0.071278
0.070256	0.071278	0.069837	0.070837
0.069837	0.070837	0.069140	0.070157
0.069140	0.070157	0.068242	0.069212
0.068242	0.069212	0.067886	0.068862
0.067886	0.068862	0.067562	0.068602
0.067562	0.068602	0.067370	0.068318
0.067370	0.068318	0.067205	0.068233
0.067205	0.068233	0.067108	0.068160
0.067108	0.068160	0.066994	0.068089
0.066994	0.068089	0.066267	0.067302
0.066267	0.067302	0.066034	0.067045
0.066034	0.067045	0.065856	0.066885
0.065856	0.066885	0.065282	0.066373
0.065282	0.066373	0.064548	0.065618
0.064548	0.065618	0.064085	0.065266
0.064085	0.065266	0.063767	0.064872
0.063767	0.064872	0.063407	0.064502
0.063407	0.064502	0.063200	0.064349
0.063200	0.064349	0.062788	0.063900
0.062788	0.063900	0.062280	0.063482
0.062280	0.063482	0.062140	0.063372
0.062140	0.063372	0.061878	0.063069
0.061878	0.063069	0.061737	0.062852
0.061737	0.062852	0.061427	0.062564
0.061427	0.062564	0.060858	0.061939
0.060858	0.061939	0.060323	0.061409
0.060323	0.061409	0.059975	0.061140
0.059975	0.061140	0.059618	0.060749
0.059618	0.060749	0.059261	0.060490
0.059261	0.060490	0.058880	0.060110
0.058880	0.060110	0.058699	0.059934
0.058699	0.059934	0.058378	0.059594
0.058378	0.059594	0.057784	0.058976
0.057784	0.058976	0.057223	0.058454
0.057223	0.058454	0.057004	0.058165
0.057004	0.058165	0.056610	0.057842
0.056610	0.057842	0.055962	0.057269
0.055962	0.057269	0.056054	0.057359
0.056054	0.057359	0.055427	0.056808
0.055427	0.056808	0.054768	0.056170
0.054768	0.056170	0.054239	0.055613
0.054239	0.055613	0.054136	0.055586
0.054136	0.055586	0.054016	0.055361
0.054016	0.055361	0.053466	0.054757
0.053466	0.054757	0.053078	0.054426
0.053078	0.054426	0.052541	0.053815
0.052541	0.053815	0.052018	0.053248
0.052018	0.053248	0.051732	0.053039
0.051732	0.053039	0.051530	0.052800
0.051530	0.052800	0.051137	0.052410
0.051137	0.052410	0.050846	0.052158
0.050846	0.052158	0.050313	0.051600
0.050313	0.051600	0.050265	0.051519
0.050265	0.051519	0.049998	0.051318
0.049998	0.051318	0.049423	0.050881
0.049423	0.050881	0.049045	0.050581
0.049045	0.050581	0.048470	0.049966
0.048470	0.049966	0.048554	0.050095
0.048554	0.050095	0.048122	0.049813
0.048122	0.049813	0.047616	0.049311
0.047616	0.049311	0.047408	0.049209
0.047408	0.049209	0.046992	0.048879
0.046992	0.048879	0.046727	0.048507
0.046727	0.048507	0.046630	0.048464
0.046630	0.048464	0.045973	0.047910
0.045973	0.047910	0.045725	0.047589
0.045725	0.047589	0.045538	0.047415
0.045538	0.047415	0.045454	0.047365
0.045454	0.047365	0.045354	0.047201
0.045354	0.047201	0.044811	0.046681
0.044811	0.046681	0.044261	0.045962
0.044261	0.045962	0.043992	0.045719
0.043992	0.045719	0.043773	0.045389
0.043773	0.045389	0.043499	0.045022
0.043499	0.045022	0.043268	0.044773
0.043268	0.044773	0.042981	0.044479
0.042981	0.044479	0.042795	0.044386
0.042795	0.044386	0.042643	0.044294
0.042643	0.044294	0.042106	0.043842
0.042106	0.043842	0.042020	0.043879
0.042020	0.043879	0.041520	0.043348
0.041520	0.043348	0.041068	0.042734
0.041068	0.042734	0.040562	0.042204
0.040562	0.042204	0.040396	0.041931
0.040396	0.041931	0.040087	0.041676
0.040087	0.041676	0.039855	0.041445
0.039855	0.041445	0.039591	0.041127
0.039591	0.041127	0.039253	0.040684
0.039253	0.040684	0.038889	0.040356
0.038889	0.040356	0.038791	0.040068
0.038791	0.040068	0.038440	0.039761
0.038440	0.039761	0.038562	0.039865
0.038562	0.039865	0.038184	0.039488
0.038184	0.039488	0.038033	0.039351
0.038033	0.039351	0.037874	0.039180
0.037874	0.039180	0.037880	0.039192
0.037880	0.039192	0.037594	0.038964
0.037594	0.038964	0.037187	0.038605
0.037187	0.038605	0.036969	0.038440
0.036969	0.038440	0.036722	0.038182
0.036722	0.038182	0.036657	0.038117
0.036657	0.038117	0.036524	0.037965
0.036524	0.037965	0.036422	0.037774
0.036422	0.037774	0.036391	0.037752
0.036391	0.037752	0.036402	0.037712
0.036402	0.037712	0.036003	0.037370
0.036003	0.037370	0.035762	0.037121
0.035762	0.037121	0.035716	0.036995
0.035716	0.036995	0.035461	0.036911
0.035461	0.036911	0.035510	0.036987
0.035510	0.036987	0.035243	0.036682
0.035243	0.036682	0.034939	0.036256
0.034939	0.036256	0.034895	0.036140
0.034895	0.036140	0.034375	0.035661
0.034375	0.035661	0.034076	0.035444
0.034076	0.035444	0.034048	0.035346
0.034048	0.035346	0.033961	0.035196
0.033961	0.035196	0.033944	0.035098
0.033944	0.035098	0.033741	0.034816
0.033741	0.034816	0.033432	0.034412
0.033432	0.034412	0.033240	0.034307
0.033240	0.034307	0.032988	0.034114
0.032988	0.034114	0.033081	0.034219
0.033081	0.034219	0.032649	0.033835
0.032649	0.033835	0.032658	0.033859
0.032658	0.033859	0.032628	0.033802
0.032628	0.033802	0.032321	0.033455
0.300588	0.200390	0.223488	0.199225
0.223488	0.199225	0.198685	0.202926
0.198685	0.202926	0.202477	0.212956
0.202477	0.212956	0.216607	0.226184
0.216607	0.226184	0.233623	0.241615
0.233623	0.241615	0.251832	0.257253
0.251832	0.257253	0.267272	0.270987
0.267272	0.270987	0.280089	0.282715
0.280089	0.282715	0.288664	0.290462
0.288664	0.290462	0.295888	0.297326
0.295888	0.297326	0.299499	0.300396
0.299499	0.300396	0.300973	0.301824
0.300973	0.301824	0.301676	0.302642
0.301676	0.302642	0.302876	0.303776
0.302876	0.303776	0.302856	0.303445
0.302856	0.303445	0.302439	0.302873
0.302439	0.302873	0.301647	0.302222
0.301647	0.302222	0.300877	0.301473
0.300877	0.301473	0.299183	0.299753
0.299183	0.299753	0.299115	0.299830
0.299115	0.299830	0.298249	0.298899
0.298249	0.298899	0.297267	0.297874
0.297267	0.297874	0.295512	0.296026
0.295512	0.296026	0.294390	0.294954
0.294390	0.294954	0.293707	0.294359
0.293707	0.294359	0.292934	0.293574
0.292934	0.293574	0.292103	0.292815
0.292103	0.292815	0.291662	0.292292
0.291662	0.292292	0.291002	0.291617
0.291002	0.291617	0.290706	0.291206
0.290706	0.291206	0.289615	0.290061
0.289615	0.290061	0.288070	0.288549
0.288070	0.288549	0.288017	0.288456
0.288017	0.288456	0.287620	0.288113
0.287620	0.288113	0.287249	0.287892
0.287249	0.287892	0.286544	0.287248
0.286544	0.287248	0.285794	0.286431
0.285794	0.286431	0.285798	0.286292
0.285798	0.286292	0.284909	0.285337
0.284909	0.285337	0.283472	0.283880
0.283472	0.283880	0.283992	0.284437
0.283992	0.284437	0.282382	0.282801
0.282382	0.282801	0.281357	0.281792
0.281357	0.281792	0.279853	0.280154
0.279853	0.280154	0.278739	0.279070
0.278739	0.279070	0.277065	0.277371
0.277065	0.277371	0.277753	0.277987
0.277753	0.277987	0.277291	0.277568
0.277291	0.277568	0.277146	0.277458
0.277146	0.277458	0.276492	0.276742
0.276492	0.276742	0.275495	0.275674
0.275495	0.275674	0.274348	0.274499
0.274348	0.274499	0.273190	0.273371
0.273190	0.273371	0.273263	0.273479
0.273263	0.273479	0.273821	0.273997
0.273821	0.273997	0.274083	0.274233
0.274083	0.274233	0.273316	0.273523
0.273316	0.273523	0.272971	0.273173
0.272971	0.273173	0.272843	0.273039
0.272843	0.273039	0.272066	0.272237
0.272066	0.272237	0.270972	0.271116
0.270972	0.271116	0.270338	0.270479
0.270338	0.270479	0.269149	0.269219
0.269149	0.269219	0.268760	0.268872
0.268760	0.268872	0.268406	0.268487
0.268406	0.268487	0.268271	0.268368
0.268271	0.268368	0.269505	0.269587
0.269505	0.269587	0.268809	0.268883
0.268809	0.268883	0.267801	0.267904
0.267801	0.267904	0.266542	0.266679
0.266542	0.266679	0.266011	0.266132
0.266011	0.266132	0.265375	0.265468
0.265375	0.265468	0.265519	0.265632
0.265519	0.265632	0.265209	0.265283
0.265209	0.265283	0.265667	0.265767
0.265667	0.265767	0.265383	0.265512
0.265383	0.265512	0.265939	0.266065
0.265939	0.266065	0.265929	0.266037
0.265929	0.266037	0.265341	0.265456
0.265341	0.265456	0.265068	0.265179
0.265068	0.265179	0.264951	0.265015
0.264951	0.265015	0.264851	0.264924
0.264851	0.264924	0.264466	0.264533
0.264466	0.264533	0.263784	0.263846
0.263784	0.263846	0.263466	0.263515
0.263466	0.263515	0.262718	0.262782
0.262718	0.262782	0.261997	0.262056
0.261997	0.262056	0.262233	0.262273
0.262233	0.262273	0.261609	0.261645
0.261609	0.261645	0.261382	0.261410
0.261382	0.261410	0.261498	0.261508
0.261498	0.261508	0.261305	0.261306
0.261305	0.261306	0.260521	0.260521
0.260521	0.260521	0.259925	0.259925
0.259925	0.259925	0.260084	0.260084
0.260084	0.260084	0.259540	0.259540
0.259540	0.259540	0.259006	0.259006
0.259006	0.259006	0.259100	0.259100
0.259100	0.259100	0.258777	0.258777
0.258777	0.258777	0.258610	0.258610
0.258610	0.258610	0.259091	0.259091
0.259091	0.259091	0.258843	0.258843
0.258843	0.258843	0.258521	0.258521
0.258521	0.258521	0.258616	0.258616
0.258616	0.258616	0.257849	0.257849
0.257849	0.257849	0.258415	0.258415
0.258415	0.258415	0.258714	0.258714
0.258714	0.258714	0.257980	0.257980
0.257980	0.257980	0.256902	0.256902
0.256902	0.256902	0.256200	0.256200
0.256200	0.256200	0.255222	0.255222
0.255222	0.255222	0.255542	0.255542
0.255542	0.255542	0.255920	0.255920
0.255920	0.255920	0.255694	0.255694
0.255694	0.255694	0.255157	0.255157
0.255157	0.255157	0.254204	0.254204
0.254204	0.254204	0.254029	0.254029
0.254029	0.254029	0.253868	0.253868
0.253868	0.253868	0.253600	0.253600
0.253600	0.253600	0.254670	0.254670
0.254670	0.254670	0.254656	0.254656
0.254656	0.254656	0.254259	0.254259
0.254259	0.254259	0.253825	0.253825
0.253825	0.253825	0.253408	0.253408
0.253408	0.253408	0.253438	0.253438
0.253438	0.253438	0.253594	0.253594
0.253594	0.253594	0.252576	0.252576
0.252576	0.252576	0.251985	0.251985
0.251985	0.251985	0.252343	0.252343
0.252343	0.252343	0.252103	0.252103
0.252103	0.252103	0.251840	0.251840
0.251840	0.251840	0.251501	0.251501
0.251501	0.251501	0.251003	0.251003
0.251003	0.251003	0.251891	0.251891
0.251891	0.251891	0.252004	0.252004
0.252004	0.252004	0.251639	0.251639
0.251639	0.251639	0.251424	0.251424
0.251424	0.251424	0.251272	0.251272
0.251272	0.251272	0.251463	0.251463
0.251463	0.251463	0.251272	0.251272
0.251272	0.251272	0.251209	0.251209
0.251209	0.251209	0.251155	0.251155
0.251155	0.251155	0.251435	0.251435
0.251435	0.251435	0.250945	0.250945
0.250945	0.250945	0.251249	0.251249
0.251249	0.251249	0.250690	0.250690
0.250690	0.250690	0.250723	0.250723
0.250723	0.250723	0.250839	0.250839
0.250839	0.250839	0.250277	0.250277
0.250277	0.250277	0.250464	0.250464
0.250464	0.250464	0.250424	0.250424
0.250424	0.250424	0.249974	0.249974
0.249974	0.249974	0.250177	0.250177
0.250177	0.250177	0.249772	0.249772
0.249772	0.249772	0.250409	0.250409
0.250409	0.250409	0.250148	0.250148
0.250148	0.250148	0.250042	0.250042
0.250042	0.250042	0.250921	0.250921
0.250921	0.250921	0.250814	0.250814
0.250814	0.250814	0.250422	0.250422
0.250422	0.250422	0.250531	0.250531
0.250531	0.250531	0.250396	0.250396
0.250396	0.250396	0.250195	0.250195
0.250195	0.250195	0.250433	0.250433
0.250433	0.250433	0.250344	0.250344
0.250344	0.250344	0.250673	0.250673
0.250673	0.250673	0.250645	0.250645
0.250645	0.250645	0.250836	0.250836
0.250836	0.250836	0.250913	0.250913
0.250913	0.250913	0.251200	0.251200
0.251200	0.251200	0.250779	0.250779
0.250779	0.250779	0.250942	0.250942
0.250942	0.250942	0.250856	0.250856
0.250856	0.250856	0.251502	0.251502
0.251502	0.251502	0.251466	0.251466
0.251466	0.251466	0.251561	0.251561
0.251561	0.251561	0.251376	0.251376
0.251376	0.251376	0.251361	0.251361
0.251361	0.251361	0.251639	0.251639
0.251639	0.251639	0.250858	0.250858
0.250858	0.250858	0.251214	0.251214
0.251214	0.251214	0.251348	0.251348
0.251348	0.251348	0.251379	0.251379
0.251379	0.251379	0.251077	0.251077
0.251077	0.251077	0.250988	0.250988
0.250988	0.250988	0.250390	0.250390
0.250390	0.250390	0.250638	0.250638
0.250638	0.250638	0.250196	0.250196
0.250196	0.250196	0.250383	0.250383
0.250383	0.250383	0.250507	0.250507
0.250507	0.250507	0.250531	0.250531
0.250531	0.250531	0.250649	0.250649
0.250649	0.250649	0.250213	0.250213
0.250213	0.250213	0.250402	0.250402
0.250402	0.250402	0.250116	0.250116
0.250116	0.250116	0.250188	0.250188
0.250188	0.250188	0.249909	0.249909
0.249909	0.249909	0.249791	0.249791
0.249791	0.249791	0.250204	0.250204
0.299732	0.300259	0.313899	0.302267
0.313899	0.302267	0.338921	0.312558
0.338921	0.312558	0.365351	0.333551
0.365351	0.333551	0.389510	0.355952
0.389510	0.355952	0.408986	0.377562
0.408986	0.377562	0.423422	0.395905
0.423422	0.395905	0.433415	0.411295
0.433415	0.411295	0.442620	0.423759
0.442620	0.423759	0.447850	0.432743
0.447850	0.432743	0.452148	0.439768
0.452148	0.439768	0.455445	0.444458
0.455445	0.444458	0.457702	0.448185
0.457702	0.448185	0.459967	0.451890
0.459967	0.451890	0.460804	0.453967
0.460804	0.453967	0.462051	0.456057
0.462051	0.456057	0.462419	0.457013
0.462419	0.457013	0.462588	0.457464
0.462588	0.457464	0.463735	0.459347
0.463735	0.459347	0.465013	0.460800
0.465013	0.460800	0.466154	0.462306
0.466154	0.462306	0.467489	0.463912
0.467489	0.463912	0.468474	0.465223
0.468474	0.465223	0.469898	0.467059
0.469898	0.467059	0.470994	0.468469
0.470994	0.468469	0.471693	0.469306
0.471693	0.469306	0.472688	0.470396
0.472688	0.470396	0.473992	0.471875
0.473992	0.471875	0.475071	0.473218
0.475071	0.473218	0.476126	0.474459
0.476126	0.474459	0.477016	0.475425
0.477016	0.475425	0.478344	0.476837
0.478344	0.476837	0.480465	0.479110
0.480465	0.479110	0.481039	0.479812
0.481039	0.479812	0.481833	0.480641
0.481833	0.480641	0.482766	0.481681
0.482766	0.481681	0.484198	0.483274
0.484198	0.483274	0.485204	0.484412
0.485204	0.484412	0.486519	0.485864
0.486519	0.485864	0.488029	0.487493
0.488029	0.487493	0.488842	0.488414
0.488842	0.488414	0.490752	0.490348
0.490752	0.490348	0.491657	0.491196
0.491657	0.491196	0.492719	0.492314
0.492719	0.492314	0.493317	0.492928
0.493317	0.492928	0.494889	0.494523
0.494889	0.494523	0.496037	0.495740
0.496037	0.495740	0.496826	0.496517
0.496826	0.496517	0.496820	0.496526
0.496820	0.496526	0.496937	0.496717
0.496937	0.496717	0.498810	0.498506
0.498810	0.498506	0.500101	0.499757
0.500101	0.499757	0.500699	0.500194
0.500699	0.500194	0.502191	0.501702
0.502191	0.501702	0.504078	0.503585
0.504078	0.503585	0.504574	0.504070
0.504574	0.504070	0.505588	0.505004
0.505588	0.505004	0.506343	0.505770
0.506343	0.505770	0.507751	0.507225
0.507751	0.507225	0.509010	0.508572
0.509010	0.508572	0.509940	0.509521
0.509940	0.509521	0.511126	0.510720
0.511126	0.510720	0.511733	0.511321
0.511733	0.511321	0.512636	0.512193
0.512636	0.512193	0.513169	0.512735
0.513169	0.512735	0.514539	0.514072
0.514539	0.514072	0.516841	0.516334
0.516841	0.516334	0.517702	0.517166
0.517702	0.517166	0.518703	0.518189
0.518703	0.518189	0.520088	0.519624
0.520088	0.519624	0.521151	0.520720
0.521151	0.520720	0.522686	0.522270
0.522686	0.522270	0.523665	0.523260
0.523665	0.523260	0.524945	0.524596
0.524945	0.524596	0.525526	0.525162
0.525526	0.525162	0.526628	0.526346
0.526628	0.526346	0.528565	0.528252
0.528565	0.528252	0.529244	0.528974
0.529244	0.528974	0.529761	0.529539
0.529761	0.529539	0.530451	0.530232
0.530451	0.530232	0.531312	0.531061
0.531312	0.531061	0.532321	0.532052
0.532321	0.532052	0.532969	0.532716
0.532969	0.532716	0.533902	0.533631
0.533902	0.533631	0.534624	0.534362
0.534624	0.534362	0.535547	0.535262
0.535547	0.535262	0.535919	0.535641
0.535919	0.535641	0.536351	0.536063
0.536351	0.536063	0.537154	0.536885
0.537154	0.536885	0.537842	0.537566
0.537842	0.537566	0.538457	0.538144
0.538457	0.538144	0.539073	0.538764
0.539073	0.538764	0.540530	0.540214
0.540530	0.540214	0.541162	0.540824
0.541162	0.540824	0.541877	0.541505
0.541877	0.541505	0.542669	0.542356
0.542669	0.542356	0.543454	0.543101
0.543454	0.543101	0.544123	0.543742
0.544123	0.543742	0.544993	0.544650
0.544993	0.544650	0.546256	0.545868
0.546256	0.545868	0.547047	0.546637
0.547047	0.546637	0.547497	0.547086
0.547497	0.547086	0.548280	0.547822
0.548280	0.547822	0.549164	0.548808
0.549164	0.548808	0.550253	0.549899
0.550253	0.549899	0.551073	0.550792
0.551073	0.550792	0.551470	0.551214
0.551470	0.551214	0.552669	0.552397
0.552669	0.552397	0.553408	0.553211
0.553408	0.553211	0.553994	0.553785
0.553994	0.553785	0.554434	0.554248
0.554434	0.554248	0.554696	0.554465
0.554696	0.554465	0.556114	0.555838
0.556114	0.555838	0.557104	0.556777
0.557104	0.556777	0.557347	0.556995
0.557347	0.556995	0.558128	0.557742
0.558128	0.557742	0.558409	0.558014
0.558409	0.558014	0.559220	0.558862
0.559220	0.558862	0.560370	0.559989
0.560370	0.559989	0.561493	0.561151
0.561493	0.561151	0.562106	0.561762
0.562106	0.561762	0.562796	0.562495
0.562796	0.562495	0.563505	0.563227
0.563505	0.563227	0.564151	0.563891
0.564151	0.563891	0.564255	0.564007
0.564255	0.564007	0.565314	0.565056
0.565314	0.565056	0.566811	0.566522
0.566811	0.566522	0.568073	0.567770
0.568073	0.567770	0.569378	0.569091
0.569378	0.569091	0.569358	0.569009
0.569358	0.569009	0.570137	0.569662
0.570137	0.569662	0.570932	0.570461
0.570932	0.570461	0.571739	0.571291
0.571739	0.571291	0.572068	0.571648
0.572068	0.571648	0.572891	0.572501
0.572891	0.572501	0.573736	0.573351
0.573736	0.573351	0.574966	0.574657
0.574966	0.574657	0.575625	0.575277
0.575625	0.575277	0.576106	0.575833
0.576106	0.575833	0.576858	0.576663
0.576858	0.576663	0.577444	0.577284
0.577444	0.577284	0.577814	0.577614
0.577814	0.577614	0.578377	0.578176
0.578377	0.578176	0.578848	0.578634
0.578848	0.578634	0.579390	0.579192
0.579390	0.579192	0.580048	0.579858
0.580048	0.579858	0.581058	0.580902
0.581058	0.580902	0.581990	0.581849
0.581990	0.581849	0.582589	0.582445
0.582589	0.582445	0.582994	0.582835
0.582994	0.582835	0.584116	0.583972
0.584116	0.583972	0.584559	0.584432
0.584559	0.584432	0.585513	0.585370
0.585513	0.585370	0.586304	0.586119
0.586304	0.586119	0.587007	0.586875
0.587007	0.586875	0.587869	0.587719
0.587869	0.587719	0.588736	0.588614
0.588736	0.588614	0.589375	0.589259
0.589375	0.589259	0.589698	0.589578
0.589698	0.589578	0.591146	0.591037
0.591146	0.591037	0.591327	0.591217
0.591327	0.591217	0.591761	0.591648
0.591761	0.591648	0.591922	0.591797
0.591922	0.591797	0.592576	0.592480
0.592576	0.592480	0.593413	0.593328
0.593413	0.593328	0.594213	0.594128
0.594213	0.594128	0.594952	0.594898
0.594952	0.594898	0.595795	0.595737
0.595795	0.595737	0.597480	0.597380
0.597480	0.597380	0.597945	0.597803
0.597945	0.597803	0.598836	0.598700
0.598836	0.598700	0.599950	0.599822
0.599950	0.599822	0.601024	0.600891
0.601024	0.600891	0.601324	0.601197
0.601324	0.601197	0.602737	0.602654
0.602737	0.602654	0.603541	0.603486
0.603541	0.603486	0.604238	0.604170
0.604238	0.604170	0.605163	0.605084
0.605163	0.605084	0.606112	0.606035
0.606112	0.606035	0.606908	0.606812
0.606908	0.606812	0.607773	0.607668
0.607773	0.607668	0.608516	0.608413
0.608516	0.608413	0.608941	0.608838
0.608941	0.608838	0.608875	0.608768
0.608875	0.608768	0.609372	0.609262
0.609372	0.609262	0.610480	0.610352
0.610480	0.610352	0.611369	0.611259
0.611369	0.611259	0.612272	0.612161
0.612272	0.612161	0.612585	0.612488
0.612585	0.612488	0.613752	0.613666
0.613752	0.613666	0.614733	0.614634
0.614733	0.614634	0.615580	0.615489
0.615580	0.615489	0.616449	0.616363
0.616449	0.616363	0.616852	0.616781
0.616852	0.616781	0.617839	0.617772
0.617839	0.617772	0.618419	0.618341
0.618419	0.618341	0.619492	0.619430
0.619492	0.619430	0.619801	0.619749
0.619801	0.619749	0.620221	0.620175
0.620221	0.620175	0.621000	0.620961
0.300137	0.400209	0.415317	0.408005
0.415317	0.408005	0.494003	0.429027
0.494003	0.429027	0.541291	0.457479
0.541291	0.457479	0.568104	0.485191
0.568104	0.485191	0.583306	0.509591
0.583306	0.509591	0.590953	0.528814
0.590953	0.528814	0.596529	0.544016
0.596529	0.544016	0.600065	0.556748
0.600065	0.556748	0.603455	0.566689
0.603455	0.566689	0.606423	0.574582
0.606423	0.574582	0.609428	0.582210
0.609428	0.582210	0.613061	0.588835
0.613061	0.588835	0.616597	0.595059
0.616597	0.595059	0.620630	0.601616
0.620630	0.601616	0.625014	0.607301
0.625014	0.607301	0.628251	0.611718
0.628251	0.611718	0.631036	0.615555
0.631036	0.615555	0.634991	0.620866
0.634991	0.620866	0.637818	0.624818
0.637818	0.624818	0.640984	0.628939
0.640984	0.628939	0.644359	0.633062
0.644359	0.633062	0.648486	0.638101
0.648486	0.638101	0.651694	0.641973
0.651694	0.641973	0.654696	0.645985
0.654696	0.645985	0.657822	0.649349
0.657822	0.649349	0.662370	0.654492
0.662370	0.654492	0.665488	0.657728
0.665488	0.657728	0.668341	0.660983
0.668341	0.660983	0.671510	0.664499
0.671510	0.664499	0.675193	0.668561
0.675193	0.668561	0.678530	0.672100
0.678530	0.672100	0.680529	0.674304
0.680529	0.674304	0.683183	0.676785
0.683183	0.676785	0.686729	0.680599
0.686729	0.680599	0.689135	0.683212
0.689135	0.683212	0.691780	0.686237
0.691780	0.686237	0.695182	0.689984
0.695182	0.689984	0.697268	0.692153
0.697268	0.692153	0.700250	0.695136
0.700250	0.695136	0.702633	0.697517
0.702633	0.697517	0.705967	0.701024
0.705967	0.701024	0.708673	0.703836
0.708673	0.703836	0.711827	0.707065
0.711827	0.707065	0.715182	0.710712
0.715182	0.710712	0.717496	0.713172
0.717496	0.713172	0.720605	0.716235
0.720605	0.716235	0.722991	0.718801
0.722991	0.718801	0.725573	0.721505
0.725573	0.721505	0.727199	0.723113
0.727199	0.723113	0.729817	0.725701
0.729817	0.725701	0.731592	0.727594
0.731592	0.727594	0.734118	0.730310
0.734118	0.730310	0.735887	0.732105
0.735887	0.732105	0.737094	0.733422
0.737094	0.733422	0.738579	0.734953
0.738579	0.734953	0.740920	0.737430
0.740920	0.737430	0.742823	0.739285
0.742823	0.739285	0.744078	0.740394
0.744078	0.740394	0.746055	0.742531
0.746055	0.742531	0.748615	0.745054
0.748615	0.745054	0.750901	0.747138
0.750901	0.747138	0.752663	0.749096
0.752663	0.749096	0.754353	0.750610
0.754353	0.750610	0.756421	0.752822
0.756421	0.752822	0.759139	0.755490
0.759139	0.755490	0.760499	0.756758
0.760499	0.756758	0.761996	0.758355
0.761996	0.758355	0.764796	0.761334
0.764796	0.761334	0.766480	0.763023
0.766480	0.763023	0.768426	0.765010
0.768426	0.765010	0.770725	0.767581
0.770725	0.767581	0.772778	0.769684
0.772778	0.769684	0.774834	0.771590
0.774834	0.771590	0.777121	0.773952
0.777121	0.773952	0.778460	0.775431
0.778460	0.775431	0.780326	0.777295
0.780326	0.777295	0.781639	0.778468
0.781639	0.778468	0.783150	0.780261
0.783150	0.780261	0.784895	0.782008
0.784895	0.782008	0.786361	0.783497
0.786361	0.783497	0.787222	0.784308
0.787222	0.784308	0.789228	0.786246
0.789228	0.786246	0.791600	0.788711
0.791600	0.788711	0.792935	0.790089
0.792935	0.790089	0.794076	0.791270
0.794076	0.791270	0.795645	0.792921
0.795645	0.792921	0.797222	0.794585
0.797222	0.794585	0.798609	0.795958
0.798609	0.795958	0.799819	0.797177
0.799819	0.797177	0.801313	0.798716
0.801313	0.798716	0.802589	0.799927
0.802589	0.799927	0.803901	0.801279
0.803901	0.801279	0.805090	0.802518
0.805090	0.802518	0.806661	0.803928
0.806661	0.803928	0.806856	0.804105
0.806856	0.804105	0.807813	0.805141
0.807813	0.805141	0.809485	0.806833
0.809485	0.806833	0.811306	0.808528
0.811306	0.808528	0.812756	0.809981
0.812756	0.809981	0.814399	0.811582
0.814399	0.811582	0.815566	0.812745
0.815566	0.812745	0.817084	0.814290
0.817084	0.814290	0.818331	0.815573
0.818331	0.815573	0.819683	0.816930
0.819683	0.816930	0.820923	0.818200
0.820923	0.818200	0.822329	0.819600
0.822329	0.819600	0.823674	0.820919
0.823674	0.820919	0.825571	0.822849
0.825571	0.822849	0.826739	0.823875
0.826739	0.823875	0.828168	0.825012
0.828168	0.825012	0.829612	0.826572
0.829612	0.826572	0.831010	0.827992
0.831010	0.827992	0.832844	0.829974
0.832844	0.829974	0.833645	0.830789
0.833645	0.830789	0.835077	0.832156
0.835077	0.832156	0.835997	0.833125
0.835997	0.833125	0.837307	0.834672
0.837307	0.834672	0.838114	0.835484
0.838114	0.835484	0.839630	0.837044
0.839630	0.837044	0.840764	0.838198
0.840764	0.838198	0.841569	0.839020
0.841569	0.839020	0.842443	0.839685
0.842443	0.839685	0.843500	0.840906
0.843500	0.840906	0.844675	0.841971
0.844675	0.841971	0.845590	0.842889
0.845590	0.842889	0.847069	0.844406
0.847069	0.844406	0.848082	0.845370
0.848082	0.845370	0.849233	0.846394
0.849233	0.846394	0.850606	0.847750
0.850606	0.847750	0.851318	0.848236
0.851318	0.848236	0.852850	0.849872
0.852850	0.849872	0.854244	0.851382
0.854244	0.851382	0.855425	0.852797
0.855425	0.852797	0.856432	0.853845
0.856432	0.853845	0.857889	0.855400
0.857889	0.855400	0.859065	0.856517
0.859065	0.856517	0.860214	0.857803
0.860214	0.857803	0.860613	0.858134
0.860613	0.858134	0.861668	0.859199
0.861668	0.859199	0.862429	0.860161
0.862429	0.860161	0.863168	0.860784
0.863168	0.860784	0.863607	0.861347
0.863607	0.861347	0.864752	0.862479
0.864752	0.862479	0.865481	0.863229
0.865481	0.863229	0.866330	0.864093
0.866330	0.864093	0.867393	0.865110
0.867393	0.865110	0.868734	0.866512
0.868734	0.866512	0.869799	0.867673
0.869799	0.867673	0.870227	0.868253
0.870227	0.868253	0.871394	0.869510
0.871394	0.869510	0.871790	0.870063
0.871790	0.870063	0.872453	0.870796
0.872453	0.870796	0.873410	0.871731
0.873410	0.871731	0.874065	0.872255
0.874065	0.872255	0.875519	0.873817
0.875519	0.873817	0.876226	0.874458
0.876226	0.874458	0.876782	0.875026
0.876782	0.875026	0.877969	0.876115
0.877969	0.876115	0.878711	0.876729
0.878711	0.876729	0.879549	0.877596
0.879549	0.877596	0.880496	0.878621
0.880496	0.878621	0.881394	0.879517
0.881394	0.879517	0.881603	0.879659
0.881603	0.879659	0.882440	0.880584
0.882440	0.880584	0.882706	0.880912
0.882706	0.880912	0.883380	0.881620
0.883380	0.881620	0.883989	0.882329
0.883989	0.882329	0.884595	0.883047
0.884595	0.883047	0.885514	0.883924
0.885514	0.883924	0.886230	0.884706
0.886230	0.884706	0.887282	0.885704
0.887282	0.885704	0.888204	0.886665
0.888204	0.886665	0.888779	0.887260
0.888779	0.887260	0.890054	0.888639
0.890054	0.888639	0.890570	0.889120
0.890570	0.889120	0.891124	0.889749
0.891124	0.889749	0.892140	0.890782
0.892140	0.890782	0.892988	0.891564
0.892988	0.891564	0.893607	0.892186
0.893607	0.892186	0.894138	0.892718
0.894138	0.892718	0.895223	0.893648
0.895223	0.893648	0.896210	0.894573
0.896210	0.894573	0.896525	0.894771
0.896525	0.894771	0.897136	0.895164
0.897136	0.895164	0.897724	0.895843
0.897724	0.895843	0.898855	0.897154
0.898855	0.897154	0.899027	0.897209
0.899027	0.897209	0.899682	0.897870
0.899682	0.897870	0.900131	0.898300
0.900131	0.898300	0.900572	0.898781
0.900572	0.898781	0.901030	0.899305
0.901030	0.899305	0.901262	0.899599
0.901262	0.899599	0.901672	0.899882
0.901672	0.899882	0.902082	0.900468
0.902082	0.900468	0.902576	0.900915
0.902576	0.900915	0.902828	0.901147
0.902828	0.901147	0.903473	0.901851
0.903473	0.901851	0.903822	0.902162
0.903822	0.902162	0.904093	0.902347
0.300258	0.500332	0.517583	0.509020
0.517583	0.509020	0.639828	0.535681
0.639828	0.535681	0.694178	0.563647
0.694178	0.563647	0.713701	0.585773
0.713701	0.585773	0.718538	0.604571
0.718538	0.604571	0.719236	0.619739
0.719236	0.619739	0.717311	0.631249
0.717311	0.631249	0.715665	0.640690
0.715665	0.640690	0.716727	0.651435
0.716727	0.651435	0.717767	0.659910
0.717767	0.659910	0.719132	0.667124
0.719132	0.667124	0.722049	0.674990
0.722049	0.674990	0.726408	0.683330
0.726408	0.683330	0.730411	0.690108
0.730411	0.690108	0.733560	0.696826
0.733560	0.696826	0.737785	0.703313
0.737785	0.703313	0.742151	0.710192
0.742151	0.710192	0.746576	0.716206
0.746576	0.716206	0.751250	0.722362
0.751250	0.722362	0.755490	0.728326
0.755490	0.728326	0.760020	0.734074
0.760020	0.734074	0.764211	0.739176
0.764211	0.739176	0.769728	0.745962
0.769728	0.745962	0.774140	0.751149
0.774140	0.751149	0.777273	0.755194
0.777273	0.755194	0.781928	0.760919
0.781928	0.760919	0.785186	0.764724
0.785186	0.764724	0.789387	0.769396
0.789387	0.769396	0.794037	0.774764
0.794037	0.774764	0.797473	0.779038
0.797473	0.779038	0.801244	0.782924
0.801244	0.782924	0.805029	0.787128
0.805029	0.787128	0.808738	0.791404
0.808738	0.791404	0.812092	0.795356
0.812092	0.795356	0.815884	0.799566
0.815884	0.799566	0.819083	0.802992
0.819083	0.802992	0.821630	0.805909
0.821630	0.805909	0.824875	0.809688
0.824875	0.809688	0.828105	0.813586
0.828105	0.813586	0.830887	0.816483
0.830887	0.816483	0.833799	0.819453
0.833799	0.819453	0.836552	0.822449
0.836552	0.822449	0.839334	0.825283
0.839334	0.825283	0.842081	0.828363
0.842081	0.828363	0.844469	0.830693
0.844469	0.830693	0.847129	0.834199
0.847129	0.834199	0.850206	0.837693
0.850206	0.837693	0.852684	0.840214
0.852684	0.840214	0.855515	0.843495
0.855515	0.843495	0.857948	0.845636
0.857948	0.845636	0.860223	0.848381
0.860223	0.848381	0.862295	0.851027
0.862295	0.851027	0.864404	0.853006
0.864404	0.853006	0.866741	0.855251
0.866741	0.855251	0.868999	0.857761
0.868999	0.857761	0.871336	0.860020
0.871336	0.860020	0.873475	0.862542
0.873475	0.862542	0.875232	0.864076
0.875232	0.864076	0.877868	0.866815
0.877868	0.866815	0.880071	0.869153
0.880071	0.869153	0.881798	0.871125
0.881798	0.871125	0.883820	0.872958
0.883820	0.872958	0.885629	0.874833
0.885629	0.874833	0.887525	0.876707
0.887525	0.876707	0.889390	0.878223
0.889390	0.878223	0.891544	0.880322
0.891544	0.880322	0.893339	0.881905
0.893339	0.881905	0.894780	0.883541
0.894780	0.883541	0.896026	0.884955
0.896026	0.884955	0.898009	0.887162
0.898009	0.887162	0.899614	0.888934
0.899614	0.888934	0.901411	0.891086
0.901411	0.891086	0.903280	0.893101
0.903280	0.893101	0.904930	0.895026
0.904930	0.895026	0.906785	0.896832
0.906785	0.896832	0.908027	0.898225
0.908027	0.898225	0.909738	0.899734
0.909738	0.899734	0.911430	0.901323
0.911430	0.901323	0.912995	0.902970
0.912995	0.902970	0.914332	0.904222
0.914332	0.904222	0.915539	0.905420
0.915539	0.905420	0.916770	0.906553
0.916770	0.906553	0.917381	0.907345
0.917381	0.907345	0.918284	0.908415
0.918284	0.908415	0.919608	0.909752
0.919608	0.909752	0.920770	0.911010
0.920770	0.911010	0.922224	0.912270
0.922224	0.912270	0.923649	0.913422
0.923649	0.913422	0.924468	0.914458
0.924468	0.914458	0.925917	0.916110
0.925917	0.916110	0.927263	0.917557
0.927263	0.917557	0.928740	0.918916
0.928740	0.918916	0.929611	0.919843
0.929611	0.919843	0.930430	0.920757
0.930430	0.920757	0.931905	0.921900
0.931905	0.921900	0.933883	0.923943
0.933883	0.923943	0.935117	0.925153
0.935117	0.925153	0.936170	0.926193
0.936170	0.926193	0.936775	0.926441
0.936775	0.926441	0.937908	0.927696
0.937908	0.927696	0.939480	0.929301
0.939480	0.929301	0.940366	0.930004
0.940366	0.930004	0.941224	0.930932
0.941224	0.930932	0.942149	0.931477
0.942149	0.931477	0.942864	0.932383
0.942864	0.932383	0.943702	0.933062
0.943702	0.933062	0.944546	0.933688
0.944546	0.933688	0.945455	0.934164
0.945455	0.934164	0.946416	0.935116
0.946416	0.935116	0.947298	0.936274
0.947298	0.936274	0.948254	0.937327
0.948254	0.937327	0.948884	0.938169
0.948884	0.938169	0.949723	0.938887
0.949723	0.938887	0.950742	0.939696
0.950742	0.939696	0.951733	0.941069
0.951733	0.941069	0.952926	0.942103
0.952926	0.942103	0.953492	0.942873
0.953492	0.942873	0.954323	0.943794
0.954323	0.943794	0.955481	0.945396
0.955481	0.945396	0.956128	0.945985
0.956128	0.945985	0.957134	0.947025
0.957134	0.947025	0.958003	0.948080
0.958003	0.948080	0.958400	0.948391
0.958400	0.948391	0.959016	0.948931
0.959016	0.948931	0.959703	0.949494
0.959703	0.949494	0.960537	0.950235
0.960537	0.950235	0.961076	0.950789
0.961076	0.950789	0.961522	0.951474
0.961522	0.951474	0.962432	0.952410
0.962432	0.952410	0.963018	0.953033
0.963018	0.953033	0.963322	0.953219
0.963322	0.953219	0.963990	0.954109
0.963990	0.954109	0.964512	0.954758
0.964512	0.954758	0.965154	0.955580
0.965154	0.955580	0.965930	0.956386
0.965930	0.956386	0.966458	0.957014
0.966458	0.957014	0.967353	0.958003
0.967353	0.958003	0.968055	0.958313
0.968055	0.958313	0.968414	0.958950
0.968414	0.958950	0.968804	0.959320
0.968804	0.959320	0.968996	0.959636
0.968996	0.959636	0.969520	0.960438
0.969520	0.960438	0.969988	0.960901
0.969988	0.960901	0.970546	0.961153
0.970546	0.961153	0.970868	0.961502
0.970868	0.961502	0.971137	0.961680
0.971137	0.961680	0.971463	0.962050
0.971463	0.962050	0.971816	0.962193
0.971816	0.962193	0.972171	0.962468
0.972171	0.962468	0.972344	0.962720
0.972344	0.962720	0.972887	0.963277
0.972887	0.963277	0.973483	0.963698
0.973483	0.963698	0.974069	0.964414
0.974069	0.964414	0.974216	0.964332
0.974216	0.964332	0.974591	0.964883
0.974591	0.964883	0.974803	0.965015
0.974803	0.965015	0.975129	0.965359
0.975129	0.965359	0.975474	0.965654
0.975474	0.965654	0.975930	0.966079
0.975930	0.966079	0.976663	0.966898
0.976663	0.966898	0.976813	0.966862
0.976813	0.966862	0.977156	0.967276
0.977156	0.967276	0.977720	0.967839
0.977720	0.967839	0.978295	0.968245
0.978295	0.968245	0.978833	0.968680
0.978833	0.968680	0.979305	0.969230
0.979305	0.969230	0.979493	0.969586
0.979493	0.969586	0.979798	0.969824
0.979798	0.969824	0.980199	0.970058
0.980199	0.970058	0.980556	0.970257
0.980556	0.970257	0.981089	0.970485
0.981089	0.970485	0.981423	0.970828
0.981423	0.970828	0.981706	0.970911
0.981706	0.970911	0.981907	0.970950
0.981907	0.970950	0.981851	0.970726
0.981851	0.970726	0.982201	0.970723
0.982201	0.970723	0.982696	0.971064
0.982696	0.971064	0.982981	0.970745
0.982981	0.970745	0.983280	0.971277
0.983280	0.971277	0.983569	0.971215
0.983569	0.971215	0.983858	0.971461
0.983858	0.971461	0.984214	0.971654
0.984214	0.971654	0.984325	0.971716
0.984325	0.971716	0.984586	0.971892
0.984586	0.971892	0.984851	0.972301
0.984851	0.972301	0.984942	0.972044
0.984942	0.972044	0.985197	0.972160
0.985197	0.972160	0.985657	0.972530
0.985657	0.972530	0.985870	0.972721
0.985870	0.972721	0.986028	0.972292
0.986028	0.972292	0.986226	0.972651
0.986226	0.972651	0.986455	0.973183
0.986455	0.973183	0.986752	0.973437
0.986752	0.973437	0.986991	0.973652
0.986991	0.973652	0.987362	0.973724
0.987362	0.973724	0.987617	0.974155
0.987617	0.974155	0.987848	0.974322
0.987848	0.974322	0.988045	0.974251
0.988045	0.974251	0.988376	0.974705
0.300221	0.599816	0.617069	0.613189
0.617069	0.613189	0.764110	0.637990
0.764110	0.637990	0.815728	0.662434
0.815728	0.662434	0.831064	0.680420
0.831064	0.680420	0.833351	0.693859
0.833351	0.693859	0.831675	0.704794
0.831675	0.704794	0.829539	0.714256
0.829539	0.714256	0.827673	0.722205
0.827673	0.722205	0.826005	0.730230
0.826005	0.730230	0.825646	0.737075
0.825646	0.737075	0.826402	0.744256
0.826402	0.744256	0.827545	0.750915
0.827545	0.750915	0.829722	0.758146
0.829722	0.758146	0.831095	0.764560
0.831095	0.764560	0.832938	0.769787
0.832938	0.769787	0.836008	0.775644
0.836008	0.775644	0.837176	0.780233
0.837176	0.780233	0.839314	0.785519
0.839314	0.785519	0.842447	0.791344
0.842447	0.791344	0.845266	0.796724
0.845266	0.796724	0.848229	0.801554
0.848229	0.801554	0.851097	0.805891
0.851097	0.805891	0.854553	0.811201
0.854553	0.811201	0.857447	0.814871
0.857447	0.814871	0.860224	0.818637
0.860224	0.818637	0.861716	0.821056
0.861716	0.821056	0.864123	0.824654
0.864123	0.824654	0.866942	0.828773
0.866942	0.828773	0.870919	0.833689
0.870919	0.833689	0.873438	0.836808
0.873438	0.836808	0.875749	0.840106
0.875749	0.840106	0.878217	0.843640
0.878217	0.843640	0.881229	0.847272
0.881229	0.847272	0.883257	0.850486
0.883257	0.850486	0.885704	0.853342
0.885704	0.853342	0.888530	0.856578
0.888530	0.856578	0.890783	0.859701
0.890783	0.859701	0.892627	0.862066
0.892627	0.862066	0.894917	0.864599
0.894917	0.864599	0.896432	0.866385
0.896432	0.866385	0.898387	0.868623
0.898387	0.868623	0.900628	0.871246
0.900628	0.871246	0.902544	0.873107
0.902544	0.873107	0.904779	0.875529
0.904779	0.875529	0.906834	0.878107
0.906834	0.878107	0.909675	0.881045
0.909675	0.881045	0.911184	0.883021
0.911184	0.883021	0.913056	0.885098
0.913056	0.885098	0.914508	0.886815
0.914508	0.886815	0.915714	0.888459
0.915714	0.888459	0.917177	0.890370
0.917177	0.890370	0.918448	0.891642
0.918448	0.891642	0.919339	0.893435
0.919339	0.893435	0.920308	0.894177
0.920308	0.894177	0.921703	0.896099
0.921703	0.896099	0.923102	0.897682
0.923102	0.897682	0.924927	0.899878
0.924927	0.899878	0.926788	0.901860
0.926788	0.901860	0.928156	0.903858
0.928156	0.903858	0.929087	0.905287
0.929087	0.905287	0.930757	0.907333
0.930757	0.907333	0.932233	0.908860
0.932233	0.908860	0.933552	0.910602
0.933552	0.910602	0.934782	0.911799
0.934782	0.911799	0.936307	0.913628
0.936307	0.913628	0.937696	0.914568
0.937696	0.914568	0.938932	0.916050
0.938932	0.916050	0.939976	0.916173
0.939976	0.916173	0.941010	0.917201
0.941010	0.917201	0.942191	0.918867
0.942191	0.918867	0.943768	0.921047
0.943768	0.921047	0.944777	0.922413
0.944777	0.922413	0.945570	0.923041
0.945570	0.923041	0.946604	0.923643
0.946604	0.923643	0.947326	0.924455
0.947326	0.924455	0.948248	0.925778
0.948248	0.925778	0.949231	0.926461
0.949231	0.926461	0.949997	0.927390
0.949997	0.927390	0.950667	0.928664
0.950667	0.928664	0.950956	0.929225
0.950956	0.929225	0.952214	0.930498
0.952214	0.930498	0.953161	0.931990
0.953161	0.931990	0.953819	0.932283
0.953819	0.932283	0.954766	0.933152
0.954766	0.933152	0.955848	0.934316
0.955848	0.934316	0.956458	0.934751
0.956458	0.934751	0.957594	0.936362
0.957594	0.936362	0.958206	0.937083
0.958206	0.937083	0.958685	0.937344
0.958685	0.937344	0.959380	0.937847
0.959380	0.937847	0.959881	0.938802
0.959881	0.938802	0.960727	0.940106
0.960727	0.940106	0.961524	0.941021
0.961524	0.941021	0.962353	0.942329
0.962353	0.942329	0.963233	0.942978
0.963233	0.942978	0.963763	0.943616
0.963763	0.943616	0.964542	0.944361
0.964542	0.944361	0.965097	0.945087
0.965097	0.945087	0.965775	0.945683
0.965775	0.945683	0.966597	0.946586
0.966597	0.946586	0.967238	0.947853
0.967238	0.947853	0.968172	0.948828
0.968172	0.948828	0.968723	0.949640
0.968723	0.949640	0.969448	0.950292
0.969448	0.950292	0.970064	0.950893
0.970064	0.950893	0.970574	0.951148
0.970574	0.951148	0.970943	0.951665
0.970943	0.951665	0.971439	0.952231
0.971439	0.952231	0.971945	0.952459
0.971945	0.952459	0.972516	0.952645
0.972516	0.952645	0.973329	0.953544
0.973329	0.953544	0.973862	0.954021
0.973862	0.954021	0.974308	0.954786
0.974308	0.954786	0.974934	0.955349
0.974934	0.955349	0.975411	0.955807
0.975411	0.955807	0.976007	0.956849
0.976007	0.956849	0.976767	0.957716
0.976767	0.957716	0.977110	0.958267
0.977110	0.958267	0.977675	0.959064
0.977675	0.959064	0.978292	0.959984
0.978292	0.959984	0.978657	0.960459
0.978657	0.960459	0.979368	0.961126
0.979368	0.961126	0.979949	0.961493
0.979949	0.961493	0.980200	0.961648
0.980200	0.961648	0.980712	0.962471
0.980712	0.962471	0.981028	0.962786
0.981028	0.962786	0.981724	0.963212
0.981724	0.963212	0.982158	0.963655
0.982158	0.963655	0.982593	0.963693
0.982593	0.963693	0.983153	0.964242
0.983153	0.964242	0.983403	0.964370
0.983403	0.964370	0.983799	0.964529
0.983799	0.964529	0.984349	0.965079
0.984349	0.965079	0.984725	0.964935
0.984725	0.964935	0.985062	0.965925
0.985062	0.965925	0.985283	0.966358
0.985283	0.966358	0.985550	0.966658
0.985550	0.966658	0.985809	0.966982
0.985809	0.966982	0.986332	0.967752
0.986332	0.967752	0.986637	0.968384
0.986637	0.968384	0.986653	0.968644
0.986653	0.968644	0.986897	0.969192
0.986897	0.969192	0.987211	0.969391
0.987211	0.969391	0.987548	0.969573
0.987548	0.969573	0.987821	0.969780
0.987821	0.969780	0.988146	0.970122
0.988146	0.970122	0.988330	0.970839
0.988330	0.970839	0.988700	0.970804
0.988700	0.970804	0.988628	0.970757
0.988628	0.970757	0.988770	0.970686
0.988770	0.970686	0.989187	0.971026
0.989187	0.971026	0.989526	0.971569
0.989526	0.971569	0.989760	0.971763
0.989760	0.971763	0.990027	0.971740
0.990027	0.971740	0.990293	0.972008
0.990293	0.972008	0.990455	0.972357
0.990455	0.972357	0.990546	0.972412
0.990546	0.972412	0.990643	0.972546
0.990643	0.972546	0.991006	0.972736
0.991006	0.972736	0.991112	0.972360
0.991112	0.972360	0.991338	0.972293
0.991338	0.972293	0.991504	0.972464
0.991504	0.972464	0.991615	0.972990
0.991615	0.972990	0.991631	0.972358
0.991631	0.972358	0.991730	0.972953
0.991730	0.972953	0.991914	0.972911
0.991914	0.972911	0.991992	0.972889
0.991992	0.972889	0.992189	0.973596
0.992189	0.973596	0.992419	0.973840
0.992419	0.973840	0.992519	0.973935
0.992519	0.973935	0.992790	0.974274
0.992790	0.974274	0.992886	0.974415
0.992886	0.974415	0.993198	0.974979
0.993198	0.974979	0.993391	0.975294
0.993391	0.975294	0.993601	0.975234
0.993601	0.975234	0.993640	0.975458
0.993640	0.975458	0.993855	0.975647
0.993855	0.975647	0.994229	0.976319
0.994229	0.976319	0.994429	0.976206
0.994429	0.976206	0.994449	0.976209
0.994449	0.976209	0.994622	0.976663
0.994622	0.976663	0.994676	0.976767
0.994676	0.976767	0.994731	0.976686
0.994731	0.976686	0.994850	0.976205
0.994850	0.976205	0.994881	0.976685
0.994881	0.976685	0.995011	0.976775
0.995011	0.976775	0.995246	0.977448
0.995246	0.977448	0.995370	0.977540
0.995370	0.977540	0.995549	0.977530
0.995549	0.977530	0.995572	0.977169
0.995572	0.977169	0.995688	0.977496
0.995688	0.977496	0.995756	0.977437
0.995756	0.977437	0.995932	0.977710
0.995932	0.977710	0.996111	0.977908
0.996111	0.977908	0.996312	0.978114
0.996312	0.978114	0.996427	0.978264
0.996427	0.978264	0.996476	0.977948
0.996476	0.977948	0.996511	0.978095
0.996511	0.978095	0.996603	0.978914
0.299526	0.699952	0.706801	0.714058
0.706801	0.714058	0.862246	0.735593
0.862246	0.735593	0.907563	0.752857
0.907563	0.752857	0.921628	0.764566
0.921628	0.764566	0.923386	0.771490
0.923386	0.771490	0.922735	0.778189
0.922735	0.778189	0.921026	0.785323
0.921026	0.785323	0.919612	0.790639
0.919612	0.790639	0.917707	0.794943
0.917707	0.794943	0.915602	0.799270
0.915602	0.799270	0.914410	0.802305
0.914410	0.802305	0.913784	0.807170
0.913784	0.807170	0.913684	0.811306
0.913684	0.811306	0.913372	0.814201
0.913372	0.814201	0.913510	0.817421
0.913510	0.817421	0.913430	0.821953
0.913430	0.821953	0.914438	0.825358
0.914438	0.825358	0.914696	0.829140
0.914696	0.829140	0.915663	0.831669
0.915663	0.831669	0.916178	0.833908
0.916178	0.833908	0.917338	0.837035
0.917338	0.837035	0.918955	0.841306
0.918955	0.841306	0.920069	0.843219
0.920069	0.843219	0.922312	0.846182
0.922312	0.846182	0.923944	0.849873
0.923944	0.849873	0.925067	0.852617
0.925067	0.852617	0.926731	0.855820
0.926731	0.855820	0.927817	0.856741
0.927817	0.856741	0.929207	0.858434
0.929207	0.858434	0.930164	0.861966
0.930164	0.861966	0.931237	0.863930
0.931237	0.863930	0.933077	0.866501
0.933077	0.866501	0.934442	0.868750
0.934442	0.868750	0.935756	0.871296
0.935756	0.871296	0.937170	0.872840
0.937170	0.872840	0.938055	0.874535
0.938055	0.874535	0.939056	0.876411
0.939056	0.876411	0.940437	0.879008
0.940437	0.879008	0.941250	0.880158
0.941250	0.880158	0.942947	0.882085
0.942947	0.882085	0.944074	0.884180
0.944074	0.884180	0.945289	0.885920
0.945289	0.885920	0.946573	0.886976
0.946573	0.886976	0.947811	0.889162
0.947811	0.889162	0.948868	0.890535
0.948868	0.890535	0.950105	0.892321
0.950105	0.892321	0.951067	0.893053
0.951067	0.893053	0.952206	0.895338
0.952206	0.895338	0.953213	0.896130
0.953213	0.896130	0.954363	0.896843
0.954363	0.896843	0.955081	0.897326
0.955081	0.897326	0.956158	0.898479
0.956158	0.898479	0.957036	0.899173
0.957036	0.899173	0.958074	0.900443
0.958074	0.900443	0.959167	0.901315
0.959167	0.901315	0.960123	0.902628
0.960123	0.902628	0.960855	0.903112
0.960855	0.903112	0.961392	0.904310
0.961392	0.904310	0.961917	0.905361
0.961917	0.905361	0.961955	0.905664
0.961955	0.905664	0.962935	0.907399
0.962935	0.907399	0.963648	0.907612
0.963648	0.907612	0.964492	0.908194
0.964492	0.908194	0.964942	0.909061
0.964942	0.909061	0.965932	0.910580
0.965932	0.910580	0.966367	0.911303
0.966367	0.911303	0.967284	0.912570
0.967284	0.912570	0.968380	0.913882
0.968380	0.913882	0.969140	0.915355
0.969140	0.915355	0.970000	0.915696
0.970000	0.915696	0.970747	0.916807
0.970747	0.916807	0.971492	0.918196
0.971492	0.918196	0.971876	0.918930
0.971876	0.918930	0.972602	0.919534
0.972602	0.919534	0.973005	0.919692
0.973005	0.919692	0.973151	0.920382
0.973151	0.920382	0.973365	0.920844
0.973365	0.920844	0.973751	0.921474
0.973751	0.921474	0.974040	0.920800
0.974040	0.920800	0.974686	0.921648
0.974686	0.921648	0.975239	0.922409
0.975239	0.922409	0.976029	0.924171
0.976029	0.924171	0.976871	0.924614
0.976871	0.924614	0.977461	0.925775
0.977461	0.925775	0.977868	0.925774
0.977868	0.925774	0.978528	0.926914
0.978528	0.926914	0.979103	0.927549
0.979103	0.927549	0.979587	0.928158
0.979587	0.928158	0.980037	0.929628
0.980037	0.929628	0.980421	0.929543
0.980421	0.929543	0.981083	0.930132
0.981083	0.930132	0.981704	0.930718
0.981704	0.930718	0.982409	0.930658
0.982409	0.930658	0.982949	0.930347
0.982949	0.930347	0.983397	0.930818
0.983397	0.930818	0.983718	0.931421
0.983718	0.931421	0.983998	0.931290
0.983998	0.931290	0.984300	0.931543
0.984300	0.931543	0.984542	0.931825
0.984542	0.931825	0.985115	0.932615
0.985115	0.932615	0.985465	0.932834
0.985465	0.932834	0.985654	0.933120
0.985654	0.933120	0.985854	0.933561
0.985854	0.933561	0.986110	0.933942
0.986110	0.933942	0.986293	0.933723
0.986293	0.933723	0.986674	0.934456
0.986674	0.934456	0.987065	0.934248
0.987065	0.934248	0.987564	0.935518
0.987564	0.935518	0.987838	0.935743
0.987838	0.935743	0.988029	0.935756
0.988029	0.935756	0.988500	0.936221
0.988500	0.936221	0.988624	0.936470
0.988624	0.936470	0.988880	0.936423
0.988880	0.936423	0.989105	0.936056
0.989105	0.936056	0.989572	0.936844
0.989572	0.936844	0.989861	0.936369
0.989861	0.936369	0.990042	0.936981
0.990042	0.936981	0.990342	0.937088
0.990342	0.937088	0.990739	0.937561
0.990739	0.937561	0.990812	0.937687
0.990812	0.937687	0.990908	0.937845
0.990908	0.937845	0.991294	0.938465
0.991294	0.938465	0.991646	0.938368
0.991646	0.938368	0.991852	0.938948
0.991852	0.938948	0.991919	0.938664
0.991919	0.938664	0.992163	0.939339
0.992163	0.939339	0.992337	0.939307
0.992337	0.939307	0.992686	0.938962
0.992686	0.938962	0.992954	0.939558
0.992954	0.939558	0.993001	0.939718
0.993001	0.939718	0.993275	0.939995
0.993275	0.939995	0.993421	0.940231
0.993421	0.940231	0.993631	0.941106
0.993631	0.941106	0.993646	0.941360
0.993646	0.941360	0.993953	0.941502
0.993953	0.941502	0.994199	0.941449
0.994199	0.941449	0.994310	0.941315
0.994310	0.941315	0.994474	0.941761
0.994474	0.941761	0.994660	0.942241
0.994660	0.942241	0.994931	0.942420
0.994931	0.942420	0.994999	0.943459
0.994999	0.943459	0.995104	0.943385
0.995104	0.943385	0.995359	0.943695
0.995359	0.943695	0.995475	0.942777
0.995475	0.942777	0.995762	0.943148
0.995762	0.943148	0.995970	0.942491
0.995970	0.942491	0.996146	0.942735
0.996146	0.942735	0.996381	0.942796
0.996381	0.942796	0.996439	0.942261
0.996439	0.942261	0.996643	0.942394
0.996643	0.942394	0.996657	0.942433
0.996657	0.942433	0.996677	0.942523
0.996677	0.942523	0.996796	0.942021
0.996796	0.942021	0.996863	0.941551
0.996863	0.941551	0.997097	0.941467
0.997097	0.941467	0.997252	0.940926
0.997252	0.940926	0.997127	0.940994
0.997127	0.940994	0.997222	0.940527
0.997222	0.940527	0.997393	0.940669
0.997393	0.940669	0.997491	0.941278
0.997491	0.941278	0.997574	0.941418
0.997574	0.941418	0.997698	0.941948
0.997698	0.941948	0.997780	0.942178
0.997780	0.942178	0.997721	0.943192
0.997721	0.943192	0.997781	0.943294
0.997781	0.943294	0.997956	0.943590
0.997956	0.943590	0.998081	0.943438
0.998081	0.943438	0.998209	0.943522
0.998209	0.943522	0.998342	0.943647
0.998342	0.943647	0.998397	0.942886
0.998397	0.942886	0.998439	0.942892
0.998439	0.942892	0.998564	0.942797
0.998564	0.942797	0.998625	0.943145
0.998625	0.943145	0.998661	0.943235
0.998661	0.943235	0.998713	0.942888
0.998713	0.942888	0.998742	0.942654
0.998742	0.942654	0.998811	0.943008
0.998811	0.943008	0.998894	0.943123
0.998894	0.943123	0.998946	0.943837
0.998946	0.943837	0.998915	0.944345
0.998915	0.944345	0.998950	0.943547
0.998950	0.943547	0.999057	0.943747
0.999057	0.943747	0.999152	0.943294
0.999152	0.943294	0.999186	0.943104
0.999186	0.943104	0.999216	0.943097
0.999216	0.943097	0.999142	0.942645
0.999142	0.942645	0.999217	0.942784
0.999217	0.942784	0.999201	0.942859
0.999201	0.942859	0.999256	0.942839
0.999256	0.942839	0.999328	0.943858
0.999328	0.943858	0.999350	0.944356
0.999350	0.944356	0.999374	0.945209
0.999374	0.945209	0.999457	0.944667
0.999457	0.944667	0.999526	0.945145
0.999526	0.945145	0.999511	0.945094
0.999511	0.945094	0.999574	0.945531
0.999574	0.945531	0.999637	0.945071
0.999637	0.945071	0.999732	0.944810
0.999732	0.944810	0.999743	0.944587
0.299866	0.799956	0.787010	0.810935
0.787010	0.810935	0.929615	0.828605
0.929615	0.828605	0.963512	0.841182
0.963512	0.841182	0.972879	0.847326
0.972879	0.847326	0.975648	0.852880
0.975648	0.852880	0.976459	0.855090
0.976459	0.855090	0.976961	0.858643
0.976961	0.858643	0.976935	0.861079
0.976935	0.861079	0.976966	0.863244
0.976966	0.863244	0.977013	0.865058
0.977013	0.865058	0.977307	0.866425
0.977307	0.866425	0.977618	0.867516
0.977618	0.867516	0.978582	0.868672
0.978582	0.868672	0.978734	0.869501
0.978734	0.869501	0.978943	0.870833
0.978943	0.870833	0.979115	0.872509
0.979115	0.872509	0.979394	0.873229
0.979394	0.873229	0.979388	0.874189
0.979388	0.874189	0.979587	0.875018
0.979587	0.875018	0.979776	0.876121
0.979776	0.876121	0.979652	0.876714
0.979652	0.876714	0.979221	0.876587
0.979221	0.876587	0.979444	0.877386
0.979444	0.877386	0.979445	0.878401
0.979445	0.878401	0.979745	0.879482
0.979745	0.879482	0.979838	0.880374
0.979838	0.880374	0.980367	0.881051
0.980367	0.881051	0.980641	0.881460
0.980641	0.881460	0.980804	0.881896
0.980804	0.881896	0.980758	0.882105
0.980758	0.882105	0.981426	0.881741
0.981426	0.881741	0.981458	0.882614
0.981458	0.882614	0.981756	0.881704
0.981756	0.881704	0.981730	0.882877
0.981730	0.882877	0.981850	0.882843
0.981850	0.882843	0.982244	0.884944
0.982244	0.884944	0.982555	0.886306
0.982555	0.886306	0.982677	0.886800
0.982677	0.886800	0.983046	0.885803
0.983046	0.885803	0.983273	0.886062
0.983273	0.886062	0.983751	0.886626
0.983751	0.886626	0.983864	0.886711
0.983864	0.886711	0.984052	0.886882
0.984052	0.886882	0.984315	0.887500
0.984315	0.887500	0.984565	0.888858
0.984565	0.888858	0.984855	0.888802
0.984855	0.888802	0.985216	0.890536
0.985216	0.890536	0.985234	0.890876
0.985234	0.890876	0.985575	0.890648
0.985575	0.890648	0.985885	0.891643
0.985885	0.891643	0.986069	0.892336
0.986069	0.892336	0.986461	0.892831
0.986461	0.892831	0.986586	0.892930
0.986586	0.892930	0.986594	0.892835
0.986594	0.892835	0.987038	0.893821
0.987038	0.893821	0.987335	0.894702
0.987335	0.894702	0.987401	0.895012
0.987401	0.895012	0.987725	0.895890
0.987725	0.895890	0.988181	0.897069
0.988181	0.897069	0.988449	0.897140
0.988449	0.897140	0.988487	0.897266
0.988487	0.897266	0.988480	0.897079
0.988480	0.897079	0.988723	0.896763
0.988723	0.896763	0.989099	0.897827
0.989099	0.897827	0.989149	0.898233
0.989149	0.898233	0.989329	0.898823
0.989329	0.898823	0.989454	0.898266
0.989454	0.898266	0.989398	0.898040
0.989398	0.898040	0.989355	0.897657
0.989355	0.897657	0.989467	0.898422
0.989467	0.898422	0.989666	0.897934
0.989666	0.897934	0.989738	0.898134
0.989738	0.898134	0.989724	0.898489
0.989724	0.898489	0.989702	0.898497
0.989702	0.898497	0.989731	0.898808
0.989731	0.898808	0.989715	0.899630
0.989715	0.899630	0.989649	0.899541
0.989649	0.899541	0.989461	0.899782
0.989461	0.899782	0.989479	0.900369
0.989479	0.900369	0.989693	0.900853
0.989693	0.900853	0.989599	0.900437
0.989599	0.900437	0.989602	0.900573
0.989602	0.900573	0.989600	0.901526
0.989600	0.901526	0.989740	0.902022
0.989740	0.902022	0.989693	0.901970
0.989693	0.901970	0.989540	0.902095
0.989540	0.902095	0.989411	0.902552
0.989411	0.902552	0.989391	0.903175
0.989391	0.903175	0.989428	0.903884
0.989428	0.903884	0.989559	0.903406
0.989559	0.903406	0.989440	0.904305
0.989440	0.904305	0.989490	0.904923
0.989490	0.904923	0.989605	0.905921
0.989605	0.905921	0.989741	0.905680
0.989741	0.905680	0.989837	0.905668
0.989837	0.905668	0.989926	0.905752
0.989926	0.905752	0.990158	0.904999
0.990158	0.904999	0.990246	0.905888
0.990246	0.905888	0.990418	0.907052
0.990418	0.907052	0.990493	0.906580
0.990493	0.906580	0.990585	0.906660
0.990585	0.906660	0.990782	0.907183
0.990782	0.907183	0.990952	0.907699
0.990952	0.907699	0.991099	0.908761
0.991099	0.908761	0.991290	0.908610
0.991290	0.908610	0.991402	0.908355
0.991402	0.908355	0.991595	0.908473
0.991595	0.908473	0.991576	0.908415
0.991576	0.908415	0.991588	0.909181
0.991588	0.909181	0.991676	0.909055
0.991676	0.909055	0.991606	0.908789
0.991606	0.908789	0.991697	0.908329
0.991697	0.908329	0.991940	0.908735
0.991940	0.908735	0.991992	0.908876
0.991992	0.908876	0.992037	0.909628
0.992037	0.909628	0.992113	0.909920
0.992113	0.909920	0.992205	0.910098
0.992205	0.910098	0.992189	0.910659
0.992189	0.910659	0.992247	0.911615
0.992247	0.911615	0.992332	0.912813
0.992332	0.912813	0.992296	0.913009
0.992296	0.913009	0.992239	0.912845
0.992239	0.912845	0.992313	0.912954
0.992313	0.912954	0.992410	0.913055
0.992410	0.913055	0.992540	0.913207
0.992540	0.913207	0.992690	0.913570
0.992690	0.913570	0.992756	0.913412
0.992756	0.913412	0.992721	0.913365
0.992721	0.913365	0.992918	0.913063
0.992918	0.913063	0.993079	0.912771
0.993079	0.912771	0.993179	0.912267
0.993179	0.912267	0.993152	0.912858
0.993152	0.912858	0.993184	0.912996
0.993184	0.912996	0.993301	0.913145
0.993301	0.913145	0.993348	0.913501
0.993348	0.913501	0.993267	0.913380
0.993267	0.913380	0.993403	0.913297
0.993403	0.913297	0.993425	0.913976
0.993425	0.913976	0.993406	0.913751
0.993406	0.913751	0.993411	0.913830
0.993411	0.913830	0.993516	0.914455
0.993516	0.914455	0.993568	0.914373
0.993568	0.914373	0.993713	0.914691
0.993713	0.914691	0.993767	0.915079
0.993767	0.915079	0.993928	0.915504
0.993928	0.915504	0.994059	0.915905
0.994059	0.915905	0.994065	0.916286
0.994065	0.916286	0.994159	0.915892
0.994159	0.915892	0.994271	0.915708
0.994271	0.915708	0.994270	0.915608
0.994270	0.915608	0.994377	0.916498
0.994377	0.916498	0.994550	0.917727
0.994550	0.917727	0.994614	0.918430
0.994614	0.918430	0.994698	0.918465
0.994698	0.918465	0.994750	0.917702
0.994750	0.917702	0.994676	0.918095
0.994676	0.918095	0.994738	0.918866
0.994738	0.918866	0.994713	0.919302
0.994713	0.919302	0.994899	0.919694
0.994899	0.919694	0.994910	0.919104
0.994910	0.919104	0.995010	0.918363
0.995010	0.918363	0.995035	0.917630
0.995035	0.917630	0.995016	0.918001
0.995016	0.918001	0.995183	0.918894
0.995183	0.918894	0.995270	0.918690
0.995270	0.918690	0.995268	0.918494
0.995268	0.918494	0.995388	0.917789
0.995388	0.917789	0.995493	0.918573
0.995493	0.918573	0.995645	0.918808
0.995645	0.918808	0.995747	0.920186
0.995747	0.920186	0.995838	0.920293
0.995838	0.920293	0.995859	0.920507
0.995859	0.920507	0.995910	0.920721
0.995910	0.920721	0.996010	0.920568
0.996010	0.920568	0.996088	0.920672
0.996088	0.920672	0.996135	0.921327
0.996135	0.921327	0.996190	0.921404
0.996190	0.921404	0.996233	0.921825
0.996233	0.921825	0.996332	0.922592
0.996332	0.922592	0.996477	0.922285
0.996477	0.922285	0.996402	0.922501
0.996402	0.922501	0.996432	0.922875
0.996432	0.922875	0.996440	0.922908
0.996440	0.922908	0.996516	0.922962
0.996516	0.922962	0.996548	0.923263
0.996548	0.923263	0.996577	0.923525
0.996577	0.923525	0.996651	0.923526
0.996651	0.923526	0.996629	0.922559
0.996629	0.922559	0.996659	0.922895
0.996659	0.922895	0.996770	0.922403
0.996770	0.922403	0.996824	0.921361
0.996824	0.921361	0.996895	0.921447
0.996895	0.921447	0.996913	0.921620
0.996913	0.921620	0.997024	0.921375
0.997024	0.921375	0.997033	0.921361
0.997033	0.921361	0.997075	0.920824
0.997075	0.920824	0.997080	0.920589
0.997080	0.920589	0.997100	0.920108
0.997100	0.920108	0.997079	0.920390
0.300021	0.899712	0.854891	0.906712
0.854891	0.906712	0.972506	0.916437
0.972506	0.916437	0.992011	0.921529
0.992011	0.921529	0.996004	0.923363
0.996004	0.923363	0.997211	0.924264
0.997211	0.924264	0.997723	0.925152
0.997723	0.925152	0.997877	0.925674
0.997877	0.925674	0.998109	0.926689
0.998109	0.926689	0.998128	0.926756
0.998128	0.926756	0.998244	0.926619
0.998244	0.926619	0.998385	0.927192
0.998385	0.927192	0.998438	0.927471
0.998438	0.927471	0.998530	0.927683
0.998530	0.927683	0.998773	0.927040
0.998773	0.927040	0.998822	0.926529
0.998822	0.926529	0.998840	0.926275
0.998840	0.926275	0.998896	0.925966
0.998896	0.925966	0.999040	0.924802
0.999040	0.924802	0.999124	0.923997
0.999124	0.923997	0.999178	0.923179
0.999178	0.923179	0.999273	0.924164
0.999273	0.924164	0.999244	0.924181
0.999244	0.924181	0.999256	0.924706
0.999256	0.924706	0.999255	0.924306
0.999255	0.924306	0.999224	0.925467
0.999224	0.925467	0.999213	0.925341
0.999213	0.925341	0.999234	0.925042
0.999234	0.925042	0.999332	0.924353
0.999332	0.924353	0.999363	0.924659
0.999363	0.924659	0.999383	0.923536
0.999383	0.923536	0.999383	0.924244
0.999383	0.924244	0.999331	0.923288
0.999331	0.923288	0.999343	0.923963
0.999343	0.923963	0.999384	0.923463
0.999384	0.923463	0.999426	0.922769
0.999426	0.922769	0.999442	0.921956
0.999442	0.921956	0.999433	0.922113
0.999433	0.922113	0.999436	0.921554
0.999436	0.921554	0.999476	0.921150
0.999476	0.921150	0.999469	0.921357
0.999469	0.921357	0.999450	0.921576
0.999450	0.921576	0.999416	0.921838
0.999416	0.921838	0.999455	0.921001
0.999455	0.921001	0.999498	0.921303
0.999498	0.921303	0.999500	0.920024
0.999500	0.920024	0.999510	0.919381
0.999510	0.919381	0.999521	0.918427
0.999521	0.918427	0.999504	0.918194
0.999504	0.918194	0.999557	0.918926
0.999557	0.918926	0.999576	0.919246
0.999576	0.919246	0.999570	0.918985
0.999570	0.918985	0.999554	0.918136
0.999554	0.918136	0.999529	0.918611
0.999529	0.918611	0.999522	0.918363
0.999522	0.918363	0.999514	0.919492
0.999514	0.919492	0.999532	0.919478
0.999532	0.919478	0.999561	0.919410
0.999561	0.919410	0.999602	0.919751
0.999602	0.919751	0.999591	0.919407
0.999591	0.919407	0.999601	0.919919
0.999601	0.919919	0.999595	0.919753
0.999595	0.919753	0.999579	0.919954
0.999579	0.919954	0.999556	0.919796
0.999556	0.919796	0.999518	0.918696
0.999518	0.918696	0.999513	0.918755
0.999513	0.918755	0.999500	0.918757
0.999500	0.918757	0.999509	0.918450
0.999509	0.918450	0.999537	0.919096
0.999537	0.919096	0.999558	0.918818
0.999558	0.918818	0.999545	0.919702
0.999545	0.919702	0.999589	0.920405
0.999589	0.920405	0.999610	0.920463
0.999610	0.920463	0.999596	0.920231
0.999596	0.920231	0.999602	0.920297
0.999602	0.920297	0.999619	0.920038
0.999619	0.920038	0.999633	0.919924
0.999633	0.919924	0.999655	0.919721
0.999655	0.919721	0.999675	0.919961
0.999675	0.919961	0.999640	0.920074
0.999640	0.920074	0.999657	0.920504
0.999657	0.920504	0.999655	0.921570
0.999655	0.921570	0.999711	0.922253
0.999711	0.922253	0.999723	0.923090
0.999723	0.923090	0.999729	0.923677
0.999729	0.923677	0.999738	0.923951
0.999738	0.923951	0.999759	0.923612
0.999759	0.923612	0.999765	0.923447
0.999765	0.923447	0.999797	0.923350
0.999797	0.923350	0.999802	0.923395
0.999802	0.923395	0.999833	0.924251
0.999833	0.924251	0.999872	0.924474
0.999872	0.924474	0.999880	0.924643
0.999880	0.924643	0.999887	0.925607
0.999887	0.925607	0.999922	0.925414
0.999922	0.925414	0.999927	0.925554
0.999927	0.925554	0.999917	0.925476
0.999917	0.925476	0.999943	0.925194
0.999943	0.925194	0.999946	0.925234
0.999946	0.925234	0.999943	0.925058
0.999943	0.925058	0.999973	0.925758
0.999973	0.925758	0.999992	0.924842
0.999992	0.924842	0.999991	0.925359
0.999991	0.925359	0.999991	0.925336
0.999991	0.925336	1.000000	0.925567
1.000000	0.925567	1.000000	0.925574
1.000000	0.925574	1.000000	0.925041
1.000000	0.925041	1.000000	0.925709
1.000000	0.925709	1.000000	0.925605
1.000000	0.925605	1.000000	0.924777
1.000000	0.924777	1.000000	0.924717
1.000000	0.924717	1.000000	0.924634
1.000000	0.924634	1.000000	0.924086
1.000000	0.924086	1.000000	0.924376
1.000000	0.924376	1.000000	0.925033
1.000000	0.925033	1.000000	0.925806
1.000000	0.925806	1.000000	0.926283
1.000000	0.926283	1.000000	0.927252
1.000000	0.927252	1.000000	0.926499
1.000000	0.926499	1.000000	0.927825
1.000000	0.927825	1.000000	0.927710
1.000000	0.927710	1.000000	0.928081
1.000000	0.928081	1.000000	0.927524
1.000000	0.927524	1.000000	0.927815
1.000000	0.927815	1.000000	0.927162
1.000000	0.927162	1.000000	0.926806
1.000000	0.926806	1.000000	0.926579
1.000000	0.926579	1.000000	0.926275
1.000000	0.926275	1.000000	0.926444
1.000000	0.926444	1.000000	0.925491
1.000000	0.925491	1.000000	0.926121
1.000000	0.926121	1.000000	0.927230
1.000000	0.927230	1.000000	0.928015
1.000000	0.928015	1.000000	0.928472
1.000000	0.928472	1.000000	0.928016
1.000000	0.928016	1.000000	0.928184
1.000000	0.928184	1.000000	0.927909
1.000000	0.927909	1.000000	0.928143
1.000000	0.928143	1.000000	0.928864
1.000000	0.928864	1.000000	0.928453
1.000000	0.928453	1.000000	0.928108
1.000000	0.928108	1.000000	0.928382
1.000000	0.928382	1.000000	0.929016
1.000000	0.929016	1.000000	0.928967
1.000000	0.928967	1.000000	0.928010
1.000000	0.928010	1.000000	0.927957
1.000000	0.927957	1.000000	0.927421
1.000000	0.927421	1.000000	0.926483
1.000000	0.926483	1.000000	0.927695
1.000000	0.927695	1.000000	0.927958
1.000000	0.927958	1.000000	0.928046
1.000000	0.928046	1.000000	0.928199
1.000000	0.928199	1.000000	0.927954
1.000000	0.927954	1.000000	0.928028
1.000000	0.928028	1.000000	0.927372
1.000000	0.927372	1.000000	0.927733
1.000000	0.927733	1.000000	0.928362
1.000000	0.928362	1.000000	0.928573
1.000000	0.928573	1.000000	0.927591
1.000000	0.927591	1.000000	0.927693
1.000000	0.927693	1.000000	0.927347
1.000000	0.927347	1.000000	0.927285
1.000000	0.927285	1.000000	0.926749
1.000000	0.926749	1.000000	0.926441
1.000000	0.926441	1.000000	0.927141
1.000000	0.927141	1.000000	0.926534
1.000000	0.926534	1.000000	0.926230
1.000000	0.926230	1.000000	0.926301
1.000000	0.926301	1.000000	0.925538
1.000000	0.925538	1.000000	0.925384
1.000000	0.925384	1.000000	0.925601
1.000000	0.925601	1.000000	0.925549
1.000000	0.925549	1.000000	0.925891
1.000000	0.925891	1.000000	0.925581
1.000000	0.925581	1.000000	0.925637
1.000000	0.925637	1.000000	0.926454
1.000000	0.926454	1.000000	0.925779
1.000000	0.925779	1.000000	0.926454
1.000000	0.926454	1.000000	0.927310
1.000000	0.927310	1.000000	0.927945
1.000000	0.927945	1.000000	0.928317
1.000000	0.928317	1.000000	0.927768
1.000000	0.927768	1.000000	0.928514
1.000000	0.928514	1.000000	0.929173
1.000000	0.929173	1.000000	0.928846
1.000000	0.928846	1.000000	0.928771
1.000000	0.928771	1.000000	0.929370
1.000000	0.929370	1.000000	0.928836
1.000000	0.928836	1.000000	0.928512
1.000000	0.928512	1.000000	0.927922
1.000000	0.927922	1.000000	0.927638
1.000000	0.927638	1.000000	0.927663
1.000000	0.927663	1.000000	0.928564
1.000000	0.928564	1.000000	0.929109
1.000000	0.929109	1.000000	0.929504
1.000000	0.929504	1.000000	0.929551
1.000000	0.929551	1.000000	0.930011
1.000000	0.930011	1.000000	0.929729
1.000000	0.929729	1.000000	0.930060
1.000000	0.930060	1.000000	0.929998
