0.350419	0.449089	0.119970	0.438543
0.119970	0.438543	0.053132	0.412920
0.053132	0.412920	0.027316	0.384723
0.027316	0.384723	0.015576	0.348329
0.015576	0.348329	0.009186	0.305287
0.009186	0.305287	0.005398	0.253999
0.005398	0.253999	0.003379	0.200210
0.003379	0.200210	0.001980	0.148956
0.001980	0.148956	0.000974	0.106085
0.000974	0.106085	0.000490	0.072976
0.000490	0.072976	0.000139	0.049606
0.000139	0.049606	0.000023	0.035406
0.000023	0.035406	0.000000	0.027513
0.000000	0.027513	0.000000	0.023525
0.000000	0.023525	0.000000	0.021807
0.000000	0.021807	0.000000	0.020929
0.000000	0.020929	0.000000	0.020884
0.000000	0.020884	0.000000	0.020945
0.000000	0.020945	0.000000	0.020448
0.000000	0.020448	0.000000	0.020168
0.000000	0.020168	0.000000	0.019978
0.000000	0.019978	0.000000	0.020079
0.000000	0.020079	0.000000	0.020749
0.000000	0.020749	0.000000	0.020186
0.000000	0.020186	0.000000	0.020227
0.000000	0.020227	0.000000	0.020104
0.000000	0.020104	0.000000	0.020752
0.000000	0.020752	0.000000	0.020592
0.000000	0.020592	0.000000	0.020830
0.000000	0.020830	0.000000	0.021300
0.000000	0.021300	0.000000	0.020950
0.000000	0.020950	0.000000	0.020523
0.000000	0.020523	0.000000	0.020224
0.000000	0.020224	0.000000	0.020240
0.000000	0.020240	0.000000	0.020473
0.000000	0.020473	0.000000	0.020513
0.000000	0.020513	0.000000	0.020455
0.000000	0.020455	0.000000	0.020683
0.000000	0.020683	0.000000	0.021116
0.000000	0.021116	0.000000	0.021140
0.000000	0.021140	0.000000	0.021203
0.000000	0.021203	0.000000	0.021041
0.000000	0.021041	0.000000	0.020878
0.000000	0.020878	0.000000	0.020608
0.000000	0.020608	0.000000	0.020454
0.000000	0.020454	0.000000	0.021126
0.000000	0.021126	0.000000	0.021064
0.000000	0.021064	0.000000	0.020322
0.000000	0.020322	0.000000	0.019981
0.000000	0.019981	0.000000	0.020117
0.000000	0.020117	0.000000	0.019456
0.000000	0.019456	0.000000	0.020150
0.000000	0.020150	0.000000	0.020095
0.000000	0.020095	0.000000	0.019799
0.000000	0.019799	0.000000	0.020467
0.000000	0.020467	0.000000	0.020288
0.000000	0.020288	0.000000	0.020003
0.000000	0.020003	0.000000	0.020343
0.000000	0.020343	0.000000	0.020535
0.000000	0.020535	0.000000	0.020356
0.000000	0.020356	0.000000	0.020452
0.000000	0.020452	0.000000	0.020383
0.000000	0.020383	0.000000	0.020819
0.000000	0.020819	0.000000	0.020931
0.000000	0.020931	0.000000	0.020742
0.000000	0.020742	0.000000	0.020789
0.000000	0.020789	0.000000	0.020229
0.000000	0.020229	0.000000	0.020212
0.000000	0.020212	0.000000	0.020332
0.000000	0.020332	0.000000	0.020768
0.000000	0.020768	0.000000	0.020759
0.000000	0.020759	0.000000	0.021170
0.000000	0.021170	0.000000	0.021314
0.000000	0.021314	0.000000	0.021405
0.000000	0.021405	0.000000	0.021777
0.000000	0.021777	0.000000	0.021869
0.000000	0.021869	0.000000	0.021948
0.000000	0.021948	0.000000	0.022285
0.000000	0.022285	0.000000	0.021844
0.000000	0.021844	0.000000	0.021802
0.000000	0.021802	0.000000	0.021761
0.000000	0.021761	0.000000	0.021721
0.000000	0.021721	0.000000	0.021437
0.000000	0.021437	0.000000	0.021881
0.000000	0.021881	0.000000	0.021909
0.000000	0.021909	0.000000	0.021773
0.000000	0.021773	0.000000	0.021555
0.000000	0.021555	0.000000	0.021285
0.000000	0.021285	0.000000	0.021809
0.000000	0.021809	0.000000	0.021974
0.000000	0.021974	0.000000	0.021415
0.000000	0.021415	0.000000	0.021323
0.000000	0.021323	0.000000	0.021699
0.000000	0.021699	0.000000	0.021880
0.000000	0.021880	0.000000	0.022080
0.000000	0.022080	0.000000	0.022285
0.000000	0.022285	0.000000	0.022150
0.000000	0.022150	0.000000	0.022706
0.000000	0.022706	0.000000	0.022402
0.000000	0.022402	0.000000	0.022537
0.000000	0.022537	0.000000	0.022702
0.000000	0.022702	0.000000	0.022478
0.000000	0.022478	0.000000	0.022258
0.000000	0.022258	0.000000	0.021898
0.000000	0.021898	0.000000	0.021929
0.000000	0.021929	0.000000	0.021164
0.000000	0.021164	0.000000	0.020346
0.000000	0.020346	0.000000	0.020158
0.000000	0.020158	0.000000	0.020299
0.000000	0.020299	0.000000	0.020365
0.000000	0.020365	0.000000	0.020440
0.000000	0.020440	0.000000	0.020767
0.000000	0.020767	0.000000	0.020533
0.000000	0.020533	0.000000	0.020184
0.000000	0.020184	0.000000	0.020117
0.000000	0.020117	0.000000	0.019799
0.000000	0.019799	0.000000	0.019889
0.000000	0.019889	0.000000	0.020182
0.000000	0.020182	0.000000	0.020279
0.000000	0.020279	0.000000	0.019901
0.000000	0.019901	0.000000	0.019920
0.000000	0.019920	0.000000	0.019781
0.000000	0.019781	0.000000	0.019737
0.000000	0.019737	0.000000	0.019606
0.000000	0.019606	0.000000	0.019877
0.000000	0.019877	0.000000	0.020312
0.000000	0.020312	0.000000	0.020364
0.000000	0.020364	0.000000	0.020404
0.000000	0.020404	0.000000	0.020282
0.000000	0.020282	0.000000	0.020245
0.000000	0.020245	0.000000	0.020159
0.000000	0.020159	0.000000	0.020088
0.000000	0.020088	0.000000	0.020218
0.000000	0.020218	0.000000	0.020228
0.000000	0.020228	0.000000	0.020386
0.000000	0.020386	0.000000	0.020277
0.000000	0.020277	0.000000	0.020655
0.000000	0.020655	0.000000	0.020693
0.000000	0.020693	0.000000	0.020521
0.000000	0.020521	0.000000	0.020671
0.000000	0.020671	0.000000	0.020692
0.000000	0.020692	0.000000	0.021075
0.000000	0.021075	0.000000	0.020871
0.000000	0.020871	0.000000	0.020683
0.000000	0.020683	0.000000	0.020790
0.000000	0.020790	0.000000	0.020969
0.000000	0.020969	0.000000	0.021237
0.000000	0.021237	0.000000	0.021067
0.000000	0.021067	0.000000	0.021247
0.000000	0.021247	0.000000	0.020667
0.000000	0.020667	0.000000	0.020670
0.000000	0.020670	0.000000	0.020093
0.000000	0.020093	0.000000	0.019812
0.000000	0.019812	0.000000	0.019949
0.000000	0.019949	0.000000	0.019910
0.000000	0.019910	0.000000	0.020129
0.000000	0.020129	0.000000	0.020323
0.000000	0.020323	0.000000	0.020491
0.000000	0.020491	0.000000	0.020535
0.000000	0.020535	0.000000	0.020760
0.000000	0.020760	0.000000	0.020577
0.000000	0.020577	0.000000	0.020618
0.000000	0.020618	0.000000	0.020379
0.000000	0.020379	0.000000	0.020239
0.000000	0.020239	0.000000	0.020306
0.000000	0.020306	0.000000	0.020083
0.000000	0.020083	0.000000	0.020250
0.000000	0.020250	0.000000	0.020262
0.000000	0.020262	0.000000	0.020086
0.000000	0.020086	0.000000	0.019872
0.000000	0.019872	0.000000	0.020068
0.000000	0.020068	0.000000	0.020079
0.000000	0.020079	0.000000	0.019762
0.000000	0.019762	0.000000	0.019581
0.000000	0.019581	0.000000	0.019733
0.000000	0.019733	0.000000	0.019718
0.000000	0.019718	0.000000	0.019686
0.000000	0.019686	0.000000	0.019365
0.000000	0.019365	0.000000	0.019378
0.000000	0.019378	0.000000	0.019198
0.000000	0.019198	0.000000	0.019144
0.000000	0.019144	0.000000	0.018929
0.000000	0.018929	0.000000	0.018968
0.000000	0.018968	0.000000	0.019021
0.000000	0.019021	0.000000	0.018909
0.000000	0.018909	0.000000	0.019042
0.000000	0.019042	0.000000	0.018839
0.000000	0.018839	0.000000	0.018681
0.000000	0.018681	0.000000	0.018244
0.000000	0.018244	0.000000	0.018204
0.000000	0.018204	0.000000	0.018188
0.000000	0.018188	0.000000	0.017997
0.000000	0.017997	0.000000	0.017833
0.000000	0.017833	0.000000	0.018170
0.000000	0.018170	0.000000	0.018227
0.000000	0.018227	0.000000	0.018115
0.000000	0.018115	0.000000	0.018281
0.000000	0.018281	0.000000	0.018303
0.000000	0.018303	0.000000	0.018387
0.349499	0.400490	0.087947	0.386213
0.087947	0.386213	0.031981	0.358256
0.031981	0.358256	0.014649	0.325232
0.014649	0.325232	0.007654	0.285798
0.007654	0.285798	0.003803	0.242412
0.003803	0.242412	0.002020	0.195312
0.002020	0.195312	0.000855	0.151942
0.000855	0.151942	0.000295	0.115525
0.000295	0.115525	0.000075	0.088368
0.000075	0.088368	0.000017	0.071779
0.000017	0.071779	0.000005	0.062723
0.000005	0.062723	0.000005	0.058098
0.000005	0.058098	0.000000	0.055316
0.000000	0.055316	0.000000	0.054186
0.000000	0.054186	0.000000	0.054156
0.000000	0.054156	0.000000	0.054741
0.000000	0.054741	0.000000	0.054892
0.000000	0.054892	0.000000	0.054558
0.000000	0.054558	0.000000	0.054308
0.000000	0.054308	0.000000	0.054778
0.000000	0.054778	0.000000	0.054281
0.000000	0.054281	0.000000	0.053609
0.000000	0.053609	0.000000	0.052904
0.000000	0.052904	0.000000	0.053387
0.000000	0.053387	0.000000	0.053250
0.000000	0.053250	0.000000	0.053258
0.000000	0.053258	0.000000	0.052263
0.000000	0.052263	0.000000	0.051712
0.000000	0.051712	0.000000	0.051135
0.000000	0.051135	0.000000	0.050639
0.000000	0.050639	0.000000	0.050980
0.000000	0.050980	0.000000	0.050722
0.000000	0.050722	0.000000	0.050475
0.000000	0.050475	0.000000	0.050217
0.000000	0.050217	0.000000	0.049803
0.000000	0.049803	0.000000	0.050152
0.000000	0.050152	0.000000	0.050407
0.000000	0.050407	0.000000	0.050283
0.000000	0.050283	0.000000	0.050420
0.000000	0.050420	0.000000	0.050296
0.000000	0.050296	0.000000	0.050384
0.000000	0.050384	0.000000	0.049690
0.000000	0.049690	0.000000	0.050418
0.000000	0.050418	0.000000	0.049995
0.000000	0.049995	0.000000	0.049835
0.000000	0.049835	0.000000	0.049565
0.000000	0.049565	0.000000	0.049760
0.000000	0.049760	0.000000	0.050168
0.000000	0.050168	0.000000	0.049973
0.000000	0.049973	0.000000	0.049954
0.000000	0.049954	0.000000	0.050791
0.000000	0.050791	0.000000	0.050467
0.000000	0.050467	0.000000	0.050475
0.000000	0.050475	0.000000	0.050515
0.000000	0.050515	0.000000	0.050039
0.000000	0.050039	0.000000	0.050362
0.000000	0.050362	0.000000	0.050218
0.000000	0.050218	0.000000	0.050471
0.000000	0.050471	0.000000	0.050181
0.000000	0.050181	0.000000	0.050344
0.000000	0.050344	0.000000	0.050091
0.000000	0.050091	0.000000	0.049687
0.000000	0.049687	0.000000	0.049393
0.000000	0.049393	0.000000	0.049459
0.000000	0.049459	0.000000	0.049898
0.000000	0.049898	0.000000	0.049461
0.000000	0.049461	0.000000	0.049878
0.000000	0.049878	0.000000	0.049842
0.000000	0.049842	0.000000	0.050210
0.000000	0.050210	0.000000	0.050617
0.000000	0.050617	0.000000	0.051115
0.000000	0.051115	0.000000	0.050808
0.000000	0.050808	0.000000	0.051391
0.000000	0.051391	0.000000	0.051162
0.000000	0.051162	0.000000	0.051078
0.000000	0.051078	0.000000	0.051920
0.000000	0.051920	0.000000	0.051881
0.000000	0.051881	0.000000	0.052340
0.000000	0.052340	0.000000	0.052430
0.000000	0.052430	0.000000	0.052425
0.000000	0.052425	0.000000	0.051869
0.000000	0.051869	0.000000	0.052373
0.000000	0.052373	0.000000	0.052481
0.000000	0.052481	0.000000	0.051819
0.000000	0.051819	0.000000	0.051822
0.000000	0.051822	0.000000	0.051551
0.000000	0.051551	0.000000	0.050823
0.000000	0.050823	0.000000	0.050393
0.000000	0.050393	0.000000	0.050030
0.000000	0.050030	0.000000	0.049959
0.000000	0.049959	0.000000	0.050471
0.000000	0.050471	0.000000	0.050583
0.000000	0.050583	0.000000	0.051104
0.000000	0.051104	0.000000	0.051846
0.000000	0.051846	0.000000	0.051780
0.000000	0.051780	0.000000	0.051684
0.000000	0.051684	0.000000	0.051140
0.000000	0.051140	0.000000	0.051261
0.000000	0.051261	0.000000	0.051202
0.000000	0.051202	0.000000	0.051262
0.000000	0.051262	0.000000	0.051089
0.000000	0.051089	0.000000	0.050461
0.000000	0.050461	0.000000	0.050158
0.000000	0.050158	0.000000	0.050342
0.000000	0.050342	0.000000	0.050218
0.000000	0.050218	0.000000	0.050626
0.000000	0.050626	0.000000	0.051075
0.000000	0.051075	0.000000	0.050364
0.000000	0.050364	0.000000	0.050693
0.000000	0.050693	0.000000	0.050746
0.000000	0.050746	0.000000	0.050051
0.000000	0.050051	0.000000	0.049652
0.000000	0.049652	0.000000	0.050003
0.000000	0.050003	0.000000	0.050127
0.000000	0.050127	0.000000	0.051211
0.000000	0.051211	0.000000	0.050413
0.000000	0.050413	0.000000	0.050660
0.000000	0.050660	0.000000	0.050648
0.000000	0.050648	0.000000	0.050450
0.000000	0.050450	0.000000	0.050116
0.000000	0.050116	0.000000	0.051054
0.000000	0.051054	0.000000	0.051058
0.000000	0.051058	0.000000	0.051213
0.000000	0.051213	0.000000	0.051652
0.000000	0.051652	0.000000	0.051509
0.000000	0.051509	0.000000	0.051349
0.000000	0.051349	0.000000	0.050590
0.000000	0.050590	0.000000	0.050815
0.000000	0.050815	0.000000	0.050130
0.000000	0.050130	0.000000	0.050262
0.000000	0.050262	0.000000	0.051151
0.000000	0.051151	0.000000	0.051454
0.000000	0.051454	0.000000	0.050780
0.000000	0.050780	0.000000	0.050852
0.000000	0.050852	0.000000	0.050770
0.000000	0.050770	0.000000	0.050658
0.000000	0.050658	0.000000	0.051277
0.000000	0.051277	0.000000	0.051339
0.000000	0.051339	0.000000	0.050935
0.000000	0.050935	0.000000	0.051293
0.000000	0.051293	0.000000	0.050295
0.000000	0.050295	0.000000	0.050237
0.000000	0.050237	0.000000	0.050348
0.000000	0.050348	0.000000	0.050336
0.000000	0.050336	0.000000	0.050533
0.000000	0.050533	0.000000	0.051076
0.000000	0.051076	0.000000	0.051168
0.000000	0.051168	0.000000	0.051605
0.000000	0.051605	0.000000	0.050981
0.000000	0.050981	0.000000	0.051462
0.000000	0.051462	0.000000	0.051788
0.000000	0.051788	0.000000	0.051867
0.000000	0.051867	0.000000	0.051590
0.000000	0.051590	0.000000	0.050130
0.000000	0.050130	0.000000	0.050119
0.000000	0.050119	0.000000	0.050080
0.000000	0.050080	0.000000	0.050165
0.000000	0.050165	0.000000	0.050198
0.000000	0.050198	0.000000	0.050213
0.000000	0.050213	0.000000	0.050394
0.000000	0.050394	0.000000	0.050050
0.000000	0.050050	0.000000	0.049399
0.000000	0.049399	0.000000	0.049935
0.000000	0.049935	0.000000	0.049890
0.000000	0.049890	0.000000	0.049927
0.000000	0.049927	0.000000	0.049378
0.000000	0.049378	0.000000	0.049020
0.000000	0.049020	0.000000	0.049322
0.000000	0.049322	0.000000	0.049467
0.000000	0.049467	0.000000	0.049838
0.000000	0.049838	0.000000	0.049693
0.000000	0.049693	0.000000	0.050104
0.000000	0.050104	0.000000	0.049596
0.000000	0.049596	0.000000	0.049706
0.000000	0.049706	0.000000	0.048825
0.000000	0.048825	0.000000	0.049466
0.000000	0.049466	0.000000	0.049043
0.000000	0.049043	0.000000	0.049335
0.000000	0.049335	0.000000	0.049103
0.000000	0.049103	0.000000	0.048850
0.000000	0.048850	0.000000	0.049005
0.000000	0.049005	0.000000	0.048700
0.000000	0.048700	0.000000	0.048422
0.000000	0.048422	0.000000	0.048609
0.000000	0.048609	0.000000	0.048442
0.000000	0.048442	0.000000	0.048667
0.000000	0.048667	0.000000	0.048512
0.000000	0.048512	0.000000	0.048540
0.000000	0.048540	0.000000	0.048765
0.000000	0.048765	0.000000	0.048503
0.000000	0.048503	0.000000	0.048209
0.000000	0.048209	0.000000	0.047905
0.000000	0.047905	0.000000	0.048036
0.000000	0.048036	0.000000	0.047575
0.000000	0.047575	0.000000	0.047064
0.000000	0.047064	0.000000	0.046532
0.000000	0.046532	0.000000	0.046307
0.000000	0.046307	0.000000	0.046377
0.000000	0.046377	0.000000	0.046108
0.350457	0.349993	0.059513	0.336107
0.059513	0.336107	0.017914	0.308630
0.017914	0.308630	0.007368	0.278347
0.007368	0.278347	0.003616	0.247752
0.003616	0.247752	0.001733	0.215962
0.001733	0.215962	0.000798	0.183441
0.000798	0.183441	0.000309	0.156399
0.000309	0.156399	0.000154	0.134409
0.000154	0.134409	0.000040	0.119137
0.000040	0.119137	0.000037	0.107743
0.000037	0.107743	0.000005	0.099799
0.000005	0.099799	0.000000	0.094937
0.000000	0.094937	0.000000	0.091240
0.000000	0.091240	0.000000	0.088682
0.000000	0.088682	0.000000	0.087613
0.000000	0.087613	0.000000	0.086192
0.000000	0.086192	0.000000	0.085859
0.000000	0.085859	0.000000	0.085905
0.000000	0.085905	0.000000	0.085788
0.000000	0.085788	0.000000	0.085436
0.000000	0.085436	0.000000	0.085387
0.000000	0.085387	0.000000	0.084964
0.000000	0.084964	0.000000	0.083266
0.000000	0.083266	0.000000	0.083043
0.000000	0.083043	0.000000	0.083855
0.000000	0.083855	0.000000	0.083417
0.000000	0.083417	0.000000	0.083543
0.000000	0.083543	0.000000	0.083146
0.000000	0.083146	0.000000	0.083039
0.000000	0.083039	0.000000	0.082499
0.000000	0.082499	0.000000	0.082859
0.000000	0.082859	0.000000	0.082119
0.000000	0.082119	0.000000	0.083534
0.000000	0.083534	0.000000	0.084517
0.000000	0.084517	0.000000	0.083972
0.000000	0.083972	0.000000	0.083916
0.000000	0.083916	0.000000	0.084112
0.000000	0.084112	0.000000	0.083197
0.000000	0.083197	0.000000	0.083160
0.000000	0.083160	0.000000	0.082485
0.000000	0.082485	0.000000	0.082248
0.000000	0.082248	0.000000	0.082237
0.000000	0.082237	0.000000	0.081694
0.000000	0.081694	0.000000	0.082152
0.000000	0.082152	0.000000	0.082821
0.000000	0.082821	0.000000	0.082544
0.000000	0.082544	0.000000	0.083056
0.000000	0.083056	0.000000	0.083182
0.000000	0.083182	0.000000	0.083131
0.000000	0.083131	0.000000	0.082802
0.000000	0.082802	0.000000	0.082068
0.000000	0.082068	0.000000	0.082847
0.000000	0.082847	0.000000	0.081924
0.000000	0.081924	0.000000	0.081989
0.000000	0.081989	0.000000	0.081308
0.000000	0.081308	0.000000	0.081360
0.000000	0.081360	0.000000	0.081486
0.000000	0.081486	0.000000	0.081110
0.000000	0.081110	0.000000	0.080063
0.000000	0.080063	0.000000	0.080729
0.000000	0.080729	0.000000	0.080519
0.000000	0.080519	0.000000	0.079866
0.000000	0.079866	0.000000	0.080146
0.000000	0.080146	0.000000	0.080228
0.000000	0.080228	0.000000	0.079770
0.000000	0.079770	0.000000	0.080443
0.000000	0.080443	0.000000	0.080367
0.000000	0.080367	0.000000	0.080183
0.000000	0.080183	0.000000	0.080571
0.000000	0.080571	0.000000	0.081043
0.000000	0.081043	0.000000	0.081709
0.000000	0.081709	0.000000	0.081815
0.000000	0.081815	0.000000	0.081306
0.000000	0.081306	0.000000	0.080709
0.000000	0.080709	0.000000	0.080665
0.000000	0.080665	0.000000	0.080749
0.000000	0.080749	0.000000	0.080295
0.000000	0.080295	0.000000	0.080286
0.000000	0.080286	0.000000	0.080406
0.000000	0.080406	0.000000	0.079875
0.000000	0.079875	0.000000	0.080179
0.000000	0.080179	0.000000	0.079240
0.000000	0.079240	0.000000	0.079444
0.000000	0.079444	0.000000	0.080070
0.000000	0.080070	0.000000	0.079521
0.000000	0.079521	0.000000	0.079995
0.000000	0.079995	0.000000	0.080439
0.000000	0.080439	0.000000	0.079151
0.000000	0.079151	0.000000	0.078497
0.000000	0.078497	0.000000	0.078082
0.000000	0.078082	0.000000	0.077237
0.000000	0.077237	0.000000	0.076962
0.000000	0.076962	0.000000	0.077220
0.000000	0.077220	0.000000	0.077012
0.000000	0.077012	0.000000	0.076987
0.000000	0.076987	0.000000	0.076306
0.000000	0.076306	0.000000	0.076624
0.000000	0.076624	0.000000	0.076358
0.000000	0.076358	0.000000	0.076800
0.000000	0.076800	0.000000	0.076434
0.000000	0.076434	0.000000	0.075971
0.000000	0.075971	0.000000	0.076477
0.000000	0.076477	0.000000	0.076588
0.000000	0.076588	0.000000	0.076767
0.000000	0.076767	0.000000	0.076771
0.000000	0.076771	0.000000	0.077152
0.000000	0.077152	0.000000	0.076610
0.000000	0.076610	0.000000	0.076368
0.000000	0.076368	0.000000	0.075968
0.000000	0.075968	0.000000	0.076493
0.000000	0.076493	0.000000	0.076284
0.000000	0.076284	0.000000	0.075739
0.000000	0.075739	0.000000	0.075521
0.000000	0.075521	0.000000	0.075326
0.000000	0.075326	0.000000	0.074580
0.000000	0.074580	0.000000	0.073897
0.000000	0.073897	0.000000	0.074028
0.000000	0.074028	0.000000	0.074264
0.000000	0.074264	0.000000	0.075017
0.000000	0.075017	0.000000	0.075487
0.000000	0.075487	0.000000	0.075912
0.000000	0.075912	0.000000	0.076841
0.000000	0.076841	0.000000	0.075993
0.000000	0.075993	0.000000	0.074614
0.000000	0.074614	0.000000	0.073477
0.000000	0.073477	0.000000	0.073471
0.000000	0.073471	0.000000	0.073867
0.000000	0.073867	0.000000	0.074730
0.000000	0.074730	0.000000	0.075014
0.000000	0.075014	0.000000	0.075597
0.000000	0.075597	0.000000	0.075846
0.000000	0.075846	0.000000	0.076106
0.000000	0.076106	0.000000	0.075438
0.000000	0.075438	0.000000	0.075413
0.000000	0.075413	0.000000	0.074925
0.000000	0.074925	0.000000	0.075542
0.000000	0.075542	0.000000	0.075679
0.000000	0.075679	0.000000	0.076494
0.000000	0.076494	0.000000	0.075987
0.000000	0.075987	0.000000	0.076318
0.000000	0.076318	0.000000	0.076504
0.000000	0.076504	0.000000	0.076732
0.000000	0.076732	0.000000	0.076683
0.000000	0.076683	0.000000	0.076216
0.000000	0.076216	0.000000	0.076796
0.000000	0.076796	0.000000	0.076730
0.000000	0.076730	0.000000	0.076972
0.000000	0.076972	0.000000	0.077287
0.000000	0.077287	0.000000	0.077538
0.000000	0.077538	0.000000	0.077098
0.000000	0.077098	0.000000	0.076447
0.000000	0.076447	0.000000	0.076038
0.000000	0.076038	0.000000	0.075872
0.000000	0.075872	0.000000	0.074506
0.000000	0.074506	0.000000	0.074838
0.000000	0.074838	0.000000	0.075379
0.000000	0.075379	0.000000	0.076138
0.000000	0.076138	0.000000	0.075531
0.000000	0.075531	0.000000	0.076842
0.000000	0.076842	0.000000	0.077038
0.000000	0.077038	0.000000	0.077138
0.000000	0.077138	0.000000	0.077160
0.000000	0.077160	0.000000	0.076253
0.000000	0.076253	0.000000	0.076693
0.000000	0.076693	0.000000	0.075987
0.000000	0.075987	0.000000	0.075711
0.000000	0.075711	0.000000	0.074717
0.000000	0.074717	0.000000	0.075558
0.000000	0.075558	0.000000	0.075900
0.000000	0.075900	0.000000	0.076034
0.000000	0.076034	0.000000	0.075869
0.000000	0.075869	0.000000	0.076174
0.000000	0.076174	0.000000	0.076200
0.000000	0.076200	0.000000	0.075761
0.000000	0.075761	0.000000	0.075636
0.000000	0.075636	0.000000	0.075797
0.000000	0.075797	0.000000	0.075451
0.000000	0.075451	0.000000	0.075084
0.000000	0.075084	0.000000	0.075053
0.000000	0.075053	0.000000	0.074489
0.000000	0.074489	0.000000	0.074730
0.000000	0.074730	0.000000	0.073740
0.000000	0.073740	0.000000	0.074142
0.000000	0.074142	0.000000	0.074078
0.000000	0.074078	0.000000	0.074229
0.000000	0.074229	0.000000	0.074509
0.000000	0.074509	0.000000	0.074104
0.000000	0.074104	0.000000	0.073719
0.000000	0.073719	0.000000	0.073200
0.000000	0.073200	0.000000	0.073328
0.000000	0.073328	0.000000	0.073177
0.000000	0.073177	0.000000	0.072162
0.000000	0.072162	0.000000	0.072568
0.000000	0.072568	0.000000	0.072167
0.000000	0.072167	0.000000	0.071222
0.000000	0.071222	0.000000	0.071718
0.000000	0.071718	0.000000	0.071098
0.000000	0.071098	0.000000	0.070702
0.000000	0.070702	0.000000	0.070936
0.350003	0.299390	0.038313	0.284217
0.038313	0.284217	0.008655	0.260607
0.008655	0.260607	0.003082	0.236106
0.003082	0.236106	0.001337	0.212750
0.001337	0.212750	0.000596	0.193950
0.000596	0.193950	0.000307	0.176944
0.000307	0.176944	0.000151	0.161599
0.000151	0.161599	0.000053	0.149217
0.000053	0.149217	0.000030	0.140334
0.000030	0.140334	0.000027	0.134325
0.000027	0.134325	0.000013	0.128993
0.000013	0.128993	0.000010	0.124793
0.000010	0.124793	0.000018	0.122153
0.000018	0.122153	0.000022	0.120144
0.000022	0.120144	0.000013	0.119056
0.000013	0.119056	0.000001	0.118307
0.000001	0.118307	0.000000	0.117247
0.000000	0.117247	0.000000	0.117319
0.000000	0.117319	0.000000	0.116936
0.000000	0.116936	0.000000	0.116786
0.000000	0.116786	0.000000	0.115962
0.000000	0.115962	0.000000	0.116153
0.000000	0.116153	0.000000	0.115048
0.000000	0.115048	0.000000	0.115510
0.000000	0.115510	0.000000	0.114460
0.000000	0.114460	0.000000	0.114046
0.000000	0.114046	0.000000	0.113568
0.000000	0.113568	0.000000	0.113684
0.000000	0.113684	0.000000	0.113495
0.000000	0.113495	0.000000	0.113628
0.000000	0.113628	0.000000	0.113099
0.000000	0.113099	0.000000	0.113078
0.000000	0.113078	0.000000	0.112768
0.000000	0.112768	0.000000	0.112995
0.000000	0.112995	0.000000	0.112754
0.000000	0.112754	0.000000	0.111902
0.000000	0.111902	0.000000	0.110813
0.000000	0.110813	0.000000	0.110226
0.000000	0.110226	0.000000	0.110102
0.000000	0.110102	0.000000	0.111299
0.000000	0.111299	0.000000	0.111311
0.000000	0.111311	0.000000	0.110733
0.000000	0.110733	0.000000	0.110478
0.000000	0.110478	0.000000	0.110294
0.000000	0.110294	0.000000	0.110812
0.000000	0.110812	0.000000	0.111515
0.000000	0.111515	0.000000	0.111798
0.000000	0.111798	0.000000	0.110827
0.000000	0.110827	0.000000	0.111512
0.000000	0.111512	0.000000	0.111477
0.000000	0.111477	0.000000	0.112015
0.000000	0.112015	0.000000	0.111635
0.000000	0.111635	0.000000	0.112313
0.000000	0.112313	0.000000	0.112659
0.000000	0.112659	0.000000	0.112487
0.000000	0.112487	0.000000	0.111677
0.000000	0.111677	0.000000	0.111690
0.000000	0.111690	0.000000	0.112195
0.000000	0.112195	0.000000	0.111906
0.000000	0.111906	0.000000	0.112049
0.000000	0.112049	0.000000	0.112083
0.000000	0.112083	0.000000	0.111886
0.000000	0.111886	0.000000	0.112392
0.000000	0.112392	0.000000	0.112324
0.000000	0.112324	0.000000	0.111975
0.000000	0.111975	0.000000	0.111483
0.000000	0.111483	0.000000	0.111839
0.000000	0.111839	0.000000	0.112326
0.000000	0.112326	0.000000	0.112978
0.000000	0.112978	0.000000	0.112706
0.000000	0.112706	0.000000	0.112256
0.000000	0.112256	0.000000	0.112657
0.000000	0.112657	0.000000	0.112600
0.000000	0.112600	0.000000	0.113409
0.000000	0.113409	0.000000	0.112436
0.000000	0.112436	0.000000	0.113141
0.000000	0.113141	0.000000	0.113193
0.000000	0.113193	0.000000	0.113249
0.000000	0.113249	0.000000	0.113782
0.000000	0.113782	0.000000	0.112860
0.000000	0.112860	0.000000	0.113105
0.000000	0.113105	0.000000	0.112833
0.000000	0.112833	0.000000	0.112520
0.000000	0.112520	0.000000	0.112365
0.000000	0.112365	0.000000	0.112545
0.000000	0.112545	0.000000	0.113301
0.000000	0.113301	0.000000	0.113788
0.000000	0.113788	0.000000	0.114273
0.000000	0.114273	0.000000	0.113231
0.000000	0.113231	0.000000	0.113019
0.000000	0.113019	0.000000	0.113118
0.000000	0.113118	0.000000	0.113958
0.000000	0.113958	0.000000	0.114371
0.000000	0.114371	0.000000	0.113808
0.000000	0.113808	0.000000	0.114662
0.000000	0.114662	0.000000	0.114496
0.000000	0.114496	0.000000	0.114075
0.000000	0.114075	0.000000	0.113770
0.000000	0.113770	0.000000	0.114414
0.000000	0.114414	0.000000	0.114478
0.000000	0.114478	0.000000	0.114630
0.000000	0.114630	0.000000	0.114040
0.000000	0.114040	0.000000	0.114066
0.000000	0.114066	0.000000	0.114869
0.000000	0.114869	0.000000	0.114167
0.000000	0.114167	0.000000	0.114213
0.000000	0.114213	0.000000	0.114820
0.000000	0.114820	0.000000	0.114721
0.000000	0.114721	0.000000	0.113458
0.000000	0.113458	0.000000	0.113249
0.000000	0.113249	0.000000	0.113453
0.000000	0.113453	0.000000	0.112890
0.000000	0.112890	0.000000	0.112621
0.000000	0.112621	0.000000	0.111972
0.000000	0.111972	0.000000	0.110889
0.000000	0.110889	0.000000	0.110710
0.000000	0.110710	0.000000	0.110988
0.000000	0.110988	0.000000	0.111287
0.000000	0.111287	0.000000	0.111160
0.000000	0.111160	0.000000	0.112332
0.000000	0.112332	0.000000	0.112875
0.000000	0.112875	0.000000	0.113354
0.000000	0.113354	0.000000	0.113927
0.000000	0.113927	0.000000	0.114338
0.000000	0.114338	0.000000	0.114275
0.000000	0.114275	0.000000	0.114657
0.000000	0.114657	0.000000	0.115367
0.000000	0.115367	0.000000	0.115054
0.000000	0.115054	0.000000	0.115709
0.000000	0.115709	0.000000	0.116322
0.000000	0.116322	0.000000	0.116031
0.000000	0.116031	0.000000	0.116162
0.000000	0.116162	0.000000	0.115534
0.000000	0.115534	0.000000	0.116179
0.000000	0.116179	0.000000	0.116053
0.000000	0.116053	0.000000	0.116144
0.000000	0.116144	0.000000	0.116586
0.000000	0.116586	0.000000	0.116811
0.000000	0.116811	0.000000	0.116016
0.000000	0.116016	0.000000	0.115728
0.000000	0.115728	0.000000	0.115343
0.000000	0.115343	0.000000	0.115704
0.000000	0.115704	0.000000	0.115645
0.000000	0.115645	0.000000	0.115242
0.000000	0.115242	0.000000	0.115889
0.000000	0.115889	0.000000	0.114550
0.000000	0.114550	0.000000	0.114342
0.000000	0.114342	0.000000	0.114686
0.000000	0.114686	0.000000	0.113765
0.000000	0.113765	0.000000	0.114862
0.000000	0.114862	0.000000	0.113817
0.000000	0.113817	0.000000	0.113327
0.000000	0.113327	0.000000	0.113392
0.000000	0.113392	0.000000	0.112933
0.000000	0.112933	0.000000	0.114128
0.000000	0.114128	0.000000	0.113722
0.000000	0.113722	0.000000	0.112938
0.000000	0.112938	0.000000	0.114407
0.000000	0.114407	0.000000	0.115409
0.000000	0.115409	0.000000	0.115741
0.000000	0.115741	0.000000	0.115019
0.000000	0.115019	0.000000	0.115276
0.000000	0.115276	0.000000	0.114755
0.000000	0.114755	0.000000	0.115722
0.000000	0.115722	0.000000	0.115119
0.000000	0.115119	0.000000	0.114689
0.000000	0.114689	0.000000	0.114605
0.000000	0.114605	0.000000	0.114647
0.000000	0.114647	0.000000	0.114549
0.000000	0.114549	0.000000	0.114045
0.000000	0.114045	0.000000	0.114725
0.000000	0.114725	0.000000	0.114141
0.000000	0.114141	0.000000	0.114062
0.000000	0.114062	0.000000	0.113897
0.000000	0.113897	0.000000	0.113728
0.000000	0.113728	0.000000	0.114184
0.000000	0.114184	0.000000	0.113705
0.000000	0.113705	0.000000	0.114078
0.000000	0.114078	0.000000	0.114508
0.000000	0.114508	0.000000	0.114709
0.000000	0.114709	0.000000	0.114613
0.000000	0.114613	0.000000	0.114571
0.000000	0.114571	0.000000	0.113965
0.000000	0.113965	0.000000	0.114096
0.000000	0.114096	0.000000	0.114101
0.000000	0.114101	0.000000	0.115020
0.000000	0.115020	0.000000	0.115746
0.000000	0.115746	0.000000	0.115768
0.000000	0.115768	0.000000	0.115714
0.000000	0.115714	0.000000	0.116049
0.000000	0.116049	0.000000	0.115693
0.000000	0.115693	0.000000	0.115137
0.000000	0.115137	0.000000	0.116248
0.000000	0.116248	0.000000	0.117236
0.000000	0.117236	0.000000	0.116179
0.000000	0.116179	0.000000	0.117539
0.000000	0.117539	0.000000	0.117226
0.000000	0.117226	0.000000	0.117628
0.000000	0.117628	0.000000	0.117265
0.349052	0.250142	0.023784	0.236598
0.023784	0.236598	0.003994	0.215279
0.003994	0.215279	0.001278	0.197650
0.001278	0.197650	0.000485	0.184813
0.000485	0.184813	0.000182	0.174335
0.000182	0.174335	0.000118	0.165494
0.000118	0.165494	0.000090	0.157519
0.000090	0.157519	0.000046	0.150650
0.000046	0.150650	0.000013	0.147704
0.000013	0.147704	0.000000	0.144733
0.000000	0.144733	0.000000	0.141480
0.000000	0.141480	0.000000	0.138817
0.000000	0.138817	0.000000	0.135509
0.000000	0.135509	0.000000	0.133893
0.000000	0.133893	0.000000	0.133372
0.000000	0.133372	0.000000	0.131624
0.000000	0.131624	0.000000	0.131344
0.000000	0.131344	0.000000	0.129820
0.000000	0.129820	0.000000	0.130106
0.000000	0.130106	0.000000	0.129969
0.000000	0.129969	0.000000	0.129770
0.000000	0.129770	0.000000	0.128462
0.000000	0.128462	0.000000	0.127942
0.000000	0.127942	0.000000	0.127837
0.000000	0.127837	0.000000	0.128964
0.000000	0.128964	0.000000	0.128670
0.000000	0.128670	0.000000	0.127456
0.000000	0.127456	0.000000	0.127678
0.000000	0.127678	0.000000	0.126605
0.000000	0.126605	0.000000	0.126730
0.000000	0.126730	0.000000	0.125860
0.000000	0.125860	0.000000	0.125635
0.000000	0.125635	0.000000	0.124768
0.000000	0.124768	0.000000	0.125175
0.000000	0.125175	0.000000	0.124766
0.000000	0.124766	0.000000	0.123755
0.000000	0.123755	0.000000	0.122777
0.000000	0.122777	0.000000	0.122903
0.000000	0.122903	0.000000	0.123467
0.000000	0.123467	0.000000	0.123501
0.000000	0.123501	0.000000	0.122057
0.000000	0.122057	0.000000	0.121845
0.000000	0.121845	0.000000	0.122118
0.000000	0.122118	0.000000	0.122211
0.000000	0.122211	0.000000	0.122673
0.000000	0.122673	0.000000	0.122854
0.000000	0.122854	0.000000	0.122337
0.000000	0.122337	0.000000	0.120833
0.000000	0.120833	0.000000	0.120573
0.000000	0.120573	0.000000	0.121330
0.000000	0.121330	0.000000	0.121102
0.000000	0.121102	0.000000	0.122628
0.000000	0.122628	0.000000	0.122699
0.000000	0.122699	0.000000	0.122080
0.000000	0.122080	0.000000	0.121438
0.000000	0.121438	0.000000	0.120917
0.000000	0.120917	0.000000	0.120578
0.000000	0.120578	0.000000	0.120193
0.000000	0.120193	0.000000	0.119648
0.000000	0.119648	0.000000	0.120303
0.000000	0.120303	0.000000	0.120267
0.000000	0.120267	0.000000	0.121374
0.000000	0.121374	0.000000	0.121893
0.000000	0.121893	0.000000	0.122271
0.000000	0.122271	0.000000	0.121651
0.000000	0.121651	0.000000	0.121692
0.000000	0.121692	0.000000	0.121427
0.000000	0.121427	0.000000	0.121809
0.000000	0.121809	0.000000	0.122115
0.000000	0.122115	0.000000	0.121386
0.000000	0.121386	0.000000	0.121612
0.000000	0.121612	0.000000	0.122700
0.000000	0.122700	0.000000	0.123015
0.000000	0.123015	0.000000	0.121949
0.000000	0.121949	0.000000	0.122925
0.000000	0.122925	0.000000	0.121334
0.000000	0.121334	0.000000	0.121604
0.000000	0.121604	0.000000	0.121823
0.000000	0.121823	0.000000	0.121204
0.000000	0.121204	0.000000	0.120229
0.000000	0.120229	0.000000	0.120847
0.000000	0.120847	0.000000	0.120676
0.000000	0.120676	0.000000	0.121182
0.000000	0.121182	0.000000	0.122558
0.000000	0.122558	0.000000	0.122321
0.000000	0.122321	0.000000	0.122393
0.000000	0.122393	0.000000	0.123170
0.000000	0.123170	0.000000	0.124308
0.000000	0.124308	0.000000	0.124616
0.000000	0.124616	0.000000	0.124462
0.000000	0.124462	0.000000	0.124053
0.000000	0.124053	0.000000	0.123032
0.000000	0.123032	0.000000	0.122672
0.000000	0.122672	0.000000	0.122318
0.000000	0.122318	0.000000	0.121329
0.000000	0.121329	0.000000	0.121790
0.000000	0.121790	0.000000	0.121572
0.000000	0.121572	0.000000	0.122255
0.000000	0.122255	0.000000	0.120845
0.000000	0.120845	0.000000	0.120887
0.000000	0.120887	0.000000	0.121088
0.000000	0.121088	0.000000	0.121201
0.000000	0.121201	0.000000	0.121342
0.000000	0.121342	0.000000	0.120505
0.000000	0.120505	0.000000	0.120635
0.000000	0.120635	0.000000	0.120240
0.000000	0.120240	0.000000	0.119516
0.000000	0.119516	0.000000	0.118682
0.000000	0.118682	0.000000	0.118398
0.000000	0.118398	0.000000	0.119023
0.000000	0.119023	0.000000	0.118378
0.000000	0.118378	0.000000	0.117569
0.000000	0.117569	0.000000	0.117537
0.000000	0.117537	0.000000	0.117267
0.000000	0.117267	0.000000	0.117364
0.000000	0.117364	0.000000	0.117070
0.000000	0.117070	0.000000	0.117285
0.000000	0.117285	0.000000	0.117033
0.000000	0.117033	0.000000	0.117063
0.000000	0.117063	0.000000	0.117360
0.000000	0.117360	0.000000	0.115770
0.000000	0.115770	0.000000	0.114796
0.000000	0.114796	0.000000	0.115517
0.000000	0.115517	0.000000	0.116398
0.000000	0.116398	0.000000	0.117923
0.000000	0.117923	0.000000	0.118389
0.000000	0.118389	0.000000	0.116984
0.000000	0.116984	0.000000	0.116981
0.000000	0.116981	0.000000	0.116243
0.000000	0.116243	0.000000	0.114613
0.000000	0.114613	0.000000	0.114643
0.000000	0.114643	0.000000	0.114645
0.000000	0.114645	0.000000	0.114258
0.000000	0.114258	0.000000	0.113567
0.000000	0.113567	0.000000	0.113423
0.000000	0.113423	0.000000	0.112175
0.000000	0.112175	0.000000	0.111936
0.000000	0.111936	0.000000	0.112569
0.000000	0.112569	0.000000	0.112603
0.000000	0.112603	0.000000	0.113080
0.000000	0.113080	0.000000	0.113015
0.000000	0.113015	0.000000	0.112673
0.000000	0.112673	0.000000	0.112569
0.000000	0.112569	0.000000	0.112844
0.000000	0.112844	0.000000	0.113591
0.000000	0.113591	0.000000	0.113729
0.000000	0.113729	0.000000	0.112923
0.000000	0.112923	0.000000	0.113198
0.000000	0.113198	0.000000	0.114276
0.000000	0.114276	0.000000	0.113710
0.000000	0.113710	0.000000	0.113694
0.000000	0.113694	0.000000	0.112633
0.000000	0.112633	0.000000	0.112465
0.000000	0.112465	0.000000	0.111537
0.000000	0.111537	0.000000	0.111633
0.000000	0.111633	0.000000	0.112371
0.000000	0.112371	0.000000	0.112818
0.000000	0.112818	0.000000	0.114561
0.000000	0.114561	0.000000	0.114664
0.000000	0.114664	0.000000	0.114233
0.000000	0.114233	0.000000	0.114881
0.000000	0.114881	0.000000	0.114113
0.000000	0.114113	0.000000	0.114850
0.000000	0.114850	0.000000	0.114635
0.000000	0.114635	0.000000	0.114546
0.000000	0.114546	0.000000	0.114357
0.000000	0.114357	0.000000	0.113506
0.000000	0.113506	0.000000	0.113059
0.000000	0.113059	0.000000	0.113685
0.000000	0.113685	0.000000	0.113097
0.000000	0.113097	0.000000	0.112417
0.000000	0.112417	0.000000	0.111789
0.000000	0.111789	0.000000	0.110680
0.000000	0.110680	0.000000	0.110911
0.000000	0.110911	0.000000	0.110657
0.000000	0.110657	0.000000	0.110991
0.000000	0.110991	0.000000	0.111447
0.000000	0.111447	0.000000	0.111077
0.000000	0.111077	0.000000	0.111382
0.000000	0.111382	0.000000	0.112815
0.000000	0.112815	0.000000	0.112777
0.000000	0.112777	0.000000	0.112987
0.000000	0.112987	0.000000	0.114029
0.000000	0.114029	0.000000	0.114072
0.000000	0.114072	0.000000	0.113927
0.000000	0.113927	0.000000	0.113763
0.000000	0.113763	0.000000	0.113492
0.000000	0.113492	0.000000	0.112934
0.000000	0.112934	0.000000	0.113003
0.000000	0.113003	0.000000	0.112749
0.000000	0.112749	0.000000	0.113036
0.000000	0.113036	0.000000	0.112794
0.000000	0.112794	0.000000	0.112134
0.000000	0.112134	0.000000	0.111265
0.000000	0.111265	0.000000	0.110912
0.000000	0.110912	0.000000	0.109927
0.000000	0.109927	0.000000	0.109814
0.000000	0.109814	0.000000	0.109730
0.000000	0.109730	0.000000	0.108909
0.350436	0.198863	0.013277	0.184425
0.013277	0.184425	0.001450	0.168617
0.001450	0.168617	0.000385	0.160190
0.000385	0.160190	0.000114	0.154815
0.000114	0.154815	0.000056	0.149091
0.000056	0.149091	0.000020	0.145719
0.000020	0.145719	0.000004	0.143794
0.000004	0.143794	0.000000	0.142092
0.000000	0.142092	0.000000	0.140521
0.000000	0.140521	0.000000	0.139757
0.000000	0.139757	0.000000	0.138883
0.000000	0.138883	0.000000	0.138669
0.000000	0.138669	0.000000	0.138359
0.000000	0.138359	0.000000	0.138123
0.000000	0.138123	0.000000	0.137096
0.000000	0.137096	0.000000	0.136505
0.000000	0.136505	0.000000	0.135774
0.000000	0.135774	0.000000	0.135628
0.000000	0.135628	0.000000	0.135073
0.000000	0.135073	0.000000	0.135704
0.000000	0.135704	0.000000	0.135706
0.000000	0.135706	0.000000	0.135146
0.000000	0.135146	0.000000	0.135327
0.000000	0.135327	0.000000	0.135018
0.000000	0.135018	0.000000	0.135267
0.000000	0.135267	0.000000	0.134140
0.000000	0.134140	0.000000	0.134410
0.000000	0.134410	0.000000	0.134498
0.000000	0.134498	0.000000	0.134342
0.000000	0.134342	0.000000	0.135539
0.000000	0.135539	0.000000	0.135762
0.000000	0.135762	0.000000	0.136652
0.000000	0.136652	0.000000	0.134911
0.000000	0.134911	0.000000	0.135309
0.000000	0.135309	0.000000	0.135184
0.000000	0.135184	0.000000	0.134810
0.000000	0.134810	0.000000	0.135576
0.000000	0.135576	0.000000	0.135582
0.000000	0.135582	0.000000	0.135129
0.000000	0.135129	0.000000	0.135183
0.000000	0.135183	0.000000	0.135310
0.000000	0.135310	0.000000	0.135091
0.000000	0.135091	0.000000	0.134903
0.000000	0.134903	0.000000	0.133846
0.000000	0.133846	0.000000	0.134283
0.000000	0.134283	0.000000	0.134505
0.000000	0.134505	0.000000	0.135308
0.000000	0.135308	0.000000	0.134831
0.000000	0.134831	0.000000	0.134231
0.000000	0.134231	0.000000	0.135436
0.000000	0.135436	0.000000	0.135176
0.000000	0.135176	0.000000	0.134132
0.000000	0.134132	0.000000	0.134721
0.000000	0.134721	0.000000	0.133809
0.000000	0.133809	0.000000	0.134634
0.000000	0.134634	0.000000	0.135192
0.000000	0.135192	0.000000	0.135867
0.000000	0.135867	0.000000	0.135469
0.000000	0.135469	0.000000	0.135394
0.000000	0.135394	0.000000	0.135998
0.000000	0.135998	0.000000	0.135365
0.000000	0.135365	0.000000	0.135875
0.000000	0.135875	0.000000	0.136325
0.000000	0.136325	0.000000	0.137022
0.000000	0.137022	0.000000	0.137522
0.000000	0.137522	0.000000	0.137252
0.000000	0.137252	0.000000	0.136304
0.000000	0.136304	0.000000	0.136110
0.000000	0.136110	0.000000	0.135178
0.000000	0.135178	0.000000	0.135380
0.000000	0.135380	0.000000	0.134992
0.000000	0.134992	0.000000	0.134511
0.000000	0.134511	0.000000	0.134931
0.000000	0.134931	0.000000	0.135108
0.000000	0.135108	0.000000	0.134308
0.000000	0.134308	0.000000	0.133861
0.000000	0.133861	0.000000	0.133388
0.000000	0.133388	0.000000	0.132613
0.000000	0.132613	0.000000	0.131033
0.000000	0.131033	0.000000	0.130494
0.000000	0.130494	0.000000	0.130638
0.000000	0.130638	0.000000	0.131641
0.000000	0.131641	0.000000	0.131803
0.000000	0.131803	0.000000	0.130903
0.000000	0.130903	0.000000	0.129861
0.000000	0.129861	0.000000	0.129968
0.000000	0.129968	0.000000	0.130690
0.000000	0.130690	0.000000	0.130798
0.000000	0.130798	0.000000	0.130234
0.000000	0.130234	0.000000	0.129927
0.000000	0.129927	0.000000	0.129997
0.000000	0.129997	0.000000	0.130575
0.000000	0.130575	0.000000	0.131167
0.000000	0.131167	0.000000	0.131096
0.000000	0.131096	0.000000	0.130829
0.000000	0.130829	0.000000	0.130378
0.000000	0.130378	0.000000	0.130849
0.000000	0.130849	0.000000	0.130469
0.000000	0.130469	0.000000	0.129061
0.000000	0.129061	0.000000	0.129514
0.000000	0.129514	0.000000	0.128951
0.000000	0.128951	0.000000	0.128705
0.000000	0.128705	0.000000	0.129341
0.000000	0.129341	0.000000	0.129778
0.000000	0.129778	0.000000	0.129235
0.000000	0.129235	0.000000	0.130199
0.000000	0.130199	0.000000	0.129139
0.000000	0.129139	0.000000	0.129448
0.000000	0.129448	0.000000	0.129404
0.000000	0.129404	0.000000	0.128649
0.000000	0.128649	0.000000	0.128114
0.000000	0.128114	0.000000	0.127226
0.000000	0.127226	0.000000	0.127549
0.000000	0.127549	0.000000	0.128019
0.000000	0.128019	0.000000	0.128596
0.000000	0.128596	0.000000	0.128351
0.000000	0.128351	0.000000	0.128608
0.000000	0.128608	0.000000	0.128624
0.000000	0.128624	0.000000	0.129359
0.000000	0.129359	0.000000	0.129389
0.000000	0.129389	0.000000	0.128739
0.000000	0.128739	0.000000	0.128161
0.000000	0.128161	0.000000	0.129117
0.000000	0.129117	0.000000	0.128967
0.000000	0.128967	0.000000	0.129948
0.000000	0.129948	0.000000	0.130183
0.000000	0.130183	0.000000	0.130119
0.000000	0.130119	0.000000	0.130544
0.000000	0.130544	0.000000	0.130149
0.000000	0.130149	0.000000	0.130175
0.000000	0.130175	0.000000	0.129333
0.000000	0.129333	0.000000	0.129432
0.000000	0.129432	0.000000	0.130138
0.000000	0.130138	0.000000	0.131007
0.000000	0.131007	0.000000	0.130431
0.000000	0.130431	0.000000	0.129468
0.000000	0.129468	0.000000	0.130231
0.000000	0.130231	0.000000	0.130074
0.000000	0.130074	0.000000	0.130179
0.000000	0.130179	0.000000	0.130459
0.000000	0.130459	0.000000	0.130457
0.000000	0.130457	0.000000	0.129441
0.000000	0.129441	0.000000	0.130271
0.000000	0.130271	0.000000	0.129976
0.000000	0.129976	0.000000	0.129080
0.000000	0.129080	0.000000	0.129384
0.000000	0.129384	0.000000	0.129671
0.000000	0.129671	0.000000	0.129744
0.000000	0.129744	0.000000	0.130084
0.000000	0.130084	0.000000	0.129921
0.000000	0.129921	0.000000	0.129801
0.000000	0.129801	0.000000	0.129613
0.000000	0.129613	0.000000	0.129543
0.000000	0.129543	0.000000	0.129651
0.000000	0.129651	0.000000	0.128273
0.000000	0.128273	0.000000	0.128345
0.000000	0.128345	0.000000	0.129591
0.000000	0.129591	0.000000	0.129851
0.000000	0.129851	0.000000	0.130737
0.000000	0.130737	0.000000	0.131449
0.000000	0.131449	0.000000	0.131345
0.000000	0.131345	0.000000	0.131740
0.000000	0.131740	0.000000	0.130374
0.000000	0.130374	0.000000	0.130165
0.000000	0.130165	0.000000	0.130607
0.000000	0.130607	0.000000	0.130222
0.000000	0.130222	0.000000	0.130732
0.000000	0.130732	0.000000	0.130350
0.000000	0.130350	0.000000	0.130405
0.000000	0.130405	0.000000	0.130698
0.000000	0.130698	0.000000	0.130803
0.000000	0.130803	0.000000	0.131548
0.000000	0.131548	0.000000	0.132246
0.000000	0.132246	0.000000	0.132014
0.000000	0.132014	0.000000	0.131957
0.000000	0.131957	0.000000	0.130752
0.000000	0.130752	0.000000	0.130264
0.000000	0.130264	0.000000	0.130341
0.000000	0.130341	0.000000	0.131008
0.000000	0.131008	0.000000	0.130117
0.000000	0.130117	0.000000	0.129739
0.000000	0.129739	0.000000	0.129704
0.000000	0.129704	0.000000	0.128624
0.000000	0.128624	0.000000	0.128388
0.000000	0.128388	0.000000	0.128789
0.000000	0.128789	0.000000	0.127678
0.000000	0.127678	0.000000	0.128157
0.000000	0.128157	0.000000	0.128404
0.000000	0.128404	0.000000	0.129434
0.000000	0.129434	0.000000	0.129969
0.000000	0.129969	0.000000	0.130732
0.000000	0.130732	0.000000	0.130408
0.000000	0.130408	0.000000	0.130430
0.000000	0.130430	0.000000	0.130197
0.000000	0.130197	0.000000	0.130247
0.000000	0.130247	0.000000	0.130297
0.000000	0.130297	0.000000	0.131026
0.000000	0.131026	0.000000	0.131325
0.000000	0.131325	0.000000	0.132329
0.350599	0.150690	0.006894	0.138982
0.006894	0.138982	0.000547	0.129994
0.000547	0.129994	0.000091	0.125757
0.000091	0.125757	0.000043	0.122562
0.000043	0.122562	0.000025	0.119854
0.000025	0.119854	0.000013	0.119056
0.000013	0.119056	0.000018	0.118283
0.000018	0.118283	0.000004	0.117262
0.000004	0.117262	0.000004	0.117008
0.000004	0.117008	0.000000	0.116000
0.000000	0.116000	0.000000	0.116461
0.000000	0.116461	0.000000	0.115187
0.000000	0.115187	0.000000	0.115681
0.000000	0.115681	0.000000	0.115749
0.000000	0.115749	0.000000	0.115558
0.000000	0.115558	0.000000	0.114222
0.000000	0.114222	0.000000	0.113068
0.000000	0.113068	0.000000	0.113973
0.000000	0.113973	0.000000	0.112881
0.000000	0.112881	0.000000	0.112495
0.000000	0.112495	0.000000	0.111473
0.000000	0.111473	0.000000	0.110697
0.000000	0.110697	0.000000	0.109857
0.000000	0.109857	0.000000	0.110093
0.000000	0.110093	0.000000	0.111242
0.000000	0.111242	0.000000	0.110840
0.000000	0.110840	0.000000	0.110819
0.000000	0.110819	0.000000	0.109912
0.000000	0.109912	0.000000	0.110276
0.000000	0.110276	0.000000	0.110322
0.000000	0.110322	0.000000	0.110397
0.000000	0.110397	0.000000	0.109839
0.000000	0.109839	0.000000	0.109774
0.000000	0.109774	0.000000	0.109517
0.000000	0.109517	0.000000	0.109846
0.000000	0.109846	0.000000	0.111097
0.000000	0.111097	0.000000	0.110391
0.000000	0.110391	0.000000	0.110141
0.000000	0.110141	0.000000	0.110503
0.000000	0.110503	0.000000	0.110659
0.000000	0.110659	0.000000	0.111387
0.000000	0.111387	0.000000	0.111704
0.000000	0.111704	0.000000	0.110495
0.000000	0.110495	0.000000	0.110209
0.000000	0.110209	0.000000	0.109928
0.000000	0.109928	0.000000	0.108844
0.000000	0.108844	0.000000	0.109072
0.000000	0.109072	0.000000	0.108743
0.000000	0.108743	0.000000	0.108651
0.000000	0.108651	0.000000	0.108281
0.000000	0.108281	0.000000	0.108323
0.000000	0.108323	0.000000	0.108287
0.000000	0.108287	0.000000	0.108210
0.000000	0.108210	0.000000	0.108683
0.000000	0.108683	0.000000	0.108816
0.000000	0.108816	0.000000	0.108734
0.000000	0.108734	0.000000	0.109796
0.000000	0.109796	0.000000	0.109960
0.000000	0.109960	0.000000	0.109632
0.000000	0.109632	0.000000	0.110707
0.000000	0.110707	0.000000	0.109893
0.000000	0.109893	0.000000	0.110551
0.000000	0.110551	0.000000	0.110201
0.000000	0.110201	0.000000	0.110462
0.000000	0.110462	0.000000	0.110712
0.000000	0.110712	0.000000	0.110105
0.000000	0.110105	0.000000	0.109270
0.000000	0.109270	0.000000	0.109610
0.000000	0.109610	0.000000	0.109887
0.000000	0.109887	0.000000	0.109976
0.000000	0.109976	0.000000	0.109941
0.000000	0.109941	0.000000	0.109187
0.000000	0.109187	0.000000	0.109923
0.000000	0.109923	0.000000	0.110486
0.000000	0.110486	0.000000	0.110802
0.000000	0.110802	0.000000	0.110792
0.000000	0.110792	0.000000	0.111774
0.000000	0.111774	0.000000	0.111684
0.000000	0.111684	0.000000	0.111154
0.000000	0.111154	0.000000	0.109894
0.000000	0.109894	0.000000	0.109560
0.000000	0.109560	0.000000	0.109264
0.000000	0.109264	0.000000	0.108419
0.000000	0.108419	0.000000	0.108623
0.000000	0.108623	0.000000	0.109884
0.000000	0.109884	0.000000	0.110042
0.000000	0.110042	0.000000	0.109593
0.000000	0.109593	0.000000	0.109344
0.000000	0.109344	0.000000	0.108315
0.000000	0.108315	0.000000	0.108732
0.000000	0.108732	0.000000	0.108694
0.000000	0.108694	0.000000	0.109560
0.000000	0.109560	0.000000	0.110685
0.000000	0.110685	0.000000	0.110257
0.000000	0.110257	0.000000	0.110442
0.000000	0.110442	0.000000	0.110551
0.000000	0.110551	0.000000	0.110996
0.000000	0.110996	0.000000	0.111532
0.000000	0.111532	0.000000	0.111877
0.000000	0.111877	0.000000	0.111139
0.000000	0.111139	0.000000	0.111804
0.000000	0.111804	0.000000	0.112084
0.000000	0.112084	0.000000	0.111360
0.000000	0.111360	0.000000	0.111288
0.000000	0.111288	0.000000	0.111156
0.000000	0.111156	0.000000	0.110836
0.000000	0.110836	0.000000	0.110934
0.000000	0.110934	0.000000	0.110738
0.000000	0.110738	0.000000	0.110898
0.000000	0.110898	0.000000	0.111583
0.000000	0.111583	0.000000	0.112408
0.000000	0.112408	0.000000	0.112328
0.000000	0.112328	0.000000	0.113400
0.000000	0.113400	0.000000	0.112356
0.000000	0.112356	0.000000	0.112045
0.000000	0.112045	0.000000	0.111101
0.000000	0.111101	0.000000	0.110527
0.000000	0.110527	0.000000	0.110600
0.000000	0.110600	0.000000	0.110698
0.000000	0.110698	0.000000	0.110552
0.000000	0.110552	0.000000	0.110416
0.000000	0.110416	0.000000	0.109923
0.000000	0.109923	0.000000	0.110063
0.000000	0.110063	0.000000	0.109276
0.000000	0.109276	0.000000	0.109306
0.000000	0.109306	0.000000	0.109899
0.000000	0.109899	0.000000	0.109544
0.000000	0.109544	0.000000	0.108711
0.000000	0.108711	0.000000	0.109645
0.000000	0.109645	0.000000	0.109309
0.000000	0.109309	0.000000	0.108896
0.000000	0.108896	0.000000	0.109664
0.000000	0.109664	0.000000	0.109089
0.000000	0.109089	0.000000	0.110526
0.000000	0.110526	0.000000	0.110998
0.000000	0.110998	0.000000	0.111050
0.000000	0.111050	0.000000	0.112039
0.000000	0.112039	0.000000	0.112871
0.000000	0.112871	0.000000	0.112518
0.000000	0.112518	0.000000	0.112370
0.000000	0.112370	0.000000	0.113387
0.000000	0.113387	0.000000	0.113354
0.000000	0.113354	0.000000	0.113071
0.000000	0.113071	0.000000	0.113797
0.000000	0.113797	0.000000	0.114330
0.000000	0.114330	0.000000	0.114222
0.000000	0.114222	0.000000	0.115308
0.000000	0.115308	0.000000	0.114413
0.000000	0.114413	0.000000	0.115164
0.000000	0.115164	0.000000	0.114657
0.000000	0.114657	0.000000	0.114158
0.000000	0.114158	0.000000	0.114898
0.000000	0.114898	0.000000	0.116010
0.000000	0.116010	0.000000	0.115519
0.000000	0.115519	0.000000	0.115086
0.000000	0.115086	0.000000	0.115623
0.000000	0.115623	0.000000	0.115278
0.000000	0.115278	0.000000	0.114483
0.000000	0.114483	0.000000	0.114338
0.000000	0.114338	0.000000	0.114018
0.000000	0.114018	0.000000	0.114395
0.000000	0.114395	0.000000	0.114040
0.000000	0.114040	0.000000	0.114336
0.000000	0.114336	0.000000	0.114389
0.000000	0.114389	0.000000	0.114658
0.000000	0.114658	0.000000	0.113891
0.000000	0.113891	0.000000	0.113874
0.000000	0.113874	0.000000	0.113544
0.000000	0.113544	0.000000	0.113886
0.000000	0.113886	0.000000	0.114286
0.000000	0.114286	0.000000	0.114610
0.000000	0.114610	0.000000	0.114046
0.000000	0.114046	0.000000	0.113995
0.000000	0.113995	0.000000	0.113290
0.000000	0.113290	0.000000	0.112208
0.000000	0.112208	0.000000	0.111801
0.000000	0.111801	0.000000	0.111332
0.000000	0.111332	0.000000	0.111502
0.000000	0.111502	0.000000	0.111088
0.000000	0.111088	0.000000	0.111090
0.000000	0.111090	0.000000	0.110530
0.000000	0.110530	0.000000	0.110456
0.000000	0.110456	0.000000	0.110662
0.000000	0.110662	0.000000	0.111318
0.000000	0.111318	0.000000	0.112055
0.000000	0.112055	0.000000	0.112562
0.000000	0.112562	0.000000	0.113163
0.000000	0.113163	0.000000	0.113063
0.000000	0.113063	0.000000	0.113232
0.000000	0.113232	0.000000	0.113901
0.000000	0.113901	0.000000	0.113899
0.000000	0.113899	0.000000	0.113119
0.000000	0.113119	0.000000	0.113590
0.000000	0.113590	0.000000	0.112570
0.000000	0.112570	0.000000	0.112766
0.000000	0.112766	0.000000	0.112359
0.000000	0.112359	0.000000	0.112719
0.000000	0.112719	0.000000	0.113762
0.000000	0.113762	0.000000	0.113902
0.349737	0.099935	0.003008	0.091749
0.003008	0.091749	0.000112	0.086511
0.000112	0.086511	0.000032	0.084104
0.000032	0.084104	0.000013	0.083575
0.000013	0.083575	0.000007	0.082917
0.000007	0.082917	0.000000	0.082436
0.000000	0.082436	0.000000	0.082650
0.000000	0.082650	0.000000	0.081852
0.000000	0.081852	0.000000	0.082297
0.000000	0.082297	0.000000	0.082029
0.000000	0.082029	0.000000	0.082015
0.000000	0.082015	0.000000	0.082285
0.000000	0.082285	0.000000	0.082923
0.000000	0.082923	0.000000	0.083396
0.000000	0.083396	0.000000	0.083968
0.000000	0.083968	0.000000	0.084744
0.000000	0.084744	0.000000	0.084991
0.000000	0.084991	0.000000	0.085330
0.000000	0.085330	0.000000	0.084894
0.000000	0.084894	0.000000	0.083389
0.000000	0.083389	0.000000	0.083008
0.000000	0.083008	0.000000	0.083095
0.000000	0.083095	0.000000	0.082573
0.000000	0.082573	0.000000	0.082746
0.000000	0.082746	0.000000	0.083389
0.000000	0.083389	0.000000	0.082710
0.000000	0.082710	0.000000	0.082676
0.000000	0.082676	0.000000	0.083185
0.000000	0.083185	0.000000	0.082425
0.000000	0.082425	0.000000	0.082467
0.000000	0.082467	0.000000	0.081970
0.000000	0.081970	0.000000	0.081056
0.000000	0.081056	0.000000	0.082182
0.000000	0.082182	0.000000	0.083269
0.000000	0.083269	0.000000	0.083014
0.000000	0.083014	0.000000	0.082765
0.000000	0.082765	0.000000	0.082789
0.000000	0.082789	0.000000	0.083355
0.000000	0.083355	0.000000	0.083784
0.000000	0.083784	0.000000	0.083611
0.000000	0.083611	0.000000	0.084142
0.000000	0.084142	0.000000	0.084622
0.000000	0.084622	0.000000	0.084498
0.000000	0.084498	0.000000	0.084702
0.000000	0.084702	0.000000	0.084139
0.000000	0.084139	0.000000	0.084218
0.000000	0.084218	0.000000	0.083563
0.000000	0.083563	0.000000	0.082445
0.000000	0.082445	0.000000	0.082742
0.000000	0.082742	0.000000	0.081957
0.000000	0.081957	0.000000	0.081425
0.000000	0.081425	0.000000	0.081091
0.000000	0.081091	0.000000	0.081365
0.000000	0.081365	0.000000	0.082431
0.000000	0.082431	0.000000	0.082869
0.000000	0.082869	0.000000	0.082628
0.000000	0.082628	0.000000	0.083617
0.000000	0.083617	0.000000	0.083346
0.000000	0.083346	0.000000	0.083041
0.000000	0.083041	0.000000	0.083217
0.000000	0.083217	0.000000	0.082687
0.000000	0.082687	0.000000	0.083189
0.000000	0.083189	0.000000	0.083932
0.000000	0.083932	0.000000	0.084371
0.000000	0.084371	0.000000	0.084176
0.000000	0.084176	0.000000	0.084667
0.000000	0.084667	0.000000	0.084438
0.000000	0.084438	0.000000	0.085051
0.000000	0.085051	0.000000	0.085059
0.000000	0.085059	0.000000	0.085971
0.000000	0.085971	0.000000	0.085921
0.000000	0.085921	0.000000	0.086157
0.000000	0.086157	0.000000	0.085715
0.000000	0.085715	0.000000	0.085874
0.000000	0.085874	0.000000	0.085894
0.000000	0.085894	0.000000	0.085961
0.000000	0.085961	0.000000	0.086413
0.000000	0.086413	0.000000	0.086493
0.000000	0.086493	0.000000	0.087133
0.000000	0.087133	0.000000	0.087087
0.000000	0.087087	0.000000	0.087626
0.000000	0.087626	0.000000	0.087392
0.000000	0.087392	0.000000	0.087170
0.000000	0.087170	0.000000	0.088067
0.000000	0.088067	0.000000	0.089185
0.000000	0.089185	0.000000	0.088183
0.000000	0.088183	0.000000	0.087764
0.000000	0.087764	0.000000	0.086903
0.000000	0.086903	0.000000	0.086926
0.000000	0.086926	0.000000	0.087290
0.000000	0.087290	0.000000	0.087619
0.000000	0.087619	0.000000	0.087734
0.000000	0.087734	0.000000	0.088237
0.000000	0.088237	0.000000	0.087898
0.000000	0.087898	0.000000	0.088085
0.000000	0.088085	0.000000	0.087673
0.000000	0.087673	0.000000	0.087129
0.000000	0.087129	0.000000	0.086553
0.000000	0.086553	0.000000	0.086576
0.000000	0.086576	0.000000	0.086431
0.000000	0.086431	0.000000	0.086844
0.000000	0.086844	0.000000	0.088256
0.000000	0.088256	0.000000	0.087515
0.000000	0.087515	0.000000	0.088156
0.000000	0.088156	0.000000	0.087596
0.000000	0.087596	0.000000	0.088633
0.000000	0.088633	0.000000	0.088454
0.000000	0.088454	0.000000	0.087909
0.000000	0.087909	0.000000	0.088423
0.000000	0.088423	0.000000	0.088171
0.000000	0.088171	0.000000	0.087820
0.000000	0.087820	0.000000	0.088492
0.000000	0.088492	0.000000	0.087629
0.000000	0.087629	0.000000	0.088247
0.000000	0.088247	0.000000	0.088576
0.000000	0.088576	0.000000	0.088757
0.000000	0.088757	0.000000	0.088024
0.000000	0.088024	0.000000	0.086381
0.000000	0.086381	0.000000	0.086113
0.000000	0.086113	0.000000	0.086117
0.000000	0.086117	0.000000	0.085871
0.000000	0.085871	0.000000	0.084601
0.000000	0.084601	0.000000	0.084203
0.000000	0.084203	0.000000	0.084567
0.000000	0.084567	0.000000	0.084975
0.000000	0.084975	0.000000	0.084733
0.000000	0.084733	0.000000	0.084884
0.000000	0.084884	0.000000	0.084308
0.000000	0.084308	0.000000	0.084153
0.000000	0.084153	0.000000	0.083787
0.000000	0.083787	0.000000	0.083819
0.000000	0.083819	0.000000	0.083374
0.000000	0.083374	0.000000	0.083302
0.000000	0.083302	0.000000	0.082574
0.000000	0.082574	0.000000	0.083319
0.000000	0.083319	0.000000	0.084089
0.000000	0.084089	0.000000	0.084157
0.000000	0.084157	0.000000	0.084061
0.000000	0.084061	0.000000	0.083760
0.000000	0.083760	0.000000	0.083776
0.000000	0.083776	0.000000	0.084246
0.000000	0.084246	0.000000	0.084013
0.000000	0.084013	0.000000	0.084338
0.000000	0.084338	0.000000	0.083638
0.000000	0.083638	0.000000	0.083741
0.000000	0.083741	0.000000	0.083497
0.000000	0.083497	0.000000	0.083129
0.000000	0.083129	0.000000	0.083696
0.000000	0.083696	0.000000	0.084076
0.000000	0.084076	0.000000	0.083718
0.000000	0.083718	0.000000	0.084165
0.000000	0.084165	0.000000	0.083842
0.000000	0.083842	0.000000	0.084683
0.000000	0.084683	0.000000	0.083966
0.000000	0.083966	0.000000	0.084406
0.000000	0.084406	0.000000	0.084257
0.000000	0.084257	0.000000	0.084421
0.000000	0.084421	0.000000	0.083966
0.000000	0.083966	0.000000	0.083215
0.000000	0.083215	0.000000	0.083278
0.000000	0.083278	0.000000	0.084003
0.000000	0.084003	0.000000	0.084294
0.000000	0.084294	0.000000	0.084564
0.000000	0.084564	0.000000	0.084146
0.000000	0.084146	0.000000	0.083731
0.000000	0.083731	0.000000	0.083717
0.000000	0.083717	0.000000	0.083588
0.000000	0.083588	0.000000	0.083703
0.000000	0.083703	0.000000	0.083764
0.000000	0.083764	0.000000	0.083631
0.000000	0.083631	0.000000	0.083528
0.000000	0.083528	0.000000	0.084036
0.000000	0.084036	0.000000	0.083144
0.000000	0.083144	0.000000	0.083536
0.000000	0.083536	0.000000	0.083746
0.000000	0.083746	0.000000	0.083728
0.000000	0.083728	0.000000	0.083698
0.000000	0.083698	0.000000	0.083450
0.000000	0.083450	0.000000	0.083639
0.000000	0.083639	0.000000	0.082394
0.000000	0.082394	0.000000	0.081390
0.000000	0.081390	0.000000	0.081311
0.000000	0.081311	0.000000	0.081247
0.000000	0.081247	0.000000	0.081432
0.000000	0.081432	0.000000	0.081733
0.000000	0.081733	0.000000	0.081375
0.000000	0.081375	0.000000	0.081593
0.000000	0.081593	0.000000	0.082403
0.000000	0.082403	0.000000	0.082532
0.000000	0.082532	0.000000	0.082809
0.000000	0.082809	0.000000	0.082174
0.000000	0.082174	0.000000	0.082481
0.000000	0.082481	0.000000	0.082475
0.000000	0.082475	0.000000	0.081654
0.000000	0.081654	0.000000	0.082042
0.000000	0.082042	0.000000	0.081885
0.000000	0.081885	0.000000	0.081630
0.000000	0.081630	0.000000	0.082321
0.000000	0.082321	0.000000	0.081706
0.349995	0.050026	0.001095	0.046479
0.001095	0.046479	0.000024	0.045225
0.000024	0.045225	0.000000	0.044563
0.000000	0.044563	0.000000	0.044858
0.000000	0.044858	0.000000	0.044215
0.000000	0.044215	0.000000	0.044327
0.000000	0.044327	0.000000	0.043937
0.000000	0.043937	0.000000	0.044394
0.000000	0.044394	0.000000	0.044039
0.000000	0.044039	0.000000	0.044117
0.000000	0.044117	0.000000	0.043728
0.000000	0.043728	0.000000	0.042966
0.000000	0.042966	0.000000	0.042726
0.000000	0.042726	0.000000	0.042198
0.000000	0.042198	0.000000	0.043365
0.000000	0.043365	0.000000	0.043053
0.000000	0.043053	0.000000	0.043069
0.000000	0.043069	0.000000	0.042903
0.000000	0.042903	0.000000	0.042970
0.000000	0.042970	0.000000	0.043423
0.000000	0.043423	0.000000	0.043983
0.000000	0.043983	0.000000	0.043538
0.000000	0.043538	0.000000	0.043844
0.000000	0.043844	0.000000	0.043587
0.000000	0.043587	0.000000	0.043761
0.000000	0.043761	0.000000	0.043747
0.000000	0.043747	0.000000	0.043191
0.000000	0.043191	0.000000	0.042386
0.000000	0.042386	0.000000	0.042460
0.000000	0.042460	0.000000	0.042293
0.000000	0.042293	0.000000	0.042462
0.000000	0.042462	0.000000	0.042259
0.000000	0.042259	0.000000	0.042126
0.000000	0.042126	0.000000	0.042389
0.000000	0.042389	0.000000	0.042391
0.000000	0.042391	0.000000	0.042026
0.000000	0.042026	0.000000	0.042458
0.000000	0.042458	0.000000	0.042649
0.000000	0.042649	0.000000	0.042745
0.000000	0.042745	0.000000	0.043509
0.000000	0.043509	0.000000	0.043588
0.000000	0.043588	0.000000	0.043463
0.000000	0.043463	0.000000	0.043484
0.000000	0.043484	0.000000	0.043200
0.000000	0.043200	0.000000	0.044029
0.000000	0.044029	0.000000	0.044076
0.000000	0.044076	0.000000	0.043627
0.000000	0.043627	0.000000	0.043673
0.000000	0.043673	0.000000	0.042830
0.000000	0.042830	0.000000	0.043235
0.000000	0.043235	0.000000	0.042918
0.000000	0.042918	0.000000	0.042674
0.000000	0.042674	0.000000	0.042681
0.000000	0.042681	0.000000	0.042300
0.000000	0.042300	0.000000	0.042227
0.000000	0.042227	0.000000	0.042607
0.000000	0.042607	0.000000	0.042503
0.000000	0.042503	0.000000	0.042506
0.000000	0.042506	0.000000	0.042394
0.000000	0.042394	0.000000	0.042285
0.000000	0.042285	0.000000	0.041837
0.000000	0.041837	0.000000	0.041812
0.000000	0.041812	0.000000	0.042078
0.000000	0.042078	0.000000	0.041878
0.000000	0.041878	0.000000	0.041848
0.000000	0.041848	0.000000	0.042322
0.000000	0.042322	0.000000	0.043176
0.000000	0.043176	0.000000	0.042631
0.000000	0.042631	0.000000	0.042969
0.000000	0.042969	0.000000	0.043753
0.000000	0.043753	0.000000	0.043229
0.000000	0.043229	0.000000	0.043078
0.000000	0.043078	0.000000	0.043078
0.000000	0.043078	0.000000	0.042786
0.000000	0.042786	0.000000	0.042781
0.000000	0.042781	0.000000	0.043038
0.000000	0.043038	0.000000	0.043020
0.000000	0.043020	0.000000	0.043168
0.000000	0.043168	0.000000	0.043881
0.000000	0.043881	0.000000	0.043846
0.000000	0.043846	0.000000	0.044127
0.000000	0.044127	0.000000	0.044688
0.000000	0.044688	0.000000	0.045121
0.000000	0.045121	0.000000	0.044820
0.000000	0.044820	0.000000	0.044783
0.000000	0.044783	0.000000	0.044416
0.000000	0.044416	0.000000	0.043267
0.000000	0.043267	0.000000	0.044040
0.000000	0.044040	0.000000	0.044154
0.000000	0.044154	0.000000	0.044516
0.000000	0.044516	0.000000	0.045487
0.000000	0.045487	0.000000	0.045791
0.000000	0.045791	0.000000	0.045413
0.000000	0.045413	0.000000	0.045013
0.000000	0.045013	0.000000	0.045621
0.000000	0.045621	0.000000	0.045964
0.000000	0.045964	0.000000	0.046206
0.000000	0.046206	0.000000	0.046071
0.000000	0.046071	0.000000	0.046738
0.000000	0.046738	0.000000	0.047386
0.000000	0.047386	0.000000	0.047700
0.000000	0.047700	0.000000	0.048161
0.000000	0.048161	0.000000	0.048173
0.000000	0.048173	0.000000	0.047817
0.000000	0.047817	0.000000	0.048480
0.000000	0.048480	0.000000	0.047903
0.000000	0.047903	0.000000	0.047966
0.000000	0.047966	0.000000	0.047919
0.000000	0.047919	0.000000	0.048045
0.000000	0.048045	0.000000	0.048333
0.000000	0.048333	0.000000	0.048329
0.000000	0.048329	0.000000	0.047558
0.000000	0.047558	0.000000	0.046884
0.000000	0.046884	0.000000	0.046673
0.000000	0.046673	0.000000	0.046845
0.000000	0.046845	0.000000	0.047678
0.000000	0.047678	0.000000	0.047663
0.000000	0.047663	0.000000	0.047890
0.000000	0.047890	0.000000	0.047712
0.000000	0.047712	0.000000	0.048343
0.000000	0.048343	0.000000	0.048326
0.000000	0.048326	0.000000	0.048590
0.000000	0.048590	0.000000	0.048935
0.000000	0.048935	0.000000	0.049265
0.000000	0.049265	0.000000	0.048589
0.000000	0.048589	0.000000	0.048405
0.000000	0.048405	0.000000	0.048687
0.000000	0.048687	0.000000	0.048769
0.000000	0.048769	0.000000	0.048431
0.000000	0.048431	0.000000	0.047995
0.000000	0.047995	0.000000	0.048356
0.000000	0.048356	0.000000	0.048561
0.000000	0.048561	0.000000	0.048202
0.000000	0.048202	0.000000	0.048274
0.000000	0.048274	0.000000	0.048110
0.000000	0.048110	0.000000	0.048397
0.000000	0.048397	0.000000	0.048545
0.000000	0.048545	0.000000	0.048438
0.000000	0.048438	0.000000	0.048824
0.000000	0.048824	0.000000	0.048443
0.000000	0.048443	0.000000	0.048448
0.000000	0.048448	0.000000	0.047897
0.000000	0.047897	0.000000	0.048081
0.000000	0.048081	0.000000	0.047650
0.000000	0.047650	0.000000	0.048037
0.000000	0.048037	0.000000	0.048946
0.000000	0.048946	0.000000	0.048394
0.000000	0.048394	0.000000	0.048615
0.000000	0.048615	0.000000	0.048812
0.000000	0.048812	0.000000	0.048836
0.000000	0.048836	0.000000	0.048659
0.000000	0.048659	0.000000	0.048277
0.000000	0.048277	0.000000	0.048360
0.000000	0.048360	0.000000	0.048274
0.000000	0.048274	0.000000	0.048008
0.000000	0.048008	0.000000	0.048439
0.000000	0.048439	0.000000	0.048738
0.000000	0.048738	0.000000	0.048946
0.000000	0.048946	0.000000	0.048995
0.000000	0.048995	0.000000	0.049154
0.000000	0.049154	0.000000	0.049166
0.000000	0.049166	0.000000	0.049068
0.000000	0.049068	0.000000	0.049024
0.000000	0.049024	0.000000	0.048694
0.000000	0.048694	0.000000	0.049004
0.000000	0.049004	0.000000	0.049041
0.000000	0.049041	0.000000	0.049096
0.000000	0.049096	0.000000	0.049025
0.000000	0.049025	0.000000	0.049447
0.000000	0.049447	0.000000	0.049315
0.000000	0.049315	0.000000	0.048760
0.000000	0.048760	0.000000	0.048894
0.000000	0.048894	0.000000	0.048784
0.000000	0.048784	0.000000	0.049224
0.000000	0.049224	0.000000	0.049276
0.000000	0.049276	0.000000	0.049426
0.000000	0.049426	0.000000	0.048716
0.000000	0.048716	0.000000	0.048886
0.000000	0.048886	0.000000	0.048258
0.000000	0.048258	0.000000	0.048633
0.000000	0.048633	0.000000	0.048413
0.000000	0.048413	0.000000	0.048789
0.000000	0.048789	0.000000	0.048870
0.000000	0.048870	0.000000	0.049018
0.000000	0.049018	0.000000	0.049029
0.000000	0.049029	0.000000	0.049090
0.000000	0.049090	0.000000	0.049414
0.000000	0.049414	0.000000	0.049026
0.000000	0.049026	0.000000	0.049126
0.000000	0.049126	0.000000	0.049477
0.000000	0.049477	0.000000	0.049285
0.000000	0.049285	0.000000	0.049262
0.000000	0.049262	0.000000	0.049424
0.000000	0.049424	0.000000	0.049296
0.000000	0.049296	0.000000	0.049245
0.000000	0.049245	0.000000	0.048885
0.000000	0.048885	0.000000	0.048856
0.000000	0.048856	0.000000	0.049306
0.000000	0.049306	0.000000	0.050012
