0.299422	0.100076	0.334862	0.102942
0.334862	0.102942	0.275354	0.111368
0.275354	0.111368	0.231919	0.124851
0.231919	0.124851	0.217239	0.147520
0.217239	0.147520	0.228163	0.180184
0.228163	0.180184	0.260521	0.226302
0.260521	0.226302	0.309135	0.281453
0.309135	0.281453	0.373442	0.348803
0.373442	0.348803	0.447801	0.423625
0.447801	0.423625	0.527508	0.503159
0.527508	0.503159	0.609691	0.584785
0.609691	0.584785	0.687873	0.662115
0.687873	0.662115	0.757466	0.730485
0.757466	0.730485	0.819589	0.792122
0.819589	0.792122	0.870483	0.842593
0.870483	0.842593	0.910439	0.881564
0.910439	0.881564	0.940704	0.911499
0.940704	0.911499	0.962178	0.932442
0.962178	0.932442	0.975789	0.945742
0.975789	0.945742	0.985398	0.955214
0.985398	0.955214	0.991187	0.961023
0.991187	0.961023	0.994933	0.965007
0.994933	0.965007	0.997247	0.967399
0.997247	0.967399	0.998545	0.968873
0.998545	0.968873	0.999295	0.969592
0.999295	0.969592	0.999658	0.970563
0.999658	0.970563	0.999855	0.971061
0.999855	0.971061	0.999947	0.970833
0.999947	0.970833	0.999974	0.971358
0.999974	0.971358	0.999983	0.971027
0.999983	0.971027	0.999991	0.970869
0.999991	0.970869	1.000000	0.971269
1.000000	0.971269	1.000000	0.971437
1.000000	0.971437	1.000000	0.971386
1.000000	0.971386	1.000000	0.971409
1.000000	0.971409	1.000000	0.971395
1.000000	0.971395	1.000000	0.971661
1.000000	0.971661	1.000000	0.971693
1.000000	0.971693	1.000000	0.971742
1.000000	0.971742	1.000000	0.971444
1.000000	0.971444	1.000000	0.972021
1.000000	0.972021	1.000000	0.971769
1.000000	0.971769	1.000000	0.971787
1.000000	0.971787	1.000000	0.971714
1.000000	0.971714	1.000000	0.972146
1.000000	0.972146	1.000000	0.972345
1.000000	0.972345	1.000000	0.972963
1.000000	0.972963	1.000000	0.972597
1.000000	0.972597	1.000000	0.972366
1.000000	0.972366	1.000000	0.972270
1.000000	0.972270	1.000000	0.971826
1.000000	0.971826	1.000000	0.972656
1.000000	0.972656	1.000000	0.972527
1.000000	0.972527	1.000000	0.972231
1.000000	0.972231	1.000000	0.971865
1.000000	0.971865	1.000000	0.971813
1.000000	0.971813	1.000000	0.971870
1.000000	0.971870	1.000000	0.971427
1.000000	0.971427	1.000000	0.971790
1.000000	0.971790	1.000000	0.971611
1.000000	0.971611	1.000000	0.971320
1.000000	0.971320	1.000000	0.971718
1.000000	0.971718	1.000000	0.971790
1.000000	0.971790	1.000000	0.971987
1.000000	0.971987	1.000000	0.972221
1.000000	0.972221	1.000000	0.971942
1.000000	0.971942	1.000000	0.971534
1.000000	0.971534	1.000000	0.972056
1.000000	0.972056	1.000000	0.972468
1.000000	0.972468	1.000000	0.972347
1.000000	0.972347	1.000000	0.972464
1.000000	0.972464	1.000000	0.972713
1.000000	0.972713	1.000000	0.973193
1.000000	0.973193	1.000000	0.972855
1.000000	0.972855	1.000000	0.972970
1.000000	0.972970	1.000000	0.972839
1.000000	0.972839	1.000000	0.972650
1.000000	0.972650	1.000000	0.972465
1.000000	0.972465	1.000000	0.973027
1.000000	0.973027	1.000000	0.973195
1.000000	0.973195	1.000000	0.972783
1.000000	0.972783	1.000000	0.972992
1.000000	0.972992	1.000000	0.972606
1.000000	0.972606	1.000000	0.972657
1.000000	0.972657	1.000000	0.972562
1.000000	0.972562	1.000000	0.971915
1.000000	0.971915	1.000000	0.972158
1.000000	0.972158	1.000000	0.971275
1.000000	0.971275	1.000000	0.971982
1.000000	0.971982	1.000000	0.971639
1.000000	0.971639	1.000000	0.971891
1.000000	0.971891	1.000000	0.971718
1.000000	0.971718	1.000000	0.971685
1.000000	0.971685	1.000000	0.971985
1.000000	0.971985	1.000000	0.971807
1.000000	0.971807	1.000000	0.971824
1.000000	0.971824	1.000000	0.971920
1.000000	0.971920	1.000000	0.972232
1.000000	0.972232	1.000000	0.972127
1.000000	0.972127	1.000000	0.972030
1.000000	0.972030	1.000000	0.972308
1.000000	0.972308	1.000000	0.972059
1.000000	0.972059	1.000000	0.972145
1.000000	0.972145	1.000000	0.972250
1.000000	0.972250	1.000000	0.972005
1.000000	0.972005	1.000000	0.971322
1.000000	0.971322	1.000000	0.971670
1.000000	0.971670	1.000000	0.971461
1.000000	0.971461	1.000000	0.971591
1.000000	0.971591	1.000000	0.972100
1.000000	0.972100	1.000000	0.971939
1.000000	0.971939	1.000000	0.971806
1.000000	0.971806	1.000000	0.971583
1.000000	0.971583	1.000000	0.971407
1.000000	0.971407	1.000000	0.971846
1.000000	0.971846	1.000000	0.971653
1.000000	0.971653	1.000000	0.971557
1.000000	0.971557	1.000000	0.971569
1.000000	0.971569	1.000000	0.971885
1.000000	0.971885	1.000000	0.972588
1.000000	0.972588	1.000000	0.972718
1.000000	0.972718	1.000000	0.972761
1.000000	0.972761	1.000000	0.973385
1.000000	0.973385	1.000000	0.973436
1.000000	0.973436	1.000000	0.973452
1.000000	0.973452	1.000000	0.973474
1.000000	0.973474	1.000000	0.973608
1.000000	0.973608	1.000000	0.973164
1.000000	0.973164	1.000000	0.972908
1.000000	0.972908	1.000000	0.973129
1.000000	0.973129	1.000000	0.973582
1.000000	0.973582	1.000000	0.974064
1.000000	0.974064	1.000000	0.973598
1.000000	0.973598	1.000000	0.973642
1.000000	0.973642	1.000000	0.973800
1.000000	0.973800	1.000000	0.974083
1.000000	0.974083	1.000000	0.974131
1.000000	0.974131	1.000000	0.973954
1.000000	0.973954	1.000000	0.974590
1.000000	0.974590	1.000000	0.974686
1.000000	0.974686	1.000000	0.974689
1.000000	0.974689	1.000000	0.974268
1.000000	0.974268	1.000000	0.974494
1.000000	0.974494	1.000000	0.974441
1.000000	0.974441	1.000000	0.974399
1.000000	0.974399	1.000000	0.974338
1.000000	0.974338	1.000000	0.974115
1.000000	0.974115	1.000000	0.973936
1.000000	0.973936	1.000000	0.974051
1.000000	0.974051	1.000000	0.974358
1.000000	0.974358	1.000000	0.974669
1.000000	0.974669	1.000000	0.974970
1.000000	0.974970	1.000000	0.975715
1.000000	0.975715	1.000000	0.975546
1.000000	0.975546	1.000000	0.975772
1.000000	0.975772	1.000000	0.975852
1.000000	0.975852	1.000000	0.975817
1.000000	0.975817	1.000000	0.975552
1.000000	0.975552	1.000000	0.975471
1.000000	0.975471	1.000000	0.975338
1.000000	0.975338	1.000000	0.975101
1.000000	0.975101	1.000000	0.974985
1.000000	0.974985	1.000000	0.975040
1.000000	0.975040	1.000000	0.975556
1.000000	0.975556	1.000000	0.975760
1.000000	0.975760	1.000000	0.975399
1.000000	0.975399	1.000000	0.975124
1.000000	0.975124	1.000000	0.974664
1.000000	0.974664	1.000000	0.974472
1.000000	0.974472	1.000000	0.974397
1.000000	0.974397	1.000000	0.974422
1.000000	0.974422	1.000000	0.974340
1.000000	0.974340	1.000000	0.974540
1.000000	0.974540	1.000000	0.974295
1.000000	0.974295	1.000000	0.974410
1.000000	0.974410	1.000000	0.974708
1.000000	0.974708	1.000000	0.974637
1.000000	0.974637	1.000000	0.974398
1.000000	0.974398	1.000000	0.974327
1.000000	0.974327	1.000000	0.974439
1.000000	0.974439	1.000000	0.974486
1.000000	0.974486	1.000000	0.974022
1.000000	0.974022	1.000000	0.974241
1.000000	0.974241	1.000000	0.974054
1.000000	0.974054	1.000000	0.974187
1.000000	0.974187	1.000000	0.974361
1.000000	0.974361	1.000000	0.974965
1.000000	0.974965	1.000000	0.975200
1.000000	0.975200	1.000000	0.974965
1.000000	0.974965	1.000000	0.975186
1.000000	0.975186	1.000000	0.975448
1.000000	0.975448	1.000000	0.975394
1.000000	0.975394	1.000000	0.975459
1.000000	0.975459	1.000000	0.975151
1.000000	0.975151	1.000000	0.975182
1.000000	0.975182	1.000000	0.975356
1.000000	0.975356	1.000000	0.974969
1.000000	0.974969	1.000000	0.975286
1.000000	0.975286	1.000000	0.974955
0.299643	0.199812	0.424268	0.205863
0.424268	0.205863	0.426931	0.222358
0.426931	0.222358	0.427231	0.250418
0.427231	0.250418	0.442421	0.290141
0.442421	0.290141	0.475321	0.342045
0.475321	0.342045	0.525484	0.405297
0.525484	0.405297	0.587737	0.475913
0.587737	0.475913	0.658584	0.552526
0.658584	0.552526	0.730251	0.627904
0.730251	0.627904	0.796228	0.695780
0.796228	0.695780	0.853902	0.754640
0.853902	0.754640	0.901453	0.802341
0.901453	0.802341	0.936864	0.838516
0.936864	0.838516	0.962023	0.863765
0.962023	0.863765	0.977973	0.880754
0.977973	0.880754	0.987688	0.891377
0.987688	0.891377	0.993019	0.897316
0.993019	0.897316	0.995887	0.899751
0.995887	0.899751	0.997613	0.901539
0.997613	0.901539	0.998715	0.902566
0.998715	0.902566	0.999249	0.903016
0.999249	0.903016	0.999521	0.902900
0.999521	0.902900	0.999709	0.902887
0.999709	0.902887	0.999762	0.903676
0.999762	0.903676	0.999767	0.903987
0.999767	0.903987	0.999802	0.904446
0.999802	0.904446	0.999817	0.904283
0.999817	0.904283	0.999885	0.903269
0.999885	0.903269	0.999924	0.903917
0.999924	0.903917	0.999949	0.903170
0.999949	0.903170	0.999951	0.903252
0.999951	0.903252	0.999971	0.902690
0.999971	0.902690	0.999990	0.902588
0.999990	0.902588	0.999993	0.903101
0.999993	0.903101	1.000000	0.903292
1.000000	0.903292	1.000000	0.903631
1.000000	0.903631	1.000000	0.903830
1.000000	0.903830	1.000000	0.902927
1.000000	0.902927	1.000000	0.902502
1.000000	0.902502	1.000000	0.902340
1.000000	0.902340	1.000000	0.901186
1.000000	0.901186	1.000000	0.902181
1.000000	0.902181	1.000000	0.901284
1.000000	0.901284	1.000000	0.901868
1.000000	0.901868	1.000000	0.901253
1.000000	0.901253	1.000000	0.901362
1.000000	0.901362	1.000000	0.901868
1.000000	0.901868	1.000000	0.901016
1.000000	0.901016	1.000000	0.900946
1.000000	0.900946	1.000000	0.900413
1.000000	0.900413	1.000000	0.901115
1.000000	0.901115	1.000000	0.901194
1.000000	0.901194	1.000000	0.899833
1.000000	0.899833	1.000000	0.900065
1.000000	0.900065	1.000000	0.900707
1.000000	0.900707	1.000000	0.899814
1.000000	0.899814	1.000000	0.901361
1.000000	0.901361	1.000000	0.901548
1.000000	0.901548	1.000000	0.902135
1.000000	0.902135	1.000000	0.901308
1.000000	0.901308	1.000000	0.901153
1.000000	0.901153	1.000000	0.901251
1.000000	0.901251	1.000000	0.901134
1.000000	0.901134	1.000000	0.902282
1.000000	0.902282	1.000000	0.902663
1.000000	0.902663	1.000000	0.902669
1.000000	0.902669	1.000000	0.902124
1.000000	0.902124	1.000000	0.902292
1.000000	0.902292	1.000000	0.902159
1.000000	0.902159	1.000000	0.902757
1.000000	0.902757	1.000000	0.903072
1.000000	0.903072	1.000000	0.903571
1.000000	0.903571	1.000000	0.903804
1.000000	0.903804	1.000000	0.904391
1.000000	0.904391	1.000000	0.904782
1.000000	0.904782	1.000000	0.903844
1.000000	0.903844	1.000000	0.903799
1.000000	0.903799	1.000000	0.902508
1.000000	0.902508	1.000000	0.902779
1.000000	0.902779	1.000000	0.902845
1.000000	0.902845	1.000000	0.902588
1.000000	0.902588	1.000000	0.903041
1.000000	0.903041	1.000000	0.903283
1.000000	0.903283	1.000000	0.903334
1.000000	0.903334	1.000000	0.903199
1.000000	0.903199	1.000000	0.903021
1.000000	0.903021	1.000000	0.903132
1.000000	0.903132	1.000000	0.902875
1.000000	0.902875	1.000000	0.903366
1.000000	0.903366	1.000000	0.903672
1.000000	0.903672	1.000000	0.904227
1.000000	0.904227	1.000000	0.904814
1.000000	0.904814	1.000000	0.904467
1.000000	0.904467	1.000000	0.903654
1.000000	0.903654	1.000000	0.904635
1.000000	0.904635	1.000000	0.904649
1.000000	0.904649	1.000000	0.904313
1.000000	0.904313	1.000000	0.904944
1.000000	0.904944	1.000000	0.904538
1.000000	0.904538	1.000000	0.904061
1.000000	0.904061	1.000000	0.904469
1.000000	0.904469	1.000000	0.905206
1.000000	0.905206	1.000000	0.905376
1.000000	0.905376	1.000000	0.905695
1.000000	0.905695	1.000000	0.906104
1.000000	0.906104	1.000000	0.906260
1.000000	0.906260	1.000000	0.906315
1.000000	0.906315	1.000000	0.906191
1.000000	0.906191	1.000000	0.907555
1.000000	0.907555	1.000000	0.907866
1.000000	0.907866	1.000000	0.907003
1.000000	0.907003	1.000000	0.906644
1.000000	0.906644	1.000000	0.904815
1.000000	0.904815	1.000000	0.904404
1.000000	0.904404	1.000000	0.905721
1.000000	0.905721	1.000000	0.906235
1.000000	0.906235	1.000000	0.906628
1.000000	0.906628	1.000000	0.907109
1.000000	0.907109	1.000000	0.907281
1.000000	0.907281	1.000000	0.906542
1.000000	0.906542	1.000000	0.907166
1.000000	0.907166	1.000000	0.906970
1.000000	0.906970	1.000000	0.907546
1.000000	0.907546	1.000000	0.906955
1.000000	0.906955	1.000000	0.907136
1.000000	0.907136	1.000000	0.906507
1.000000	0.906507	1.000000	0.906494
1.000000	0.906494	1.000000	0.905783
1.000000	0.905783	1.000000	0.905208
1.000000	0.905208	1.000000	0.905230
1.000000	0.905230	1.000000	0.905486
1.000000	0.905486	1.000000	0.906380
1.000000	0.906380	1.000000	0.906324
1.000000	0.906324	1.000000	0.905683
1.000000	0.905683	1.000000	0.906668
1.000000	0.906668	1.000000	0.906559
1.000000	0.906559	1.000000	0.907571
1.000000	0.907571	1.000000	0.907770
1.000000	0.907770	1.000000	0.907516
1.000000	0.907516	1.000000	0.908002
1.000000	0.908002	1.000000	0.908387
1.000000	0.908387	1.000000	0.908372
1.000000	0.908372	1.000000	0.909367
1.000000	0.909367	1.000000	0.910888
1.000000	0.910888	1.000000	0.910317
1.000000	0.910317	1.000000	0.910114
1.000000	0.910114	1.000000	0.909600
1.000000	0.909600	1.000000	0.910275
1.000000	0.910275	1.000000	0.910160
1.000000	0.910160	1.000000	0.910324
1.000000	0.910324	1.000000	0.910094
1.000000	0.910094	1.000000	0.909747
1.000000	0.909747	1.000000	0.909945
1.000000	0.909945	1.000000	0.910863
1.000000	0.910863	1.000000	0.910917
1.000000	0.910917	1.000000	0.910949
1.000000	0.910949	1.000000	0.911216
1.000000	0.911216	1.000000	0.911348
1.000000	0.911348	1.000000	0.911795
1.000000	0.911795	1.000000	0.912076
1.000000	0.912076	1.000000	0.912443
1.000000	0.912443	1.000000	0.912299
1.000000	0.912299	1.000000	0.911782
1.000000	0.911782	1.000000	0.911381
1.000000	0.911381	1.000000	0.911864
1.000000	0.911864	1.000000	0.912176
1.000000	0.912176	1.000000	0.912165
1.000000	0.912165	1.000000	0.912056
1.000000	0.912056	1.000000	0.912014
1.000000	0.912014	1.000000	0.911488
1.000000	0.911488	1.000000	0.911695
1.000000	0.911695	1.000000	0.911378
1.000000	0.911378	1.000000	0.912033
1.000000	0.912033	1.000000	0.912080
1.000000	0.912080	1.000000	0.912826
1.000000	0.912826	1.000000	0.912358
1.000000	0.912358	1.000000	0.912443
1.000000	0.912443	1.000000	0.913056
1.000000	0.913056	1.000000	0.912305
1.000000	0.912305	1.000000	0.911940
1.000000	0.911940	1.000000	0.912425
1.000000	0.912425	1.000000	0.913391
1.000000	0.913391	1.000000	0.913864
1.000000	0.913864	1.000000	0.913681
1.000000	0.913681	1.000000	0.913373
1.000000	0.913373	1.000000	0.912856
1.000000	0.912856	1.000000	0.912371
1.000000	0.912371	1.000000	0.911950
1.000000	0.911950	1.000000	0.911737
1.000000	0.911737	1.000000	0.911063
1.000000	0.911063	1.000000	0.911494
1.000000	0.911494	1.000000	0.911809
1.000000	0.911809	1.000000	0.912264
1.000000	0.912264	1.000000	0.912468
1.000000	0.912468	1.000000	0.912488
1.000000	0.912488	1.000000	0.912862
1.000000	0.912862	1.000000	0.913437
1.000000	0.913437	1.000000	0.913614
1.000000	0.913614	1.000000	0.913533
0.298925	0.299875	0.514659	0.309705
0.514659	0.309705	0.573091	0.333329
0.573091	0.333329	0.611691	0.369615
0.611691	0.369615	0.647270	0.412009
0.647270	0.412009	0.685949	0.461683
0.685949	0.461683	0.728371	0.514093
0.728371	0.514093	0.772766	0.568065
0.772766	0.568065	0.815917	0.618338
0.815917	0.618338	0.856404	0.666389
0.856404	0.666389	0.892870	0.706049
0.892870	0.706049	0.922528	0.737551
0.922528	0.737551	0.945229	0.763093
0.945229	0.763093	0.962366	0.782197
0.962366	0.782197	0.974755	0.795857
0.974755	0.795857	0.983122	0.806470
0.983122	0.806470	0.988803	0.812923
0.988803	0.812923	0.992525	0.817526
0.992525	0.817526	0.994797	0.821392
0.994797	0.821392	0.996408	0.824544
0.996408	0.824544	0.997396	0.826129
0.997396	0.826129	0.998153	0.827315
0.998153	0.827315	0.998442	0.829567
0.998442	0.829567	0.998823	0.829863
0.998823	0.829863	0.999189	0.830708
0.999189	0.830708	0.999441	0.831508
0.999441	0.831508	0.999569	0.832421
0.999569	0.832421	0.999679	0.832694
0.999679	0.832694	0.999718	0.832514
0.999718	0.832514	0.999783	0.833376
0.999783	0.833376	0.999809	0.832380
0.999809	0.832380	0.999826	0.833242
0.999826	0.833242	0.999879	0.833564
0.999879	0.833564	0.999915	0.835139
0.999915	0.835139	0.999937	0.835275
0.999937	0.835275	0.999977	0.835962
0.999977	0.835962	0.999988	0.835386
0.999988	0.835386	0.999986	0.835387
0.999986	0.835387	0.999996	0.836085
0.999996	0.836085	1.000000	0.835774
1.000000	0.835774	1.000000	0.836454
1.000000	0.836454	1.000000	0.836581
1.000000	0.836581	1.000000	0.836125
1.000000	0.836125	1.000000	0.835494
1.000000	0.835494	1.000000	0.835420
1.000000	0.835420	1.000000	0.836873
1.000000	0.836873	1.000000	0.837010
1.000000	0.837010	1.000000	0.836292
1.000000	0.836292	1.000000	0.835414
1.000000	0.835414	1.000000	0.835136
1.000000	0.835136	1.000000	0.835022
1.000000	0.835022	1.000000	0.835017
1.000000	0.835017	1.000000	0.836180
1.000000	0.836180	1.000000	0.836213
1.000000	0.836213	1.000000	0.836585
1.000000	0.836585	1.000000	0.836378
1.000000	0.836378	1.000000	0.834971
1.000000	0.834971	1.000000	0.836075
1.000000	0.836075	1.000000	0.835630
1.000000	0.835630	1.000000	0.836590
1.000000	0.836590	1.000000	0.835570
1.000000	0.835570	1.000000	0.835710
1.000000	0.835710	1.000000	0.835015
1.000000	0.835015	1.000000	0.835456
1.000000	0.835456	1.000000	0.835921
1.000000	0.835921	1.000000	0.836036
1.000000	0.836036	1.000000	0.836859
1.000000	0.836859	1.000000	0.837042
1.000000	0.837042	1.000000	0.836903
1.000000	0.836903	1.000000	0.837754
1.000000	0.837754	1.000000	0.837305
1.000000	0.837305	1.000000	0.837606
1.000000	0.837606	1.000000	0.838590
1.000000	0.838590	1.000000	0.838986
1.000000	0.838986	1.000000	0.838139
1.000000	0.838139	1.000000	0.838829
1.000000	0.838829	1.000000	0.840156
1.000000	0.840156	1.000000	0.841184
1.000000	0.841184	1.000000	0.840797
1.000000	0.840797	1.000000	0.840579
1.000000	0.840579	1.000000	0.840734
1.000000	0.840734	1.000000	0.841774
1.000000	0.841774	1.000000	0.841531
1.000000	0.841531	1.000000	0.841959
1.000000	0.841959	1.000000	0.841811
1.000000	0.841811	1.000000	0.841295
1.000000	0.841295	1.000000	0.841273
1.000000	0.841273	1.000000	0.841988
1.000000	0.841988	1.000000	0.841996
1.000000	0.841996	1.000000	0.842895
1.000000	0.842895	1.000000	0.843554
1.000000	0.843554	1.000000	0.844274
1.000000	0.844274	1.000000	0.843386
1.000000	0.843386	1.000000	0.842823
1.000000	0.842823	1.000000	0.841987
1.000000	0.841987	1.000000	0.842463
1.000000	0.842463	1.000000	0.842630
1.000000	0.842630	1.000000	0.842379
1.000000	0.842379	1.000000	0.842389
1.000000	0.842389	1.000000	0.842965
1.000000	0.842965	1.000000	0.841775
1.000000	0.841775	1.000000	0.840966
1.000000	0.840966	1.000000	0.840295
1.000000	0.840295	1.000000	0.840643
1.000000	0.840643	1.000000	0.840673
1.000000	0.840673	1.000000	0.841588
1.000000	0.841588	1.000000	0.841458
1.000000	0.841458	1.000000	0.842580
1.000000	0.842580	1.000000	0.843332
1.000000	0.843332	1.000000	0.844496
1.000000	0.844496	1.000000	0.844980
1.000000	0.844980	1.000000	0.843796
1.000000	0.843796	1.000000	0.844844
1.000000	0.844844	1.000000	0.844755
1.000000	0.844755	1.000000	0.845003
1.000000	0.845003	1.000000	0.843892
1.000000	0.843892	1.000000	0.844026
1.000000	0.844026	1.000000	0.844248
1.000000	0.844248	1.000000	0.842780
1.000000	0.842780	1.000000	0.843256
1.000000	0.843256	1.000000	0.843452
1.000000	0.843452	1.000000	0.843168
1.000000	0.843168	1.000000	0.842384
1.000000	0.842384	1.000000	0.842717
1.000000	0.842717	1.000000	0.841788
1.000000	0.841788	1.000000	0.842434
1.000000	0.842434	1.000000	0.842584
1.000000	0.842584	1.000000	0.843722
1.000000	0.843722	1.000000	0.843379
1.000000	0.843379	1.000000	0.844314
1.000000	0.844314	1.000000	0.842219
1.000000	0.842219	1.000000	0.842122
1.000000	0.842122	1.000000	0.841493
1.000000	0.841493	1.000000	0.841534
1.000000	0.841534	1.000000	0.841339
1.000000	0.841339	1.000000	0.842450
1.000000	0.842450	1.000000	0.843153
1.000000	0.843153	1.000000	0.843447
1.000000	0.843447	1.000000	0.843704
1.000000	0.843704	1.000000	0.844331
1.000000	0.844331	1.000000	0.844600
1.000000	0.844600	1.000000	0.845558
1.000000	0.845558	1.000000	0.845985
1.000000	0.845985	1.000000	0.846103
1.000000	0.846103	1.000000	0.844951
1.000000	0.844951	1.000000	0.845043
1.000000	0.845043	1.000000	0.844588
1.000000	0.844588	1.000000	0.844137
1.000000	0.844137	1.000000	0.843947
1.000000	0.843947	1.000000	0.844570
1.000000	0.844570	1.000000	0.843706
1.000000	0.843706	1.000000	0.843365
1.000000	0.843365	1.000000	0.843202
1.000000	0.843202	1.000000	0.841948
1.000000	0.841948	1.000000	0.842403
1.000000	0.842403	1.000000	0.842728
1.000000	0.842728	1.000000	0.841912
1.000000	0.841912	1.000000	0.842322
1.000000	0.842322	1.000000	0.843004
1.000000	0.843004	1.000000	0.843825
1.000000	0.843825	1.000000	0.845058
1.000000	0.845058	1.000000	0.845412
1.000000	0.845412	1.000000	0.845582
1.000000	0.845582	1.000000	0.846462
1.000000	0.846462	1.000000	0.847019
1.000000	0.847019	1.000000	0.846131
1.000000	0.846131	1.000000	0.845017
1.000000	0.845017	1.000000	0.844357
1.000000	0.844357	1.000000	0.843366
1.000000	0.843366	1.000000	0.843653
1.000000	0.843653	1.000000	0.843455
1.000000	0.843455	1.000000	0.843236
1.000000	0.843236	1.000000	0.842850
1.000000	0.842850	1.000000	0.843126
1.000000	0.843126	1.000000	0.843299
1.000000	0.843299	1.000000	0.843221
1.000000	0.843221	1.000000	0.842836
1.000000	0.842836	1.000000	0.842664
1.000000	0.842664	1.000000	0.842341
1.000000	0.842341	1.000000	0.842464
1.000000	0.842464	1.000000	0.843199
1.000000	0.843199	1.000000	0.843893
1.000000	0.843893	1.000000	0.843376
1.000000	0.843376	1.000000	0.843705
1.000000	0.843705	1.000000	0.844137
1.000000	0.844137	1.000000	0.843517
1.000000	0.843517	1.000000	0.843144
1.000000	0.843144	1.000000	0.843021
1.000000	0.843021	1.000000	0.842408
1.000000	0.842408	1.000000	0.843159
1.000000	0.843159	1.000000	0.842088
1.000000	0.842088	1.000000	0.842297
1.000000	0.842297	1.000000	0.841802
1.000000	0.841802	1.000000	0.842559
1.000000	0.842559	1.000000	0.844162
1.000000	0.844162	1.000000	0.844329
1.000000	0.844329	1.000000	0.843435
1.000000	0.843435	1.000000	0.842342
1.000000	0.842342	1.000000	0.842234
1.000000	0.842234	1.000000	0.840170
0.299355	0.400231	0.600205	0.414476
0.600205	0.414476	0.703186	0.441201
0.703186	0.441201	0.761551	0.474429
0.761551	0.474429	0.802401	0.510633
0.802401	0.510633	0.833251	0.545748
0.833251	0.545748	0.860977	0.581572
0.860977	0.581572	0.885922	0.613801
0.885922	0.613801	0.907535	0.643274
0.907535	0.643274	0.926763	0.667653
0.926763	0.667653	0.942224	0.688283
0.942224	0.688283	0.955370	0.705213
0.955370	0.705213	0.966551	0.717781
0.966551	0.717781	0.974218	0.726102
0.974218	0.726102	0.980798	0.733533
0.980798	0.733533	0.985519	0.738243
0.985519	0.738243	0.989237	0.743556
0.989237	0.743556	0.991430	0.747014
0.991430	0.747014	0.993255	0.750495
0.993255	0.750495	0.994467	0.753998
0.994467	0.753998	0.995534	0.754881
0.995534	0.754881	0.996384	0.754848
0.996384	0.754848	0.997003	0.755539
0.997003	0.755539	0.997571	0.755948
0.997571	0.755948	0.997819	0.757380
0.997819	0.757380	0.998196	0.757382
0.998196	0.757382	0.998480	0.756042
0.998480	0.756042	0.998558	0.754971
0.998558	0.754971	0.998718	0.755140
0.998718	0.755140	0.998839	0.755084
0.998839	0.755084	0.999041	0.756922
0.999041	0.756922	0.999171	0.758378
0.999171	0.758378	0.999297	0.759039
0.999297	0.759039	0.999365	0.760049
0.999365	0.760049	0.999435	0.759199
0.999435	0.759199	0.999500	0.758987
0.999500	0.758987	0.999568	0.760074
0.999568	0.760074	0.999645	0.758494
0.999645	0.758494	0.999683	0.759031
0.999683	0.759031	0.999682	0.759339
0.999682	0.759339	0.999625	0.759921
0.999625	0.759921	0.999551	0.760028
0.999551	0.760028	0.999508	0.761436
0.999508	0.761436	0.999484	0.762707
0.999484	0.762707	0.999417	0.762374
0.999417	0.762374	0.999428	0.763529
0.999428	0.763529	0.999515	0.763659
0.999515	0.763659	0.999526	0.763198
0.999526	0.763198	0.999613	0.763077
0.999613	0.763077	0.999613	0.763615
0.999613	0.763615	0.999632	0.762837
0.999632	0.762837	0.999679	0.763738
0.999679	0.763738	0.999721	0.764453
0.999721	0.764453	0.999822	0.765163
0.999822	0.765163	0.999866	0.764106
0.999866	0.764106	0.999889	0.762550
0.999889	0.762550	0.999899	0.761169
0.999899	0.761169	0.999939	0.761114
0.999939	0.761114	0.999957	0.761760
0.999957	0.761760	0.999964	0.762255
0.999964	0.762255	0.999978	0.762474
0.999978	0.762474	0.999977	0.762904
0.999977	0.762904	0.999962	0.763172
0.999962	0.763172	0.999950	0.762933
0.999950	0.762933	0.999944	0.764137
0.999944	0.764137	0.999931	0.764279
0.999931	0.764279	0.999922	0.763336
0.999922	0.763336	0.999943	0.763951
0.999943	0.763951	0.999928	0.763841
0.999928	0.763841	0.999935	0.764407
0.999935	0.764407	0.999968	0.764111
0.999968	0.764111	0.999984	0.763064
0.999984	0.763064	0.999997	0.764239
0.999997	0.764239	0.999998	0.764001
0.999998	0.764001	1.000000	0.763935
1.000000	0.763935	1.000000	0.765108
1.000000	0.765108	1.000000	0.764915
1.000000	0.764915	1.000000	0.763724
1.000000	0.763724	1.000000	0.764144
1.000000	0.764144	1.000000	0.765840
1.000000	0.765840	1.000000	0.764333
1.000000	0.764333	1.000000	0.764008
1.000000	0.764008	1.000000	0.765245
1.000000	0.765245	1.000000	0.765809
1.000000	0.765809	1.000000	0.766249
1.000000	0.766249	1.000000	0.766048
1.000000	0.766048	1.000000	0.765017
1.000000	0.765017	1.000000	0.765536
1.000000	0.765536	1.000000	0.764703
1.000000	0.764703	1.000000	0.764963
1.000000	0.764963	1.000000	0.764355
1.000000	0.764355	1.000000	0.763647
1.000000	0.763647	1.000000	0.763684
1.000000	0.763684	1.000000	0.763759
1.000000	0.763759	1.000000	0.764240
1.000000	0.764240	1.000000	0.764561
1.000000	0.764561	1.000000	0.766223
1.000000	0.766223	1.000000	0.767398
1.000000	0.767398	1.000000	0.768621
1.000000	0.768621	1.000000	0.768037
1.000000	0.768037	1.000000	0.768069
1.000000	0.768069	1.000000	0.768511
1.000000	0.768511	1.000000	0.767469
1.000000	0.767469	1.000000	0.766527
1.000000	0.766527	1.000000	0.766836
1.000000	0.766836	1.000000	0.766359
1.000000	0.766359	1.000000	0.766175
1.000000	0.766175	1.000000	0.767015
1.000000	0.767015	1.000000	0.767560
1.000000	0.767560	1.000000	0.769266
1.000000	0.769266	1.000000	0.769048
1.000000	0.769048	1.000000	0.769412
1.000000	0.769412	1.000000	0.769267
1.000000	0.769267	1.000000	0.768438
1.000000	0.768438	1.000000	0.769450
1.000000	0.769450	1.000000	0.768939
1.000000	0.768939	1.000000	0.768204
1.000000	0.768204	1.000000	0.768138
1.000000	0.768138	1.000000	0.768856
1.000000	0.768856	1.000000	0.769933
1.000000	0.769933	1.000000	0.769852
1.000000	0.769852	1.000000	0.768968
1.000000	0.768968	1.000000	0.769479
1.000000	0.769479	1.000000	0.768143
1.000000	0.768143	1.000000	0.767416
1.000000	0.767416	1.000000	0.767514
1.000000	0.767514	1.000000	0.767487
1.000000	0.767487	1.000000	0.767559
1.000000	0.767559	1.000000	0.768212
1.000000	0.768212	1.000000	0.769438
1.000000	0.769438	1.000000	0.768514
1.000000	0.768514	1.000000	0.767801
1.000000	0.767801	1.000000	0.767961
1.000000	0.767961	1.000000	0.767874
1.000000	0.767874	1.000000	0.768328
1.000000	0.768328	1.000000	0.768056
1.000000	0.768056	1.000000	0.768626
1.000000	0.768626	1.000000	0.767792
1.000000	0.767792	1.000000	0.769242
1.000000	0.769242	1.000000	0.770696
1.000000	0.770696	1.000000	0.771178
1.000000	0.771178	1.000000	0.771064
1.000000	0.771064	1.000000	0.769284
1.000000	0.769284	1.000000	0.771476
1.000000	0.771476	1.000000	0.772590
1.000000	0.772590	1.000000	0.774332
1.000000	0.774332	1.000000	0.774178
1.000000	0.774178	1.000000	0.774584
1.000000	0.774584	1.000000	0.773707
1.000000	0.773707	1.000000	0.773626
1.000000	0.773626	1.000000	0.774759
1.000000	0.774759	1.000000	0.774615
1.000000	0.774615	1.000000	0.774911
1.000000	0.774911	1.000000	0.773341
1.000000	0.773341	1.000000	0.773388
1.000000	0.773388	1.000000	0.773697
1.000000	0.773697	1.000000	0.773890
1.000000	0.773890	1.000000	0.774276
1.000000	0.774276	1.000000	0.773691
1.000000	0.773691	1.000000	0.774871
1.000000	0.774871	1.000000	0.774756
1.000000	0.774756	1.000000	0.774995
1.000000	0.774995	1.000000	0.774473
1.000000	0.774473	1.000000	0.773847
1.000000	0.773847	1.000000	0.771964
1.000000	0.771964	1.000000	0.770575
1.000000	0.770575	1.000000	0.770995
1.000000	0.770995	1.000000	0.771901
1.000000	0.771901	1.000000	0.771932
1.000000	0.771932	1.000000	0.772937
1.000000	0.772937	1.000000	0.773901
1.000000	0.773901	1.000000	0.774497
1.000000	0.774497	1.000000	0.774122
1.000000	0.774122	1.000000	0.775193
1.000000	0.775193	1.000000	0.775162
1.000000	0.775162	1.000000	0.774876
1.000000	0.774876	1.000000	0.775233
1.000000	0.775233	1.000000	0.774872
1.000000	0.774872	1.000000	0.774011
1.000000	0.774011	1.000000	0.773845
1.000000	0.773845	1.000000	0.774853
1.000000	0.774853	1.000000	0.773449
1.000000	0.773449	1.000000	0.771872
1.000000	0.771872	1.000000	0.771346
1.000000	0.771346	1.000000	0.770925
1.000000	0.770925	1.000000	0.770014
1.000000	0.770014	1.000000	0.770498
1.000000	0.770498	1.000000	0.771619
1.000000	0.771619	1.000000	0.769396
1.000000	0.769396	1.000000	0.769452
1.000000	0.769452	1.000000	0.768540
1.000000	0.768540	1.000000	0.769040
1.000000	0.769040	1.000000	0.768135
1.000000	0.768135	1.000000	0.767536
1.000000	0.767536	1.000000	0.766882
1.000000	0.766882	1.000000	0.765322
1.000000	0.765322	1.000000	0.764384
1.000000	0.764384	1.000000	0.763700
1.000000	0.763700	1.000000	0.764838
1.000000	0.764838	1.000000	0.764273
0.299784	0.499875	0.676348	0.512471
0.676348	0.512471	0.802709	0.540824
0.802709	0.540824	0.863621	0.571279
0.863621	0.571279	0.899531	0.599924
0.899531	0.599924	0.923182	0.623797
0.923182	0.623797	0.939910	0.643450
0.939910	0.643450	0.952130	0.658493
0.952130	0.658493	0.960560	0.669097
0.960560	0.669097	0.967698	0.680880
0.967698	0.680880	0.973694	0.688767
0.973694	0.688767	0.977950	0.695294
0.977950	0.695294	0.981636	0.700368
0.981636	0.700368	0.984911	0.703751
0.984911	0.703751	0.987235	0.707176
0.987235	0.707176	0.989424	0.709995
0.989424	0.709995	0.990894	0.711568
0.990894	0.711568	0.992432	0.713710
0.992432	0.713710	0.993191	0.716922
0.993191	0.716922	0.993975	0.718174
0.993975	0.718174	0.994765	0.719935
0.994765	0.719935	0.995543	0.722012
0.995543	0.722012	0.996142	0.722039
0.996142	0.722039	0.996752	0.722900
0.996752	0.722900	0.997294	0.724360
0.997294	0.724360	0.997637	0.724971
0.997637	0.724971	0.998051	0.725953
0.998051	0.725953	0.998399	0.726917
0.998399	0.726917	0.998621	0.726394
0.998621	0.726394	0.998832	0.728216
0.998832	0.728216	0.998924	0.730045
0.998924	0.730045	0.998986	0.729752
0.998986	0.729752	0.999125	0.729592
0.999125	0.729592	0.999301	0.729258
0.999301	0.729258	0.999405	0.730246
0.999405	0.730246	0.999352	0.731376
0.999352	0.731376	0.999286	0.731257
0.999286	0.731257	0.999369	0.732103
0.999369	0.732103	0.999380	0.731967
0.999380	0.731967	0.999511	0.731528
0.999511	0.731528	0.999551	0.731304
0.999551	0.731304	0.999636	0.731422
0.999636	0.731422	0.999654	0.731086
0.999654	0.731086	0.999662	0.729358
0.999662	0.729358	0.999747	0.729417
0.999747	0.729417	0.999800	0.728474
0.999800	0.728474	0.999878	0.728473
0.999878	0.728473	0.999855	0.727093
0.999855	0.727093	0.999875	0.727392
0.999875	0.727392	0.999816	0.728355
0.999816	0.728355	0.999844	0.728175
0.999844	0.728175	0.999812	0.726154
0.999812	0.726154	0.999820	0.726577
0.999820	0.726577	0.999845	0.726358
0.999845	0.726358	0.999838	0.726305
0.999838	0.726305	0.999851	0.726426
0.999851	0.726426	0.999894	0.725970
0.999894	0.725970	0.999898	0.725338
0.999898	0.725338	0.999935	0.725108
0.999935	0.725108	0.999933	0.724207
0.999933	0.724207	0.999956	0.724586
0.999956	0.724586	0.999970	0.725082
0.999970	0.725082	0.999974	0.725361
0.999974	0.725361	0.999968	0.723648
0.999968	0.723648	0.999982	0.724115
0.999982	0.724115	0.999992	0.724891
0.999992	0.724891	0.999996	0.725787
0.999996	0.725787	0.999998	0.727403
0.999998	0.727403	1.000000	0.726231
1.000000	0.726231	1.000000	0.724656
1.000000	0.724656	1.000000	0.722758
1.000000	0.722758	1.000000	0.720662
1.000000	0.720662	1.000000	0.721728
1.000000	0.721728	1.000000	0.721848
1.000000	0.721848	1.000000	0.721160
1.000000	0.721160	1.000000	0.721806
1.000000	0.721806	1.000000	0.721947
1.000000	0.721947	1.000000	0.721183
1.000000	0.721183	1.000000	0.721846
1.000000	0.721846	1.000000	0.722580
1.000000	0.722580	1.000000	0.720841
1.000000	0.720841	1.000000	0.719851
1.000000	0.719851	1.000000	0.718655
1.000000	0.718655	1.000000	0.718959
1.000000	0.718959	1.000000	0.719487
1.000000	0.719487	1.000000	0.719891
1.000000	0.719891	1.000000	0.720257
1.000000	0.720257	1.000000	0.719933
1.000000	0.719933	1.000000	0.720149
1.000000	0.720149	1.000000	0.719131
1.000000	0.719131	1.000000	0.719822
1.000000	0.719822	1.000000	0.719530
1.000000	0.719530	1.000000	0.717588
1.000000	0.717588	1.000000	0.716832
1.000000	0.716832	1.000000	0.717852
1.000000	0.717852	1.000000	0.718043
1.000000	0.718043	1.000000	0.718006
1.000000	0.718006	1.000000	0.717780
1.000000	0.717780	1.000000	0.718392
1.000000	0.718392	1.000000	0.718917
1.000000	0.718917	1.000000	0.717799
1.000000	0.717799	1.000000	0.717697
1.000000	0.717697	1.000000	0.716753
1.000000	0.716753	1.000000	0.717125
1.000000	0.717125	1.000000	0.716671
1.000000	0.716671	1.000000	0.717505
1.000000	0.717505	1.000000	0.716733
1.000000	0.716733	1.000000	0.717281
1.000000	0.717281	1.000000	0.716548
1.000000	0.716548	1.000000	0.716328
1.000000	0.716328	1.000000	0.716465
1.000000	0.716465	1.000000	0.716505
1.000000	0.716505	1.000000	0.717106
1.000000	0.717106	1.000000	0.717219
1.000000	0.717219	1.000000	0.717859
1.000000	0.717859	1.000000	0.717673
1.000000	0.717673	1.000000	0.716752
1.000000	0.716752	1.000000	0.716957
1.000000	0.716957	1.000000	0.717311
1.000000	0.717311	1.000000	0.717026
1.000000	0.717026	1.000000	0.715899
1.000000	0.715899	1.000000	0.713315
1.000000	0.713315	1.000000	0.712829
1.000000	0.712829	1.000000	0.712658
1.000000	0.712658	1.000000	0.711072
1.000000	0.711072	1.000000	0.710693
1.000000	0.710693	1.000000	0.711232
1.000000	0.711232	1.000000	0.710592
1.000000	0.710592	1.000000	0.710315
1.000000	0.710315	1.000000	0.710723
1.000000	0.710723	1.000000	0.708383
1.000000	0.708383	1.000000	0.707883
1.000000	0.707883	1.000000	0.708541
1.000000	0.708541	1.000000	0.709049
1.000000	0.709049	1.000000	0.708417
1.000000	0.708417	1.000000	0.709622
1.000000	0.709622	1.000000	0.710801
1.000000	0.710801	1.000000	0.712826
1.000000	0.712826	1.000000	0.712724
1.000000	0.712724	1.000000	0.714372
1.000000	0.714372	1.000000	0.713202
1.000000	0.713202	1.000000	0.713604
1.000000	0.713604	1.000000	0.713948
1.000000	0.713948	1.000000	0.713438
1.000000	0.713438	1.000000	0.712799
1.000000	0.712799	1.000000	0.712825
1.000000	0.712825	1.000000	0.711805
1.000000	0.711805	1.000000	0.711066
1.000000	0.711066	1.000000	0.712141
1.000000	0.712141	1.000000	0.713245
1.000000	0.713245	1.000000	0.713335
1.000000	0.713335	1.000000	0.713903
1.000000	0.713903	1.000000	0.715189
1.000000	0.715189	1.000000	0.715816
1.000000	0.715816	1.000000	0.715228
1.000000	0.715228	1.000000	0.714807
1.000000	0.714807	1.000000	0.713913
1.000000	0.713913	1.000000	0.714128
1.000000	0.714128	1.000000	0.714022
1.000000	0.714022	1.000000	0.713023
1.000000	0.713023	1.000000	0.713756
1.000000	0.713756	1.000000	0.713129
1.000000	0.713129	1.000000	0.714778
1.000000	0.714778	1.000000	0.716373
1.000000	0.716373	1.000000	0.715064
1.000000	0.715064	1.000000	0.716338
1.000000	0.716338	1.000000	0.717799
1.000000	0.717799	1.000000	0.717789
1.000000	0.717789	1.000000	0.717247
1.000000	0.717247	1.000000	0.718978
1.000000	0.718978	1.000000	0.719313
1.000000	0.719313	1.000000	0.718945
1.000000	0.718945	1.000000	0.719894
1.000000	0.719894	1.000000	0.720565
1.000000	0.720565	1.000000	0.721102
1.000000	0.721102	1.000000	0.721835
1.000000	0.721835	1.000000	0.722001
1.000000	0.722001	1.000000	0.721413
1.000000	0.721413	1.000000	0.721354
1.000000	0.721354	1.000000	0.721357
1.000000	0.721357	1.000000	0.721211
1.000000	0.721211	1.000000	0.721458
1.000000	0.721458	1.000000	0.721477
1.000000	0.721477	1.000000	0.721953
1.000000	0.721953	1.000000	0.721483
1.000000	0.721483	1.000000	0.723812
1.000000	0.723812	1.000000	0.726694
1.000000	0.726694	1.000000	0.725411
1.000000	0.725411	1.000000	0.725859
1.000000	0.725859	1.000000	0.725453
1.000000	0.725453	1.000000	0.726355
1.000000	0.726355	1.000000	0.726574
1.000000	0.726574	1.000000	0.727502
1.000000	0.727502	1.000000	0.727691
1.000000	0.727691	1.000000	0.727318
1.000000	0.727318	1.000000	0.726854
1.000000	0.726854	1.000000	0.726942
1.000000	0.726942	1.000000	0.726735
1.000000	0.726735	1.000000	0.726139
1.000000	0.726139	1.000000	0.726630
0.299574	0.600494	0.745053	0.614437
0.745053	0.614437	0.879785	0.639745
0.879785	0.639745	0.932671	0.659894
0.932671	0.659894	0.956455	0.675917
0.956455	0.675917	0.969071	0.685996
0.969071	0.685996	0.976895	0.694618
0.976895	0.694618	0.982032	0.699653
0.982032	0.699653	0.985649	0.706039
0.985649	0.706039	0.988543	0.710081
0.988543	0.710081	0.990802	0.712448
0.990802	0.712448	0.992522	0.713696
0.992522	0.713696	0.993669	0.713338
0.993669	0.713338	0.994542	0.716252
0.994542	0.716252	0.995372	0.717706
0.995372	0.717706	0.995870	0.716588
0.995870	0.716588	0.996297	0.717248
0.996297	0.717248	0.996721	0.718386
0.996721	0.718386	0.997078	0.718791
0.997078	0.718791	0.997253	0.718735
0.997253	0.718735	0.997400	0.718793
0.997400	0.718793	0.997674	0.718749
0.997674	0.718749	0.998011	0.718652
0.998011	0.718652	0.998225	0.721139
0.998225	0.721139	0.998625	0.722241
0.998625	0.722241	0.998803	0.722376
0.998803	0.722376	0.998993	0.724713
0.998993	0.724713	0.999186	0.725666
0.999186	0.725666	0.999272	0.726320
0.999272	0.726320	0.999287	0.726058
0.999287	0.726058	0.999486	0.725111
0.999486	0.725111	0.999528	0.723546
0.999528	0.723546	0.999584	0.723533
0.999584	0.723533	0.999622	0.722444
0.999622	0.722444	0.999678	0.723003
0.999678	0.723003	0.999654	0.723859
0.999654	0.723859	0.999674	0.724479
0.999674	0.724479	0.999710	0.725098
0.999710	0.725098	0.999706	0.725355
0.999706	0.725355	0.999731	0.724662
0.999731	0.724662	0.999797	0.724094
0.999797	0.724094	0.999830	0.723709
0.999830	0.723709	0.999854	0.724343
0.999854	0.724343	0.999887	0.724520
0.999887	0.724520	0.999939	0.725374
0.999939	0.725374	0.999948	0.725471
0.999948	0.725471	0.999931	0.726490
0.999931	0.726490	0.999905	0.725760
0.999905	0.725760	0.999912	0.725913
0.999912	0.725913	0.999924	0.725116
0.999924	0.725116	0.999943	0.725196
0.999943	0.725196	0.999940	0.724795
0.999940	0.724795	0.999964	0.725646
0.999964	0.725646	0.999957	0.724639
0.999957	0.724639	0.999922	0.723274
0.999922	0.723274	0.999943	0.723789
0.999943	0.723789	0.999954	0.724401
0.999954	0.724401	0.999947	0.724800
0.999947	0.724800	0.999956	0.724633
0.999956	0.724633	0.999974	0.726086
0.999974	0.726086	0.999978	0.725788
0.999978	0.725788	0.999992	0.724804
0.999992	0.724804	0.999998	0.723783
0.999998	0.723783	0.999996	0.722298
0.999996	0.722298	0.999999	0.720357
0.999999	0.720357	1.000000	0.720076
1.000000	0.720076	1.000000	0.721377
1.000000	0.721377	1.000000	0.721378
1.000000	0.721378	1.000000	0.720737
1.000000	0.720737	1.000000	0.720526
1.000000	0.720526	1.000000	0.719837
1.000000	0.719837	1.000000	0.719860
1.000000	0.719860	1.000000	0.719578
1.000000	0.719578	1.000000	0.719330
1.000000	0.719330	1.000000	0.719498
1.000000	0.719498	1.000000	0.720417
1.000000	0.720417	1.000000	0.720120
1.000000	0.720120	1.000000	0.720111
1.000000	0.720111	1.000000	0.720285
1.000000	0.720285	1.000000	0.720114
1.000000	0.720114	1.000000	0.719061
1.000000	0.719061	1.000000	0.718989
1.000000	0.718989	1.000000	0.718987
1.000000	0.718987	1.000000	0.719618
1.000000	0.719618	1.000000	0.719047
1.000000	0.719047	1.000000	0.717722
1.000000	0.717722	1.000000	0.719099
1.000000	0.719099	1.000000	0.719754
1.000000	0.719754	1.000000	0.720650
1.000000	0.720650	1.000000	0.719375
1.000000	0.719375	1.000000	0.718385
1.000000	0.718385	1.000000	0.716823
1.000000	0.716823	1.000000	0.716326
1.000000	0.716326	1.000000	0.716148
1.000000	0.716148	1.000000	0.715941
1.000000	0.715941	1.000000	0.714024
1.000000	0.714024	1.000000	0.715297
1.000000	0.715297	1.000000	0.715680
1.000000	0.715680	1.000000	0.717700
1.000000	0.717700	1.000000	0.716806
1.000000	0.716806	1.000000	0.716451
1.000000	0.716451	1.000000	0.717734
1.000000	0.717734	1.000000	0.717118
1.000000	0.717118	1.000000	0.716958
1.000000	0.716958	1.000000	0.716312
1.000000	0.716312	1.000000	0.715955
1.000000	0.715955	1.000000	0.716000
1.000000	0.716000	1.000000	0.715776
1.000000	0.715776	1.000000	0.713886
1.000000	0.713886	1.000000	0.714462
1.000000	0.714462	1.000000	0.714025
1.000000	0.714025	1.000000	0.714179
1.000000	0.714179	1.000000	0.714943
1.000000	0.714943	1.000000	0.714502
1.000000	0.714502	1.000000	0.714801
1.000000	0.714801	1.000000	0.713720
1.000000	0.713720	1.000000	0.714827
1.000000	0.714827	1.000000	0.713997
1.000000	0.713997	1.000000	0.713185
1.000000	0.713185	1.000000	0.714845
1.000000	0.714845	1.000000	0.713795
1.000000	0.713795	1.000000	0.713350
1.000000	0.713350	1.000000	0.713430
1.000000	0.713430	1.000000	0.713535
1.000000	0.713535	1.000000	0.713036
1.000000	0.713036	1.000000	0.713652
1.000000	0.713652	1.000000	0.714832
1.000000	0.714832	1.000000	0.714348
1.000000	0.714348	1.000000	0.714395
1.000000	0.714395	1.000000	0.714268
1.000000	0.714268	1.000000	0.713521
1.000000	0.713521	1.000000	0.712564
1.000000	0.712564	1.000000	0.712072
1.000000	0.712072	1.000000	0.710940
1.000000	0.710940	1.000000	0.710874
1.000000	0.710874	1.000000	0.709422
1.000000	0.709422	1.000000	0.707982
1.000000	0.707982	1.000000	0.706722
1.000000	0.706722	1.000000	0.707885
1.000000	0.707885	1.000000	0.708191
1.000000	0.708191	1.000000	0.707485
1.000000	0.707485	1.000000	0.707512
1.000000	0.707512	1.000000	0.707921
1.000000	0.707921	1.000000	0.707315
1.000000	0.707315	1.000000	0.706472
1.000000	0.706472	1.000000	0.706532
1.000000	0.706532	1.000000	0.707857
1.000000	0.707857	1.000000	0.706924
1.000000	0.706924	1.000000	0.705837
1.000000	0.705837	1.000000	0.704320
1.000000	0.704320	1.000000	0.705376
1.000000	0.705376	1.000000	0.704310
1.000000	0.704310	1.000000	0.703879
1.000000	0.703879	1.000000	0.703992
1.000000	0.703992	1.000000	0.703933
1.000000	0.703933	1.000000	0.703191
1.000000	0.703191	1.000000	0.703871
1.000000	0.703871	1.000000	0.703433
1.000000	0.703433	1.000000	0.703515
1.000000	0.703515	1.000000	0.702996
1.000000	0.702996	1.000000	0.703160
1.000000	0.703160	1.000000	0.704371
1.000000	0.704371	1.000000	0.705543
1.000000	0.705543	1.000000	0.706090
1.000000	0.706090	1.000000	0.705895
1.000000	0.705895	1.000000	0.705435
1.000000	0.705435	1.000000	0.704979
1.000000	0.704979	1.000000	0.704578
1.000000	0.704578	1.000000	0.704691
1.000000	0.704691	1.000000	0.703959
1.000000	0.703959	1.000000	0.704247
1.000000	0.704247	1.000000	0.704470
1.000000	0.704470	1.000000	0.705141
1.000000	0.705141	1.000000	0.702833
1.000000	0.702833	1.000000	0.703685
1.000000	0.703685	1.000000	0.704460
1.000000	0.704460	1.000000	0.703583
1.000000	0.703583	1.000000	0.703011
1.000000	0.703011	1.000000	0.701742
1.000000	0.701742	1.000000	0.702429
1.000000	0.702429	1.000000	0.701809
1.000000	0.701809	1.000000	0.701404
1.000000	0.701404	1.000000	0.701784
1.000000	0.701784	1.000000	0.702057
1.000000	0.702057	1.000000	0.702388
1.000000	0.702388	1.000000	0.700613
1.000000	0.700613	1.000000	0.700298
1.000000	0.700298	1.000000	0.699911
1.000000	0.699911	1.000000	0.700109
1.000000	0.700109	1.000000	0.698863
1.000000	0.698863	1.000000	0.698268
1.000000	0.698268	1.000000	0.697012
1.000000	0.697012	1.000000	0.697513
1.000000	0.697513	1.000000	0.697111
1.000000	0.697111	1.000000	0.696546
1.000000	0.696546	1.000000	0.697302
1.000000	0.697302	1.000000	0.697141
1.000000	0.697141	1.000000	0.698459
1.000000	0.698459	1.000000	0.699175
1.000000	0.699175	1.000000	0.700389
0.299725	0.699711	0.807147	0.712958
0.807147	0.712958	0.931085	0.732759
0.931085	0.732759	0.970012	0.746773
0.970012	0.746773	0.984561	0.756084
0.984561	0.756084	0.990455	0.760564
0.990455	0.760564	0.993622	0.763223
0.993622	0.763223	0.995475	0.767264
0.995475	0.767264	0.996522	0.767252
0.996522	0.767252	0.997409	0.769524
0.997409	0.769524	0.997888	0.770735
0.997888	0.770735	0.998244	0.769587
0.998244	0.769587	0.998563	0.770373
0.998563	0.770373	0.998885	0.771615
0.998885	0.771615	0.999125	0.772538
0.999125	0.772538	0.999323	0.773404
0.999323	0.773404	0.999501	0.773905
0.999501	0.773905	0.999579	0.774805
0.999579	0.774805	0.999730	0.774510
0.999730	0.774510	0.999788	0.776141
0.999788	0.776141	0.999848	0.775799
0.999848	0.775799	0.999860	0.776274
0.999860	0.776274	0.999855	0.776312
0.999855	0.776312	0.999849	0.775799
0.999849	0.775799	0.999888	0.775452
0.999888	0.775452	0.999946	0.775687
0.999946	0.775687	0.999978	0.775985
0.999978	0.775985	0.999971	0.776952
0.999971	0.776952	0.999988	0.776341
0.999988	0.776341	0.999993	0.777970
0.999993	0.777970	0.999994	0.777156
0.999994	0.777156	0.999994	0.777123
0.999994	0.777123	0.999991	0.776519
0.999991	0.776519	0.999993	0.776156
0.999993	0.776156	0.999988	0.777049
0.999988	0.777049	0.999994	0.777059
0.999994	0.777059	1.000000	0.777597
1.000000	0.777597	1.000000	0.777723
1.000000	0.777723	1.000000	0.777399
1.000000	0.777399	1.000000	0.777199
1.000000	0.777199	1.000000	0.776802
1.000000	0.776802	1.000000	0.776632
1.000000	0.776632	1.000000	0.776657
1.000000	0.776657	1.000000	0.776325
1.000000	0.776325	1.000000	0.776494
1.000000	0.776494	1.000000	0.775532
1.000000	0.775532	1.000000	0.776277
1.000000	0.776277	1.000000	0.776196
1.000000	0.776196	1.000000	0.777204
1.000000	0.777204	1.000000	0.777446
1.000000	0.777446	1.000000	0.778154
1.000000	0.778154	1.000000	0.776148
1.000000	0.776148	1.000000	0.775576
1.000000	0.775576	1.000000	0.776373
1.000000	0.776373	1.000000	0.776540
1.000000	0.776540	1.000000	0.776553
1.000000	0.776553	1.000000	0.776264
1.000000	0.776264	1.000000	0.776620
1.000000	0.776620	1.000000	0.775983
1.000000	0.775983	1.000000	0.775188
1.000000	0.775188	1.000000	0.774665
1.000000	0.774665	1.000000	0.772628
1.000000	0.772628	1.000000	0.774088
1.000000	0.774088	1.000000	0.774090
1.000000	0.774090	1.000000	0.774501
1.000000	0.774501	1.000000	0.773977
1.000000	0.773977	1.000000	0.774523
1.000000	0.774523	1.000000	0.776065
1.000000	0.776065	1.000000	0.776074
1.000000	0.776074	1.000000	0.775101
1.000000	0.775101	1.000000	0.774864
1.000000	0.774864	1.000000	0.774083
1.000000	0.774083	1.000000	0.774469
1.000000	0.774469	1.000000	0.773214
1.000000	0.773214	1.000000	0.772451
1.000000	0.772451	1.000000	0.773548
1.000000	0.773548	1.000000	0.773723
1.000000	0.773723	1.000000	0.773649
1.000000	0.773649	1.000000	0.773678
1.000000	0.773678	1.000000	0.773901
1.000000	0.773901	1.000000	0.773190
1.000000	0.773190	1.000000	0.772921
1.000000	0.772921	1.000000	0.772517
1.000000	0.772517	1.000000	0.772188
1.000000	0.772188	1.000000	0.771896
1.000000	0.771896	1.000000	0.771436
1.000000	0.771436	1.000000	0.772354
1.000000	0.772354	1.000000	0.771306
1.000000	0.771306	1.000000	0.770958
1.000000	0.770958	1.000000	0.771797
1.000000	0.771797	1.000000	0.772661
1.000000	0.772661	1.000000	0.774022
1.000000	0.774022	1.000000	0.774547
1.000000	0.774547	1.000000	0.774052
1.000000	0.774052	1.000000	0.774272
1.000000	0.774272	1.000000	0.773548
1.000000	0.773548	1.000000	0.773549
1.000000	0.773549	1.000000	0.771053
1.000000	0.771053	1.000000	0.770201
1.000000	0.770201	1.000000	0.770594
1.000000	0.770594	1.000000	0.770814
1.000000	0.770814	1.000000	0.771396
1.000000	0.771396	1.000000	0.770164
1.000000	0.770164	1.000000	0.770533
1.000000	0.770533	1.000000	0.769498
1.000000	0.769498	1.000000	0.769878
1.000000	0.769878	1.000000	0.769719
1.000000	0.769719	1.000000	0.770134
1.000000	0.770134	1.000000	0.770534
1.000000	0.770534	1.000000	0.769588
1.000000	0.769588	1.000000	0.768795
1.000000	0.768795	1.000000	0.768173
1.000000	0.768173	1.000000	0.768507
1.000000	0.768507	1.000000	0.769900
1.000000	0.769900	1.000000	0.768943
1.000000	0.768943	1.000000	0.768365
1.000000	0.768365	1.000000	0.768657
1.000000	0.768657	1.000000	0.769538
1.000000	0.769538	1.000000	0.769368
1.000000	0.769368	1.000000	0.770053
1.000000	0.770053	1.000000	0.771683
1.000000	0.771683	1.000000	0.771484
1.000000	0.771484	1.000000	0.771470
1.000000	0.771470	1.000000	0.770617
1.000000	0.770617	1.000000	0.770543
1.000000	0.770543	1.000000	0.770712
1.000000	0.770712	1.000000	0.770129
1.000000	0.770129	1.000000	0.770893
1.000000	0.770893	1.000000	0.771322
1.000000	0.771322	1.000000	0.771952
1.000000	0.771952	1.000000	0.771963
1.000000	0.771963	1.000000	0.770814
1.000000	0.770814	1.000000	0.769996
1.000000	0.769996	1.000000	0.769449
1.000000	0.769449	1.000000	0.770499
1.000000	0.770499	1.000000	0.770439
1.000000	0.770439	1.000000	0.769545
1.000000	0.769545	1.000000	0.770363
1.000000	0.770363	1.000000	0.770454
1.000000	0.770454	1.000000	0.770537
1.000000	0.770537	1.000000	0.769831
1.000000	0.769831	1.000000	0.771798
1.000000	0.771798	1.000000	0.771929
1.000000	0.771929	1.000000	0.771441
1.000000	0.771441	1.000000	0.770752
1.000000	0.770752	1.000000	0.770544
1.000000	0.770544	1.000000	0.769360
1.000000	0.769360	1.000000	0.769333
1.000000	0.769333	1.000000	0.769096
1.000000	0.769096	1.000000	0.768192
1.000000	0.768192	1.000000	0.767698
1.000000	0.767698	1.000000	0.767203
1.000000	0.767203	1.000000	0.767515
1.000000	0.767515	1.000000	0.767381
1.000000	0.767381	1.000000	0.766389
1.000000	0.766389	1.000000	0.765263
1.000000	0.765263	1.000000	0.765206
1.000000	0.765206	1.000000	0.765220
1.000000	0.765220	1.000000	0.764893
1.000000	0.764893	1.000000	0.764229
1.000000	0.764229	1.000000	0.764713
1.000000	0.764713	1.000000	0.764355
1.000000	0.764355	1.000000	0.764727
1.000000	0.764727	1.000000	0.764871
1.000000	0.764871	1.000000	0.765390
1.000000	0.765390	1.000000	0.766078
1.000000	0.766078	1.000000	0.765776
1.000000	0.765776	1.000000	0.766410
1.000000	0.766410	1.000000	0.765421
1.000000	0.765421	1.000000	0.765766
1.000000	0.765766	1.000000	0.767611
1.000000	0.767611	1.000000	0.768062
1.000000	0.768062	1.000000	0.768818
1.000000	0.768818	1.000000	0.770466
1.000000	0.770466	1.000000	0.770277
1.000000	0.770277	1.000000	0.770478
1.000000	0.770478	1.000000	0.769086
1.000000	0.769086	1.000000	0.769097
1.000000	0.769097	1.000000	0.768307
1.000000	0.768307	1.000000	0.768264
1.000000	0.768264	1.000000	0.768880
1.000000	0.768880	1.000000	0.767514
1.000000	0.767514	1.000000	0.767967
1.000000	0.767967	1.000000	0.768543
1.000000	0.768543	1.000000	0.768364
1.000000	0.768364	1.000000	0.767328
1.000000	0.767328	1.000000	0.768239
1.000000	0.768239	1.000000	0.766897
1.000000	0.766897	1.000000	0.767345
1.000000	0.767345	1.000000	0.766758
1.000000	0.766758	1.000000	0.766407
1.000000	0.766407	1.000000	0.766241
1.000000	0.766241	1.000000	0.767078
1.000000	0.767078	1.000000	0.767537
1.000000	0.767537	1.000000	0.768710
1.000000	0.768710	1.000000	0.769231
1.000000	0.769231	1.000000	0.768922
1.000000	0.768922	1.000000	0.769243
1.000000	0.769243	1.000000	0.768337
1.000000	0.768337	1.000000	0.768233
0.299702	0.800104	0.857324	0.808658
0.857324	0.808658	0.965039	0.819773
0.965039	0.819773	0.988718	0.826277
0.988718	0.826277	0.995316	0.829250
0.995316	0.829250	0.997709	0.831218
0.997709	0.831218	0.998820	0.831722
0.998820	0.831722	0.999284	0.832539
0.999284	0.832539	0.999642	0.833052
0.999642	0.833052	0.999697	0.832492
0.999697	0.832492	0.999749	0.834214
0.999749	0.834214	0.999776	0.833490
0.999776	0.833490	0.999786	0.834884
0.999786	0.834884	0.999798	0.834781
0.999798	0.834781	0.999819	0.833780
0.999819	0.833780	0.999841	0.833418
0.999841	0.833418	0.999887	0.834681
0.999887	0.834681	0.999920	0.834751
0.999920	0.834751	0.999944	0.834627
0.999944	0.834627	0.999951	0.834957
0.999951	0.834957	0.999986	0.835976
0.999986	0.835976	0.999999	0.835850
0.999999	0.835850	1.000000	0.836586
1.000000	0.836586	1.000000	0.835821
1.000000	0.835821	1.000000	0.834713
1.000000	0.834713	1.000000	0.835026
1.000000	0.835026	1.000000	0.834498
1.000000	0.834498	1.000000	0.835177
1.000000	0.835177	1.000000	0.834922
1.000000	0.834922	1.000000	0.835126
1.000000	0.835126	1.000000	0.835702
1.000000	0.835702	1.000000	0.835845
1.000000	0.835845	1.000000	0.836368
1.000000	0.836368	1.000000	0.837273
1.000000	0.837273	1.000000	0.836140
1.000000	0.836140	1.000000	0.835465
1.000000	0.835465	1.000000	0.836192
1.000000	0.836192	1.000000	0.835942
1.000000	0.835942	1.000000	0.836452
1.000000	0.836452	1.000000	0.836057
1.000000	0.836057	1.000000	0.836878
1.000000	0.836878	1.000000	0.836466
1.000000	0.836466	1.000000	0.837401
1.000000	0.837401	1.000000	0.838119
1.000000	0.838119	1.000000	0.837903
1.000000	0.837903	1.000000	0.837460
1.000000	0.837460	1.000000	0.837874
1.000000	0.837874	1.000000	0.837025
1.000000	0.837025	1.000000	0.836747
1.000000	0.836747	1.000000	0.836637
1.000000	0.836637	1.000000	0.835879
1.000000	0.835879	1.000000	0.835752
1.000000	0.835752	1.000000	0.834249
1.000000	0.834249	1.000000	0.833274
1.000000	0.833274	1.000000	0.833795
1.000000	0.833795	1.000000	0.833721
1.000000	0.833721	1.000000	0.834700
1.000000	0.834700	1.000000	0.835384
1.000000	0.835384	1.000000	0.835171
1.000000	0.835171	1.000000	0.836472
1.000000	0.836472	1.000000	0.836270
1.000000	0.836270	1.000000	0.836157
1.000000	0.836157	1.000000	0.834628
1.000000	0.834628	1.000000	0.835123
1.000000	0.835123	1.000000	0.835370
1.000000	0.835370	1.000000	0.835790
1.000000	0.835790	1.000000	0.836213
1.000000	0.836213	1.000000	0.836180
1.000000	0.836180	1.000000	0.836215
1.000000	0.836215	1.000000	0.836642
1.000000	0.836642	1.000000	0.836907
1.000000	0.836907	1.000000	0.836397
1.000000	0.836397	1.000000	0.836492
1.000000	0.836492	1.000000	0.836268
1.000000	0.836268	1.000000	0.836107
1.000000	0.836107	1.000000	0.834894
1.000000	0.834894	1.000000	0.835002
1.000000	0.835002	1.000000	0.835052
1.000000	0.835052	1.000000	0.835951
1.000000	0.835951	1.000000	0.835938
1.000000	0.835938	1.000000	0.835448
1.000000	0.835448	1.000000	0.835000
1.000000	0.835000	1.000000	0.834297
1.000000	0.834297	1.000000	0.834938
1.000000	0.834938	1.000000	0.834193
1.000000	0.834193	1.000000	0.835967
1.000000	0.835967	1.000000	0.836491
1.000000	0.836491	1.000000	0.836080
1.000000	0.836080	1.000000	0.835882
1.000000	0.835882	1.000000	0.836854
1.000000	0.836854	1.000000	0.836717
1.000000	0.836717	1.000000	0.835857
1.000000	0.835857	1.000000	0.835759
1.000000	0.835759	1.000000	0.834641
1.000000	0.834641	1.000000	0.834624
1.000000	0.834624	1.000000	0.835294
1.000000	0.835294	1.000000	0.833574
1.000000	0.833574	1.000000	0.833964
1.000000	0.833964	1.000000	0.834420
1.000000	0.834420	1.000000	0.835259
1.000000	0.835259	1.000000	0.833984
1.000000	0.833984	1.000000	0.834314
1.000000	0.834314	1.000000	0.834225
1.000000	0.834225	1.000000	0.832342
1.000000	0.832342	1.000000	0.833577
1.000000	0.833577	1.000000	0.833901
1.000000	0.833901	1.000000	0.834794
1.000000	0.834794	1.000000	0.834681
1.000000	0.834681	1.000000	0.834785
1.000000	0.834785	1.000000	0.835201
1.000000	0.835201	1.000000	0.835315
1.000000	0.835315	1.000000	0.835086
1.000000	0.835086	1.000000	0.833998
1.000000	0.833998	1.000000	0.834189
1.000000	0.834189	1.000000	0.832407
1.000000	0.832407	1.000000	0.832284
1.000000	0.832284	1.000000	0.832852
1.000000	0.832852	1.000000	0.831147
1.000000	0.831147	1.000000	0.831661
1.000000	0.831661	1.000000	0.831724
1.000000	0.831724	1.000000	0.830536
1.000000	0.830536	1.000000	0.830916
1.000000	0.830916	1.000000	0.830820
1.000000	0.830820	1.000000	0.830662
1.000000	0.830662	1.000000	0.831621
1.000000	0.831621	1.000000	0.832800
1.000000	0.832800	1.000000	0.832643
1.000000	0.832643	1.000000	0.831753
1.000000	0.831753	1.000000	0.832177
1.000000	0.832177	1.000000	0.832463
1.000000	0.832463	1.000000	0.832052
1.000000	0.832052	1.000000	0.832740
1.000000	0.832740	1.000000	0.833518
1.000000	0.833518	1.000000	0.834378
1.000000	0.834378	1.000000	0.834731
1.000000	0.834731	1.000000	0.835209
1.000000	0.835209	1.000000	0.836255
1.000000	0.836255	1.000000	0.835899
1.000000	0.835899	1.000000	0.836512
1.000000	0.836512	1.000000	0.836609
1.000000	0.836609	1.000000	0.836615
1.000000	0.836615	1.000000	0.835430
1.000000	0.835430	1.000000	0.835323
1.000000	0.835323	1.000000	0.834670
1.000000	0.834670	1.000000	0.834788
1.000000	0.834788	1.000000	0.834618
1.000000	0.834618	1.000000	0.834741
1.000000	0.834741	1.000000	0.834450
1.000000	0.834450	1.000000	0.834137
1.000000	0.834137	1.000000	0.834289
1.000000	0.834289	1.000000	0.834772
1.000000	0.834772	1.000000	0.833807
1.000000	0.833807	1.000000	0.834120
1.000000	0.834120	1.000000	0.833894
1.000000	0.833894	1.000000	0.833477
1.000000	0.833477	1.000000	0.834143
1.000000	0.834143	1.000000	0.833796
1.000000	0.833796	1.000000	0.834476
1.000000	0.834476	1.000000	0.835892
1.000000	0.835892	1.000000	0.835753
1.000000	0.835753	1.000000	0.836695
1.000000	0.836695	1.000000	0.836719
1.000000	0.836719	1.000000	0.836982
1.000000	0.836982	1.000000	0.836249
1.000000	0.836249	1.000000	0.837204
1.000000	0.837204	1.000000	0.837878
1.000000	0.837878	1.000000	0.837661
1.000000	0.837661	1.000000	0.836833
1.000000	0.836833	1.000000	0.837288
1.000000	0.837288	1.000000	0.837874
1.000000	0.837874	1.000000	0.837835
1.000000	0.837835	1.000000	0.836585
1.000000	0.836585	1.000000	0.834910
1.000000	0.834910	1.000000	0.833610
1.000000	0.833610	1.000000	0.835344
1.000000	0.835344	1.000000	0.835507
1.000000	0.835507	1.000000	0.835215
1.000000	0.835215	1.000000	0.836256
1.000000	0.836256	1.000000	0.836916
1.000000	0.836916	1.000000	0.836232
1.000000	0.836232	1.000000	0.836428
1.000000	0.836428	1.000000	0.835633
1.000000	0.835633	1.000000	0.836218
1.000000	0.836218	1.000000	0.836361
1.000000	0.836361	1.000000	0.836331
1.000000	0.836331	1.000000	0.835285
1.000000	0.835285	1.000000	0.835377
1.000000	0.835377	1.000000	0.835791
1.000000	0.835791	1.000000	0.835438
1.000000	0.835438	1.000000	0.836191
1.000000	0.836191	1.000000	0.836483
1.000000	0.836483	1.000000	0.837572
1.000000	0.837572	1.000000	0.837730
1.000000	0.837730	1.000000	0.838346
1.000000	0.838346	1.000000	0.838513
1.000000	0.838513	1.000000	0.837478
1.000000	0.837478	1.000000	0.838356
1.000000	0.838356	1.000000	0.837238
1.000000	0.837238	1.000000	0.838529
1.000000	0.838529	1.000000	0.838685
0.299541	0.899791	0.898903	0.905732
0.898903	0.905732	0.984768	0.911663
0.984768	0.911663	0.996858	0.913600
0.996858	0.913600	0.999089	0.915221
0.999089	0.915221	0.999669	0.915475
0.999669	0.915475	0.999852	0.914712
0.999852	0.914712	0.999924	0.915056
0.999924	0.915056	0.999983	0.916235
0.999983	0.916235	0.999996	0.914724
0.999996	0.914724	1.000000	0.914086
1.000000	0.914086	1.000000	0.914343
1.000000	0.914343	1.000000	0.914601
1.000000	0.914601	1.000000	0.913880
1.000000	0.913880	1.000000	0.914222
1.000000	0.914222	1.000000	0.913954
1.000000	0.913954	1.000000	0.913876
1.000000	0.913876	1.000000	0.913610
1.000000	0.913610	1.000000	0.914272
1.000000	0.914272	1.000000	0.915131
1.000000	0.915131	1.000000	0.915194
1.000000	0.915194	1.000000	0.915405
1.000000	0.915405	1.000000	0.914631
1.000000	0.914631	1.000000	0.914222
1.000000	0.914222	1.000000	0.914777
1.000000	0.914777	1.000000	0.913902
1.000000	0.913902	1.000000	0.914859
1.000000	0.914859	1.000000	0.914938
1.000000	0.914938	1.000000	0.915163
1.000000	0.915163	1.000000	0.914805
1.000000	0.914805	1.000000	0.915400
1.000000	0.915400	1.000000	0.915770
1.000000	0.915770	1.000000	0.915234
1.000000	0.915234	1.000000	0.914968
1.000000	0.914968	1.000000	0.915409
1.000000	0.915409	1.000000	0.915170
1.000000	0.915170	1.000000	0.915518
1.000000	0.915518	1.000000	0.915101
1.000000	0.915101	1.000000	0.915084
1.000000	0.915084	1.000000	0.915385
1.000000	0.915385	1.000000	0.915426
1.000000	0.915426	1.000000	0.914893
1.000000	0.914893	1.000000	0.914996
1.000000	0.914996	1.000000	0.916278
1.000000	0.916278	1.000000	0.916020
1.000000	0.916020	1.000000	0.916537
1.000000	0.916537	1.000000	0.915755
1.000000	0.915755	1.000000	0.915701
1.000000	0.915701	1.000000	0.915044
1.000000	0.915044	1.000000	0.914687
1.000000	0.914687	1.000000	0.914324
1.000000	0.914324	1.000000	0.912202
1.000000	0.912202	1.000000	0.911321
1.000000	0.911321	1.000000	0.912302
1.000000	0.912302	1.000000	0.912676
1.000000	0.912676	1.000000	0.912478
1.000000	0.912478	1.000000	0.912324
1.000000	0.912324	1.000000	0.911986
1.000000	0.911986	1.000000	0.912052
1.000000	0.912052	1.000000	0.912048
1.000000	0.912048	1.000000	0.911816
1.000000	0.911816	1.000000	0.910426
1.000000	0.910426	1.000000	0.911159
1.000000	0.911159	1.000000	0.911552
1.000000	0.911552	1.000000	0.911550
1.000000	0.911550	1.000000	0.911104
1.000000	0.911104	1.000000	0.910880
1.000000	0.910880	1.000000	0.911014
1.000000	0.911014	1.000000	0.910993
1.000000	0.910993	1.000000	0.910782
1.000000	0.910782	1.000000	0.910536
1.000000	0.910536	1.000000	0.911129
1.000000	0.911129	1.000000	0.910873
1.000000	0.910873	1.000000	0.910990
1.000000	0.910990	1.000000	0.911298
1.000000	0.911298	1.000000	0.911281
1.000000	0.911281	1.000000	0.912113
1.000000	0.912113	1.000000	0.912345
1.000000	0.912345	1.000000	0.912312
1.000000	0.912312	1.000000	0.911863
1.000000	0.911863	1.000000	0.911719
1.000000	0.911719	1.000000	0.911286
1.000000	0.911286	1.000000	0.912128
1.000000	0.912128	1.000000	0.912658
1.000000	0.912658	1.000000	0.913382
1.000000	0.913382	1.000000	0.913158
1.000000	0.913158	1.000000	0.912740
1.000000	0.912740	1.000000	0.911722
1.000000	0.911722	1.000000	0.911461
1.000000	0.911461	1.000000	0.911634
1.000000	0.911634	1.000000	0.910895
1.000000	0.910895	1.000000	0.909929
1.000000	0.909929	1.000000	0.910102
1.000000	0.910102	1.000000	0.909987
1.000000	0.909987	1.000000	0.910507
1.000000	0.910507	1.000000	0.909944
1.000000	0.909944	1.000000	0.910139
1.000000	0.910139	1.000000	0.910464
1.000000	0.910464	1.000000	0.909835
1.000000	0.909835	1.000000	0.910483
1.000000	0.910483	1.000000	0.910606
1.000000	0.910606	1.000000	0.910462
1.000000	0.910462	1.000000	0.910064
1.000000	0.910064	1.000000	0.910128
1.000000	0.910128	1.000000	0.909611
1.000000	0.909611	1.000000	0.909713
1.000000	0.909713	1.000000	0.909189
1.000000	0.909189	1.000000	0.908730
1.000000	0.908730	1.000000	0.908478
1.000000	0.908478	1.000000	0.909396
1.000000	0.909396	1.000000	0.908743
1.000000	0.908743	1.000000	0.909170
1.000000	0.909170	1.000000	0.908263
1.000000	0.908263	1.000000	0.908517
1.000000	0.908517	1.000000	0.909113
1.000000	0.909113	1.000000	0.908532
1.000000	0.908532	1.000000	0.907677
1.000000	0.907677	1.000000	0.907483
1.000000	0.907483	1.000000	0.907275
1.000000	0.907275	1.000000	0.908595
1.000000	0.908595	1.000000	0.908583
1.000000	0.908583	1.000000	0.908812
1.000000	0.908812	1.000000	0.908753
1.000000	0.908753	1.000000	0.908501
1.000000	0.908501	1.000000	0.908516
1.000000	0.908516	1.000000	0.908398
1.000000	0.908398	1.000000	0.907901
1.000000	0.907901	1.000000	0.907824
1.000000	0.907824	1.000000	0.907490
1.000000	0.907490	1.000000	0.907777
1.000000	0.907777	1.000000	0.907389
1.000000	0.907389	1.000000	0.907778
1.000000	0.907778	1.000000	0.907381
1.000000	0.907381	1.000000	0.907275
1.000000	0.907275	1.000000	0.906747
1.000000	0.906747	1.000000	0.906677
1.000000	0.906677	1.000000	0.907133
1.000000	0.907133	1.000000	0.907105
1.000000	0.907105	1.000000	0.905921
1.000000	0.905921	1.000000	0.905296
1.000000	0.905296	1.000000	0.906365
1.000000	0.906365	1.000000	0.906428
1.000000	0.906428	1.000000	0.906815
1.000000	0.906815	1.000000	0.906150
1.000000	0.906150	1.000000	0.906797
1.000000	0.906797	1.000000	0.906632
1.000000	0.906632	1.000000	0.907209
1.000000	0.907209	1.000000	0.907413
1.000000	0.907413	1.000000	0.908018
1.000000	0.908018	1.000000	0.908100
1.000000	0.908100	1.000000	0.907498
1.000000	0.907498	1.000000	0.907214
1.000000	0.907214	1.000000	0.906816
1.000000	0.906816	1.000000	0.907000
1.000000	0.907000	1.000000	0.907057
1.000000	0.907057	1.000000	0.906726
1.000000	0.906726	1.000000	0.906551
1.000000	0.906551	1.000000	0.905601
1.000000	0.905601	1.000000	0.905660
1.000000	0.905660	1.000000	0.905544
1.000000	0.905544	1.000000	0.905933
1.000000	0.905933	1.000000	0.905842
1.000000	0.905842	1.000000	0.905850
1.000000	0.905850	1.000000	0.905480
1.000000	0.905480	1.000000	0.905908
1.000000	0.905908	1.000000	0.905833
1.000000	0.905833	1.000000	0.904952
1.000000	0.904952	1.000000	0.905481
1.000000	0.905481	1.000000	0.904780
1.000000	0.904780	1.000000	0.905482
1.000000	0.905482	1.000000	0.905431
1.000000	0.905431	1.000000	0.905090
1.000000	0.905090	1.000000	0.905211
1.000000	0.905211	1.000000	0.904345
1.000000	0.904345	1.000000	0.905111
1.000000	0.905111	1.000000	0.905250
1.000000	0.905250	1.000000	0.905267
1.000000	0.905267	1.000000	0.905286
1.000000	0.905286	1.000000	0.904341
1.000000	0.904341	1.000000	0.904734
1.000000	0.904734	1.000000	0.904195
1.000000	0.904195	1.000000	0.904611
1.000000	0.904611	1.000000	0.904669
1.000000	0.904669	1.000000	0.904985
1.000000	0.904985	1.000000	0.904929
1.000000	0.904929	1.000000	0.905988
1.000000	0.905988	1.000000	0.905624
1.000000	0.905624	1.000000	0.906143
1.000000	0.906143	1.000000	0.906932
1.000000	0.906932	1.000000	0.906889
1.000000	0.906889	1.000000	0.906529
1.000000	0.906529	1.000000	0.906411
1.000000	0.906411	1.000000	0.906499
1.000000	0.906499	1.000000	0.906502
1.000000	0.906502	1.000000	0.907722
1.000000	0.907722	1.000000	0.906349
1.000000	0.906349	1.000000	0.905732
1.000000	0.905732	1.000000	0.905694
1.000000	0.905694	1.000000	0.905754
1.000000	0.905754	1.000000	0.905937
