0.350419	0.449089	0.278197	0.444065
0.278197	0.444065	0.232168	0.428872
0.232168	0.428872	0.198947	0.403337
0.198947	0.403337	0.174000	0.371322
0.174000	0.371322	0.152655	0.336607
0.152655	0.336607	0.130562	0.298382
0.130562	0.298382	0.107974	0.261167
0.107974	0.261167	0.088488	0.227315
0.088488	0.227315	0.068756	0.193895
0.068756	0.193895	0.052806	0.165734
0.052806	0.165734	0.039409	0.139835
0.039409	0.139835	0.028045	0.116916
0.028045	0.116916	0.018956	0.097496
0.018956	0.097496	0.013080	0.082123
0.013080	0.082123	0.008956	0.068836
0.008956	0.068836	0.006043	0.058719
0.006043	0.058719	0.003785	0.049936
0.003785	0.049936	0.002378	0.042712
0.002378	0.042712	0.001690	0.035715
0.001690	0.035715	0.001077	0.029552
0.001077	0.029552	0.000616	0.023562
0.000616	0.023562	0.000379	0.019423
0.000379	0.019423	0.000241	0.015726
0.000241	0.015726	0.000176	0.012410
0.000176	0.012410	0.000150	0.009698
0.000150	0.009698	0.000125	0.007561
0.000125	0.007561	0.000087	0.005999
0.000087	0.005999	0.000088	0.004914
0.000088	0.004914	0.000074	0.003887
0.000074	0.003887	0.000029	0.002814
0.000029	0.002814	0.000010	0.002043
0.000010	0.002043	0.000000	0.001644
0.000000	0.001644	0.000000	0.001269
0.000000	0.001269	0.000000	0.001036
0.000000	0.001036	0.000000	0.000858
0.000000	0.000858	0.000000	0.000839
0.000000	0.000839	0.000000	0.000650
0.000000	0.000650	0.000000	0.000599
0.000000	0.000599	0.000000	0.000592
0.000000	0.000592	0.000000	0.000638
0.000000	0.000638	0.000000	0.000614
0.000000	0.000614	0.000000	0.000549
0.000000	0.000549	0.000000	0.000535
0.000000	0.000535	0.000000	0.000489
0.000000	0.000489	0.000000	0.000431
0.000000	0.000431	0.000000	0.000419
0.000000	0.000419	0.000000	0.000480
0.000000	0.000480	0.000000	0.000452
0.000000	0.000452	0.000000	0.000441
0.000000	0.000441	0.000000	0.000478
0.000000	0.000478	0.000000	0.000510
0.000000	0.000510	0.000000	0.000492
0.000000	0.000492	0.000000	0.000476
0.000000	0.000476	0.000000	0.000510
0.000000	0.000510	0.000000	0.000478
0.000000	0.000478	0.000000	0.000435
0.000000	0.000435	0.000000	0.000381
0.000000	0.000381	0.000000	0.000356
0.000000	0.000356	0.000000	0.000414
0.000000	0.000414	0.000000	0.000410
0.000000	0.000410	0.000000	0.000406
0.000000	0.000406	0.000000	0.000371
0.000000	0.000371	0.000000	0.000378
0.000000	0.000378	0.000000	0.000375
0.000000	0.000375	0.000000	0.000451
0.000000	0.000451	0.000000	0.000487
0.000000	0.000487	0.000000	0.000438
0.000000	0.000438	0.000000	0.000526
0.000000	0.000526	0.000000	0.000524
0.000000	0.000524	0.000000	0.000457
0.000000	0.000457	0.000000	0.000452
0.000000	0.000452	0.000000	0.000503
0.000000	0.000503	0.000000	0.000490
0.000000	0.000490	0.000000	0.000469
0.000000	0.000469	0.000000	0.000442
0.000000	0.000442	0.000000	0.000456
0.000000	0.000456	0.000000	0.000404
0.000000	0.000404	0.000000	0.000395
0.000000	0.000395	0.000000	0.000403
0.000000	0.000403	0.000000	0.000397
0.000000	0.000397	0.000000	0.000347
0.000000	0.000347	0.000000	0.000328
0.000000	0.000328	0.000000	0.000349
0.000000	0.000349	0.000000	0.000410
0.000000	0.000410	0.000000	0.000409
0.000000	0.000409	0.000000	0.000422
0.000000	0.000422	0.000000	0.000411
0.000000	0.000411	0.000000	0.000394
0.000000	0.000394	0.000000	0.000344
0.000000	0.000344	0.000000	0.000275
0.000000	0.000275	0.000000	0.000229
0.000000	0.000229	0.000000	0.000224
0.000000	0.000224	0.000000	0.000205
0.000000	0.000205	0.000000	0.000170
0.000000	0.000170	0.000000	0.000145
0.000000	0.000145	0.000000	0.000161
0.000000	0.000161	0.000000	0.000143
0.000000	0.000143	0.000000	0.000160
0.000000	0.000160	0.000000	0.000139
0.000000	0.000139	0.000000	0.000163
0.000000	0.000163	0.000000	0.000201
0.000000	0.000201	0.000000	0.000212
0.000000	0.000212	0.000000	0.000218
0.000000	0.000218	0.000000	0.000217
0.000000	0.000217	0.000000	0.000222
0.000000	0.000222	0.000000	0.000219
0.000000	0.000219	0.000000	0.000236
0.000000	0.000236	0.000000	0.000150
0.000000	0.000150	0.000000	0.000108
0.000000	0.000108	0.000000	0.000104
0.000000	0.000104	0.000000	0.000096
0.000000	0.000096	0.000000	0.000126
0.000000	0.000126	0.000000	0.000106
0.000000	0.000106	0.000000	0.000140
0.000000	0.000140	0.000000	0.000169
0.000000	0.000169	0.000000	0.000144
0.000000	0.000144	0.000000	0.000143
0.000000	0.000143	0.000000	0.000156
0.000000	0.000156	0.000000	0.000098
0.000000	0.000098	0.000000	0.000087
0.000000	0.000087	0.000000	0.000074
0.000000	0.000074	0.000000	0.000060
0.000000	0.000060	0.000000	0.000060
0.000000	0.000060	0.000000	0.000049
0.000000	0.000049	0.000000	0.000055
0.000000	0.000055	0.000000	0.000057
0.000000	0.000057	0.000000	0.000046
0.000000	0.000046	0.000000	0.000022
0.000000	0.000022	0.000000	0.000009
0.000000	0.000009	0.000000	0.000007
0.000000	0.000007	0.000000	0.000003
0.000000	0.000003	0.000000	0.000012
0.000000	0.000012	0.000000	0.000013
0.000000	0.000013	0.000000	0.000008
0.000000	0.000008	0.000000	0.000003
0.000000	0.000003	0.000000	0.000000
0.000000	0.000000	0.000000	0.000000
0.000000	0.000000	0.000000	0.000000
0.000000	0.000000	0.000000	0.000000
0.000000	0.000000	0.000000	0.000000
0.000000	0.000000	0.000000	0.000000
0.000000	0.000000	0.000000	0.000000
0.000000	0.000000	0.000000	0.000000
0.000000	0.000000	0.000000	0.000000
0.000000	0.000000	0.000000	0.000000
0.000000	0.000000	0.000000	0.000000
0.000000	0.000000	0.000000	0.000000
0.000000	0.000000	0.000000	0.000000
0.000000	0.000000	0.000000	0.000000
0.000000	0.000000	0.000000	0.000000
0.000000	0.000000	0.000000	0.000000
0.000000	0.000000	0.000000	0.000000
0.000000	0.000000	0.000000	0.000000
0.000000	0.000000	0.000000	0.000000
0.000000	0.000000	0.000000	0.000000
0.000000	0.000000	0.000000	0.000000
0.000000	0.000000	0.000000	0.000000
0.000000	0.000000	0.000000	0.000000
0.000000	0.000000	0.000000	0.000000
0.000000	0.000000	0.000000	0.000000
0.000000	0.000000	0.000000	0.000000
0.000000	0.000000	0.000000	0.000000
0.000000	0.000000	0.000000	0.000000
0.000000	0.000000	0.000000	0.000000
0.000000	0.000000	0.000000	0.000000
0.000000	0.000000	0.000000	0.000000
0.000000	0.000000	0.000000	0.000000
0.000000	0.000000	0.000000	0.000000
0.000000	0.000000	0.000000	0.000000
0.000000	0.000000	0.000000	0.000000
0.000000	0.000000	0.000000	0.000000
0.000000	0.000000	0.000000	0.000000
0.000000	0.000000	0.000000	0.000000
0.000000	0.000000	0.000000	0.000000
0.000000	0.000000	0.000000	0.000000
0.000000	0.000000	0.000000	0.000000
0.000000	0.000000	0.000000	0.000000
0.000000	0.000000	0.000000	0.000000
0.000000	0.000000	0.000000	0.000000
0.000000	0.000000	0.000000	0.000000
0.000000	0.000000	0.000000	0.000000
0.000000	0.000000	0.000000	0.000000
0.000000	0.000000	0.000000	0.000000
0.000000	0.000000	0.000000	0.000000
0.000000	0.000000	0.000000	0.000000
0.000000	0.000000	0.000000	0.000000
0.000000	0.000000	0.000000	0.000000
0.000000	0.000000	0.000000	0.000000
0.000000	0.000000	0.000000	0.000000
0.000000	0.000000	0.000000	0.000000
0.000000	0.000000	0.000000	0.000000
0.000000	0.000000	0.000000	0.000000
0.000000	0.000000	0.000000	0.000000
0.000000	0.000000	0.000000	0.000000
0.000000	0.000000	0.000000	0.000000
0.000000	0.000000	0.000000	0.000000
0.000000	0.000000	0.000000	0.000000
0.000000	0.000000	0.000000	0.000000
0.000000	0.000000	0.000000	0.000000
0.350194	0.399314	0.227494	0.395599
0.227494	0.395599	0.171301	0.377962
0.171301	0.377962	0.142391	0.351453
0.142391	0.351453	0.122411	0.319796
0.122411	0.319796	0.104234	0.282439
0.104234	0.282439	0.086961	0.244561
0.086961	0.244561	0.069573	0.206387
0.069573	0.206387	0.053740	0.171890
0.053740	0.171890	0.039327	0.137888
0.039327	0.137888	0.027427	0.109525
0.027427	0.109525	0.017889	0.085646
0.017889	0.085646	0.011426	0.066565
0.011426	0.066565	0.007130	0.051901
0.007130	0.051901	0.004192	0.040159
0.004192	0.040159	0.002319	0.030410
0.002319	0.030410	0.001227	0.023810
0.001227	0.023810	0.000616	0.018473
0.000616	0.018473	0.000282	0.015253
0.000282	0.015253	0.000118	0.012661
0.000118	0.012661	0.000073	0.010760
0.000073	0.010760	0.000043	0.009744
0.000043	0.009744	0.000026	0.009011
0.000026	0.009011	0.000007	0.008150
0.000007	0.008150	0.000001	0.007971
0.000001	0.007971	0.000000	0.007911
0.000000	0.007911	0.000000	0.007793
0.000000	0.007793	0.000000	0.007569
0.000000	0.007569	0.000000	0.007470
0.000000	0.007470	0.000000	0.007425
0.000000	0.007425	0.000000	0.007366
0.000000	0.007366	0.000000	0.007261
0.000000	0.007261	0.000000	0.007263
0.000000	0.007263	0.000000	0.007168
0.000000	0.007168	0.000000	0.007504
0.000000	0.007504	0.000000	0.007929
0.000000	0.007929	0.000000	0.007832
0.000000	0.007832	0.000000	0.007914
0.000000	0.007914	0.000000	0.008033
0.000000	0.008033	0.000000	0.008076
0.000000	0.008076	0.000000	0.007899
0.000000	0.007899	0.000000	0.008024
0.000000	0.008024	0.000000	0.008002
0.000000	0.008002	0.000000	0.008149
0.000000	0.008149	0.000000	0.008130
0.000000	0.008130	0.000000	0.008094
0.000000	0.008094	0.000000	0.008026
0.000000	0.008026	0.000000	0.008159
0.000000	0.008159	0.000000	0.008330
0.000000	0.008330	0.000000	0.008628
0.000000	0.008628	0.000000	0.008601
0.000000	0.008601	0.000000	0.008704
0.000000	0.008704	0.000000	0.008881
0.000000	0.008881	0.000000	0.008868
0.000000	0.008868	0.000000	0.008824
0.000000	0.008824	0.000000	0.008949
0.000000	0.008949	0.000000	0.009081
0.000000	0.009081	0.000000	0.008843
0.000000	0.008843	0.000000	0.009141
0.000000	0.009141	0.000000	0.009124
0.000000	0.009124	0.000000	0.009443
0.000000	0.009443	0.000000	0.009484
0.000000	0.009484	0.000000	0.009712
0.000000	0.009712	0.000000	0.009943
0.000000	0.009943	0.000000	0.009870
0.000000	0.009870	0.000000	0.010119
0.000000	0.010119	0.000000	0.010039
0.000000	0.010039	0.000000	0.009775
0.000000	0.009775	0.000000	0.010077
0.000000	0.010077	0.000000	0.010065
0.000000	0.010065	0.000000	0.009911
0.000000	0.009911	0.000000	0.010060
0.000000	0.010060	0.000000	0.009945
0.000000	0.009945	0.000000	0.009562
0.000000	0.009562	0.000000	0.009359
0.000000	0.009359	0.000000	0.009201
0.000000	0.009201	0.000000	0.009254
0.000000	0.009254	0.000000	0.009218
0.000000	0.009218	0.000000	0.009042
0.000000	0.009042	0.000000	0.009062
0.000000	0.009062	0.000000	0.008844
0.000000	0.008844	0.000000	0.008775
0.000000	0.008775	0.000000	0.009136
0.000000	0.009136	0.000000	0.009178
0.000000	0.009178	0.000000	0.009141
0.000000	0.009141	0.000000	0.008978
0.000000	0.008978	0.000000	0.008753
0.000000	0.008753	0.000000	0.008758
0.000000	0.008758	0.000000	0.008605
0.000000	0.008605	0.000000	0.008611
0.000000	0.008611	0.000000	0.008608
0.000000	0.008608	0.000000	0.008114
0.000000	0.008114	0.000000	0.008037
0.000000	0.008037	0.000000	0.007878
0.000000	0.007878	0.000000	0.007380
0.000000	0.007380	0.000000	0.007307
0.000000	0.007307	0.000000	0.007382
0.000000	0.007382	0.000000	0.007275
0.000000	0.007275	0.000000	0.007215
0.000000	0.007215	0.000000	0.007166
0.000000	0.007166	0.000000	0.007218
0.000000	0.007218	0.000000	0.007282
0.000000	0.007282	0.000000	0.007323
0.000000	0.007323	0.000000	0.007299
0.000000	0.007299	0.000000	0.006906
0.000000	0.006906	0.000000	0.007098
0.000000	0.007098	0.000000	0.006969
0.000000	0.006969	0.000000	0.007069
0.000000	0.007069	0.000000	0.006943
0.000000	0.006943	0.000000	0.006640
0.000000	0.006640	0.000000	0.006541
0.000000	0.006541	0.000000	0.006572
0.000000	0.006572	0.000000	0.006326
0.000000	0.006326	0.000000	0.006495
0.000000	0.006495	0.000000	0.006375
0.000000	0.006375	0.000000	0.006592
0.000000	0.006592	0.000000	0.006319
0.000000	0.006319	0.000000	0.006030
0.000000	0.006030	0.000000	0.006174
0.000000	0.006174	0.000000	0.006248
0.000000	0.006248	0.000000	0.006257
0.000000	0.006257	0.000000	0.006089
0.000000	0.006089	0.000000	0.006083
0.000000	0.006083	0.000000	0.006061
0.000000	0.006061	0.000000	0.006030
0.000000	0.006030	0.000000	0.005846
0.000000	0.005846	0.000000	0.006146
0.000000	0.006146	0.000000	0.006274
0.000000	0.006274	0.000000	0.006371
0.000000	0.006371	0.000000	0.006464
0.000000	0.006464	0.000000	0.006467
0.000000	0.006467	0.000000	0.006474
0.000000	0.006474	0.000000	0.006525
0.000000	0.006525	0.000000	0.006568
0.000000	0.006568	0.000000	0.006702
0.000000	0.006702	0.000000	0.006707
0.000000	0.006707	0.000000	0.006612
0.000000	0.006612	0.000000	0.006671
0.000000	0.006671	0.000000	0.006556
0.000000	0.006556	0.000000	0.006498
0.000000	0.006498	0.000000	0.006679
0.000000	0.006679	0.000000	0.006953
0.000000	0.006953	0.000000	0.007161
0.000000	0.007161	0.000000	0.007046
0.000000	0.007046	0.000000	0.007139
0.000000	0.007139	0.000000	0.006909
0.000000	0.006909	0.000000	0.006845
0.000000	0.006845	0.000000	0.007107
0.000000	0.007107	0.000000	0.007189
0.000000	0.007189	0.000000	0.007266
0.000000	0.007266	0.000000	0.007131
0.000000	0.007131	0.000000	0.007168
0.000000	0.007168	0.000000	0.007332
0.000000	0.007332	0.000000	0.007319
0.000000	0.007319	0.000000	0.007709
0.000000	0.007709	0.000000	0.007726
0.000000	0.007726	0.000000	0.007756
0.000000	0.007756	0.000000	0.008035
0.000000	0.008035	0.000000	0.007789
0.000000	0.007789	0.000000	0.007908
0.000000	0.007908	0.000000	0.007900
0.000000	0.007900	0.000000	0.007964
0.000000	0.007964	0.000000	0.007692
0.000000	0.007692	0.000000	0.007588
0.000000	0.007588	0.000000	0.007588
0.000000	0.007588	0.000000	0.007738
0.000000	0.007738	0.000000	0.007789
0.000000	0.007789	0.000000	0.007937
0.000000	0.007937	0.000000	0.007814
0.000000	0.007814	0.000000	0.007907
0.000000	0.007907	0.000000	0.008260
0.000000	0.008260	0.000000	0.008108
0.000000	0.008108	0.000000	0.007954
0.000000	0.007954	0.000000	0.007774
0.000000	0.007774	0.000000	0.007849
0.000000	0.007849	0.000000	0.007889
0.000000	0.007889	0.000000	0.008001
0.000000	0.008001	0.000000	0.008023
0.000000	0.008023	0.000000	0.007975
0.000000	0.007975	0.000000	0.007995
0.000000	0.007995	0.000000	0.008181
0.000000	0.008181	0.000000	0.008477
0.000000	0.008477	0.000000	0.008401
0.000000	0.008401	0.000000	0.008183
0.000000	0.008183	0.000000	0.008567
0.000000	0.008567	0.000000	0.008487
0.000000	0.008487	0.000000	0.008684
0.000000	0.008684	0.000000	0.008644
0.000000	0.008644	0.000000	0.008365
0.000000	0.008365	0.000000	0.008389
0.000000	0.008389	0.000000	0.008515
0.000000	0.008515	0.000000	0.008305
0.000000	0.008305	0.000000	0.008202
0.000000	0.008202	0.000000	0.008465
0.000000	0.008465	0.000000	0.008825
0.000000	0.008825	0.000000	0.008641
0.000000	0.008641	0.000000	0.008343
0.000000	0.008343	0.000000	0.008169
0.000000	0.008169	0.000000	0.008256
0.000000	0.008256	0.000000	0.008494
0.350171	0.349456	0.178382	0.343137
0.178382	0.343137	0.118254	0.324330
0.118254	0.324330	0.090917	0.298166
0.090917	0.298166	0.076604	0.270017
0.076604	0.270017	0.064624	0.238237
0.064624	0.238237	0.052430	0.204981
0.052430	0.204981	0.041131	0.172575
0.041131	0.172575	0.030552	0.140732
0.030552	0.140732	0.022240	0.114182
0.022240	0.114182	0.015230	0.090932
0.015230	0.090932	0.010039	0.071381
0.010039	0.071381	0.006260	0.056588
0.006260	0.056588	0.003621	0.045397
0.003621	0.045397	0.002151	0.036637
0.002151	0.036637	0.001213	0.030182
0.001213	0.030182	0.000637	0.025222
0.000637	0.025222	0.000293	0.022130
0.000293	0.022130	0.000106	0.020230
0.000106	0.020230	0.000029	0.018878
0.000029	0.018878	0.000009	0.017843
0.000009	0.017843	0.000001	0.017592
0.000001	0.017592	0.000005	0.016955
0.000005	0.016955	0.000000	0.016889
0.000000	0.016889	0.000000	0.016618
0.000000	0.016618	0.000000	0.016553
0.000000	0.016553	0.000000	0.016508
0.000000	0.016508	0.000000	0.016596
0.000000	0.016596	0.000000	0.016484
0.000000	0.016484	0.000000	0.016203
0.000000	0.016203	0.000000	0.016531
0.000000	0.016531	0.000000	0.016513
0.000000	0.016513	0.000000	0.016588
0.000000	0.016588	0.000000	0.016587
0.000000	0.016587	0.000000	0.016234
0.000000	0.016234	0.000000	0.016091
0.000000	0.016091	0.000000	0.016056
0.000000	0.016056	0.000000	0.016147
0.000000	0.016147	0.000000	0.015910
0.000000	0.015910	0.000000	0.015793
0.000000	0.015793	0.000000	0.015529
0.000000	0.015529	0.000000	0.015411
0.000000	0.015411	0.000000	0.015715
0.000000	0.015715	0.000000	0.015718
0.000000	0.015718	0.000000	0.015832
0.000000	0.015832	0.000000	0.015697
0.000000	0.015697	0.000000	0.015626
0.000000	0.015626	0.000000	0.015948
0.000000	0.015948	0.000000	0.015951
0.000000	0.015951	0.000000	0.015880
0.000000	0.015880	0.000000	0.016699
0.000000	0.016699	0.000000	0.016563
0.000000	0.016563	0.000000	0.017140
0.000000	0.017140	0.000000	0.017429
0.000000	0.017429	0.000000	0.017616
0.000000	0.017616	0.000000	0.017519
0.000000	0.017519	0.000000	0.017476
0.000000	0.017476	0.000000	0.017393
0.000000	0.017393	0.000000	0.017294
0.000000	0.017294	0.000000	0.017370
0.000000	0.017370	0.000000	0.017319
0.000000	0.017319	0.000000	0.017477
0.000000	0.017477	0.000000	0.017369
0.000000	0.017369	0.000000	0.017599
0.000000	0.017599	0.000000	0.018120
0.000000	0.018120	0.000000	0.017812
0.000000	0.017812	0.000000	0.018306
0.000000	0.018306	0.000000	0.018334
0.000000	0.018334	0.000000	0.018255
0.000000	0.018255	0.000000	0.018326
0.000000	0.018326	0.000000	0.018648
0.000000	0.018648	0.000000	0.017911
0.000000	0.017911	0.000000	0.017875
0.000000	0.017875	0.000000	0.017549
0.000000	0.017549	0.000000	0.017507
0.000000	0.017507	0.000000	0.017283
0.000000	0.017283	0.000000	0.017553
0.000000	0.017553	0.000000	0.017616
0.000000	0.017616	0.000000	0.017327
0.000000	0.017327	0.000000	0.017797
0.000000	0.017797	0.000000	0.017499
0.000000	0.017499	0.000000	0.017916
0.000000	0.017916	0.000000	0.017340
0.000000	0.017340	0.000000	0.017554
0.000000	0.017554	0.000000	0.017448
0.000000	0.017448	0.000000	0.017379
0.000000	0.017379	0.000000	0.017250
0.000000	0.017250	0.000000	0.017497
0.000000	0.017497	0.000000	0.016764
0.000000	0.016764	0.000000	0.016701
0.000000	0.016701	0.000000	0.016638
0.000000	0.016638	0.000000	0.017003
0.000000	0.017003	0.000000	0.017237
0.000000	0.017237	0.000000	0.017211
0.000000	0.017211	0.000000	0.017382
0.000000	0.017382	0.000000	0.017598
0.000000	0.017598	0.000000	0.017714
0.000000	0.017714	0.000000	0.018084
0.000000	0.018084	0.000000	0.017724
0.000000	0.017724	0.000000	0.017420
0.000000	0.017420	0.000000	0.017115
0.000000	0.017115	0.000000	0.016720
0.000000	0.016720	0.000000	0.016840
0.000000	0.016840	0.000000	0.016506
0.000000	0.016506	0.000000	0.016576
0.000000	0.016576	0.000000	0.016650
0.000000	0.016650	0.000000	0.016952
0.000000	0.016952	0.000000	0.016788
0.000000	0.016788	0.000000	0.016586
0.000000	0.016586	0.000000	0.016692
0.000000	0.016692	0.000000	0.016927
0.000000	0.016927	0.000000	0.017270
0.000000	0.017270	0.000000	0.017331
0.000000	0.017331	0.000000	0.016926
0.000000	0.016926	0.000000	0.017057
0.000000	0.017057	0.000000	0.017235
0.000000	0.017235	0.000000	0.017296
0.000000	0.017296	0.000000	0.017060
0.000000	0.017060	0.000000	0.017296
0.000000	0.017296	0.000000	0.017505
0.000000	0.017505	0.000000	0.017493
0.000000	0.017493	0.000000	0.017416
0.000000	0.017416	0.000000	0.017411
0.000000	0.017411	0.000000	0.017104
0.000000	0.017104	0.000000	0.016944
0.000000	0.016944	0.000000	0.017035
0.000000	0.017035	0.000000	0.017099
0.000000	0.017099	0.000000	0.017112
0.000000	0.017112	0.000000	0.017033
0.000000	0.017033	0.000000	0.016966
0.000000	0.016966	0.000000	0.016917
0.000000	0.016917	0.000000	0.017369
0.000000	0.017369	0.000000	0.017052
0.000000	0.017052	0.000000	0.016901
0.000000	0.016901	0.000000	0.016837
0.000000	0.016837	0.000000	0.017127
0.000000	0.017127	0.000000	0.017001
0.000000	0.017001	0.000000	0.017007
0.000000	0.017007	0.000000	0.017173
0.000000	0.017173	0.000000	0.017194
0.000000	0.017194	0.000000	0.017566
0.000000	0.017566	0.000000	0.017305
0.000000	0.017305	0.000000	0.017242
0.000000	0.017242	0.000000	0.017116
0.000000	0.017116	0.000000	0.017362
0.000000	0.017362	0.000000	0.017498
0.000000	0.017498	0.000000	0.017715
0.000000	0.017715	0.000000	0.017928
0.000000	0.017928	0.000000	0.018584
0.000000	0.018584	0.000000	0.018773
0.000000	0.018773	0.000000	0.018476
0.000000	0.018476	0.000000	0.018526
0.000000	0.018526	0.000000	0.018227
0.000000	0.018227	0.000000	0.018711
0.000000	0.018711	0.000000	0.018485
0.000000	0.018485	0.000000	0.018361
0.000000	0.018361	0.000000	0.018586
0.000000	0.018586	0.000000	0.018708
0.000000	0.018708	0.000000	0.018708
0.000000	0.018708	0.000000	0.019115
0.000000	0.019115	0.000000	0.019187
0.000000	0.019187	0.000000	0.019281
0.000000	0.019281	0.000000	0.019302
0.000000	0.019302	0.000000	0.019483
0.000000	0.019483	0.000000	0.019198
0.000000	0.019198	0.000000	0.018889
0.000000	0.018889	0.000000	0.018486
0.000000	0.018486	0.000000	0.018063
0.000000	0.018063	0.000000	0.018395
0.000000	0.018395	0.000000	0.018738
0.000000	0.018738	0.000000	0.018958
0.000000	0.018958	0.000000	0.018664
0.000000	0.018664	0.000000	0.018340
0.000000	0.018340	0.000000	0.018550
0.000000	0.018550	0.000000	0.018324
0.000000	0.018324	0.000000	0.018467
0.000000	0.018467	0.000000	0.018703
0.000000	0.018703	0.000000	0.018722
0.000000	0.018722	0.000000	0.018762
0.000000	0.018762	0.000000	0.018784
0.000000	0.018784	0.000000	0.018693
0.000000	0.018693	0.000000	0.018649
0.000000	0.018649	0.000000	0.018545
0.000000	0.018545	0.000000	0.018979
0.000000	0.018979	0.000000	0.019006
0.000000	0.019006	0.000000	0.019133
0.000000	0.019133	0.000000	0.019107
0.000000	0.019107	0.000000	0.019104
0.000000	0.019104	0.000000	0.019022
0.000000	0.019022	0.000000	0.018812
0.000000	0.018812	0.000000	0.019007
0.000000	0.019007	0.000000	0.019756
0.000000	0.019756	0.000000	0.019651
0.000000	0.019651	0.000000	0.019875
0.000000	0.019875	0.000000	0.020082
0.000000	0.020082	0.000000	0.019635
0.000000	0.019635	0.000000	0.019733
0.000000	0.019733	0.000000	0.019824
0.000000	0.019824	0.000000	0.020166
0.000000	0.020166	0.000000	0.020370
0.350282	0.299702	0.134871	0.291599
0.134871	0.291599	0.074540	0.270106
0.074540	0.270106	0.052784	0.246925
0.052784	0.246925	0.041152	0.220919
0.041152	0.220919	0.033188	0.196510
0.033188	0.196510	0.026664	0.172940
0.026664	0.172940	0.021298	0.150407
0.021298	0.150407	0.016707	0.129306
0.016707	0.129306	0.012875	0.109828
0.012875	0.109828	0.009323	0.093263
0.009323	0.093263	0.006444	0.079273
0.006444	0.079273	0.004498	0.067375
0.004498	0.067375	0.003228	0.058874
0.003228	0.058874	0.002034	0.051828
0.002034	0.051828	0.001154	0.046641
0.001154	0.046641	0.000612	0.042969
0.000612	0.042969	0.000375	0.040720
0.000375	0.040720	0.000123	0.038671
0.000123	0.038671	0.000049	0.038140
0.000049	0.038140	0.000059	0.037459
0.000059	0.037459	0.000027	0.037026
0.000027	0.037026	0.000031	0.036723
0.000031	0.036723	0.000022	0.036752
0.000022	0.036752	0.000013	0.036240
0.000013	0.036240	0.000026	0.035434
0.000026	0.035434	0.000052	0.035224
0.000052	0.035224	0.000036	0.035380
0.000036	0.035380	0.000022	0.035254
0.000022	0.035254	0.000034	0.034841
0.000034	0.034841	0.000033	0.033941
0.000033	0.033941	0.000006	0.034099
0.000006	0.034099	0.000000	0.033829
0.000000	0.033829	0.000000	0.033891
0.000000	0.033891	0.000000	0.033585
0.000000	0.033585	0.000000	0.033611
0.000000	0.033611	0.000000	0.033426
0.000000	0.033426	0.000000	0.033479
0.000000	0.033479	0.000000	0.033667
0.000000	0.033667	0.000000	0.033905
0.000000	0.033905	0.000000	0.033618
0.000000	0.033618	0.000000	0.033569
0.000000	0.033569	0.000000	0.033319
0.000000	0.033319	0.000000	0.033359
0.000000	0.033359	0.000000	0.033716
0.000000	0.033716	0.000000	0.033911
0.000000	0.033911	0.000000	0.033647
0.000000	0.033647	0.000000	0.033429
0.000000	0.033429	0.000000	0.033598
0.000000	0.033598	0.000000	0.033561
0.000000	0.033561	0.000000	0.033703
0.000000	0.033703	0.000000	0.033418
0.000000	0.033418	0.000000	0.032916
0.000000	0.032916	0.000000	0.033351
0.000000	0.033351	0.000000	0.032993
0.000000	0.032993	0.000000	0.032420
0.000000	0.032420	0.000000	0.032573
0.000000	0.032573	0.000000	0.032504
0.000000	0.032504	0.000000	0.032451
0.000000	0.032451	0.000000	0.032834
0.000000	0.032834	0.000000	0.032422
0.000000	0.032422	0.000000	0.032128
0.000000	0.032128	0.000000	0.032338
0.000000	0.032338	0.000000	0.031845
0.000000	0.031845	0.000000	0.032069
0.000000	0.032069	0.000000	0.031683
0.000000	0.031683	0.000000	0.031951
0.000000	0.031951	0.000000	0.031746
0.000000	0.031746	0.000000	0.032164
0.000000	0.032164	0.000000	0.032030
0.000000	0.032030	0.000000	0.032301
0.000000	0.032301	0.000000	0.032608
0.000000	0.032608	0.000000	0.032785
0.000000	0.032785	0.000000	0.033134
0.000000	0.033134	0.000000	0.033716
0.000000	0.033716	0.000000	0.033897
0.000000	0.033897	0.000000	0.033131
0.000000	0.033131	0.000000	0.033328
0.000000	0.033328	0.000000	0.033003
0.000000	0.033003	0.000000	0.033264
0.000000	0.033264	0.000000	0.032996
0.000000	0.032996	0.000000	0.032796
0.000000	0.032796	0.000000	0.032168
0.000000	0.032168	0.000000	0.032176
0.000000	0.032176	0.000000	0.032003
0.000000	0.032003	0.000000	0.031941
0.000000	0.031941	0.000000	0.032718
0.000000	0.032718	0.000000	0.032113
0.000000	0.032113	0.000000	0.032438
0.000000	0.032438	0.000000	0.032946
0.000000	0.032946	0.000000	0.033525
0.000000	0.033525	0.000000	0.033166
0.000000	0.033166	0.000000	0.033547
0.000000	0.033547	0.000000	0.033710
0.000000	0.033710	0.000000	0.033461
0.000000	0.033461	0.000000	0.033815
0.000000	0.033815	0.000000	0.033883
0.000000	0.033883	0.000000	0.034523
0.000000	0.034523	0.000000	0.034828
0.000000	0.034828	0.000000	0.034649
0.000000	0.034649	0.000000	0.035217
0.000000	0.035217	0.000000	0.035018
0.000000	0.035018	0.000000	0.034400
0.000000	0.034400	0.000000	0.034830
0.000000	0.034830	0.000000	0.034793
0.000000	0.034793	0.000000	0.034021
0.000000	0.034021	0.000000	0.033942
0.000000	0.033942	0.000000	0.033583
0.000000	0.033583	0.000000	0.033605
0.000000	0.033605	0.000000	0.033315
0.000000	0.033315	0.000000	0.033826
0.000000	0.033826	0.000000	0.034415
0.000000	0.034415	0.000000	0.034105
0.000000	0.034105	0.000000	0.034048
0.000000	0.034048	0.000000	0.033730
0.000000	0.033730	0.000000	0.034066
0.000000	0.034066	0.000000	0.033762
0.000000	0.033762	0.000000	0.033129
0.000000	0.033129	0.000000	0.032627
0.000000	0.032627	0.000000	0.033208
0.000000	0.033208	0.000000	0.032856
0.000000	0.032856	0.000000	0.033164
0.000000	0.033164	0.000000	0.033491
0.000000	0.033491	0.000000	0.033017
0.000000	0.033017	0.000000	0.033115
0.000000	0.033115	0.000000	0.033064
0.000000	0.033064	0.000000	0.033081
0.000000	0.033081	0.000000	0.033454
0.000000	0.033454	0.000000	0.033496
0.000000	0.033496	0.000000	0.033839
0.000000	0.033839	0.000000	0.034379
0.000000	0.034379	0.000000	0.034545
0.000000	0.034545	0.000000	0.034369
0.000000	0.034369	0.000000	0.034925
0.000000	0.034925	0.000000	0.035290
0.000000	0.035290	0.000000	0.035191
0.000000	0.035191	0.000000	0.035665
0.000000	0.035665	0.000000	0.035173
0.000000	0.035173	0.000000	0.035462
0.000000	0.035462	0.000000	0.035507
0.000000	0.035507	0.000000	0.035218
0.000000	0.035218	0.000000	0.035252
0.000000	0.035252	0.000000	0.035720
0.000000	0.035720	0.000000	0.035867
0.000000	0.035867	0.000000	0.035774
0.000000	0.035774	0.000000	0.036173
0.000000	0.036173	0.000000	0.035577
0.000000	0.035577	0.000000	0.035243
0.000000	0.035243	0.000000	0.034858
0.000000	0.034858	0.000000	0.034771
0.000000	0.034771	0.000000	0.034995
0.000000	0.034995	0.000000	0.034732
0.000000	0.034732	0.000000	0.034507
0.000000	0.034507	0.000000	0.034578
0.000000	0.034578	0.000000	0.034066
0.000000	0.034066	0.000000	0.034789
0.000000	0.034789	0.000000	0.034872
0.000000	0.034872	0.000000	0.035071
0.000000	0.035071	0.000000	0.035420
0.000000	0.035420	0.000000	0.035547
0.000000	0.035547	0.000000	0.035979
0.000000	0.035979	0.000000	0.035425
0.000000	0.035425	0.000000	0.035726
0.000000	0.035726	0.000000	0.036081
0.000000	0.036081	0.000000	0.036381
0.000000	0.036381	0.000000	0.036788
0.000000	0.036788	0.000000	0.036992
0.000000	0.036992	0.000000	0.036958
0.000000	0.036958	0.000000	0.037124
0.000000	0.037124	0.000000	0.036871
0.000000	0.036871	0.000000	0.036768
0.000000	0.036768	0.000000	0.036630
0.000000	0.036630	0.000000	0.036278
0.000000	0.036278	0.000000	0.036129
0.000000	0.036129	0.000000	0.035854
0.000000	0.035854	0.000000	0.035531
0.000000	0.035531	0.000000	0.035486
0.000000	0.035486	0.000000	0.035338
0.000000	0.035338	0.000000	0.035271
0.000000	0.035271	0.000000	0.035418
0.000000	0.035418	0.000000	0.035257
0.000000	0.035257	0.000000	0.035015
0.000000	0.035015	0.000000	0.035639
0.000000	0.035639	0.000000	0.035762
0.000000	0.035762	0.000000	0.036002
0.000000	0.036002	0.000000	0.036490
0.000000	0.036490	0.000000	0.036390
0.000000	0.036390	0.000000	0.036442
0.000000	0.036442	0.000000	0.036320
0.000000	0.036320	0.000000	0.036608
0.000000	0.036608	0.000000	0.036422
0.000000	0.036422	0.000000	0.037259
0.000000	0.037259	0.000000	0.037721
0.000000	0.037721	0.000000	0.037482
0.000000	0.037482	0.000000	0.037187
0.000000	0.037187	0.000000	0.036964
0.000000	0.036964	0.000000	0.037065
0.000000	0.037065	0.000000	0.037009
0.000000	0.037009	0.000000	0.037092
0.000000	0.037092	0.000000	0.037590
0.349554	0.249952	0.096714	0.240469
0.096714	0.240469	0.042522	0.220594
0.042522	0.220594	0.027971	0.199602
0.027971	0.199602	0.021200	0.180554
0.021200	0.180554	0.017108	0.163471
0.017108	0.163471	0.013800	0.147935
0.013800	0.147935	0.010467	0.133630
0.010467	0.133630	0.008038	0.120422
0.008038	0.120422	0.006271	0.108767
0.006271	0.108767	0.004794	0.100052
0.004794	0.100052	0.003490	0.091705
0.003490	0.091705	0.002438	0.084467
0.002438	0.084467	0.001809	0.079034
0.001809	0.079034	0.001327	0.075019
0.001327	0.075019	0.001053	0.071378
0.001053	0.071378	0.000755	0.068753
0.000755	0.068753	0.000593	0.066102
0.000593	0.066102	0.000460	0.064200
0.000460	0.064200	0.000385	0.062672
0.000385	0.062672	0.000341	0.061968
0.000341	0.061968	0.000322	0.060374
0.000322	0.060374	0.000239	0.059002
0.000239	0.059002	0.000190	0.057464
0.000190	0.057464	0.000157	0.057179
0.000157	0.057179	0.000107	0.056214
0.000107	0.056214	0.000061	0.055617
0.000061	0.055617	0.000054	0.055842
0.000054	0.055842	0.000042	0.055260
0.000042	0.055260	0.000018	0.054826
0.000018	0.054826	0.000005	0.055054
0.000005	0.055054	0.000003	0.055282
0.000003	0.055282	0.000000	0.054294
0.000000	0.054294	0.000000	0.054823
0.000000	0.054823	0.000000	0.054929
0.000000	0.054929	0.000000	0.054598
0.000000	0.054598	0.000000	0.055116
0.000000	0.055116	0.000000	0.055587
0.000000	0.055587	0.000000	0.055083
0.000000	0.055083	0.000000	0.055226
0.000000	0.055226	0.000000	0.056311
0.000000	0.056311	0.000000	0.056868
0.000000	0.056868	0.000000	0.057351
0.000000	0.057351	0.000000	0.057508
0.000000	0.057508	0.000000	0.057603
0.000000	0.057603	0.000000	0.057475
0.000000	0.057475	0.000000	0.057309
0.000000	0.057309	0.000000	0.058044
0.000000	0.058044	0.000000	0.058420
0.000000	0.058420	0.000000	0.058336
0.000000	0.058336	0.000000	0.057634
0.000000	0.057634	0.000000	0.057476
0.000000	0.057476	0.000000	0.057310
0.000000	0.057310	0.000000	0.057443
0.000000	0.057443	0.000000	0.056824
0.000000	0.056824	0.000000	0.056311
0.000000	0.056311	0.000000	0.056383
0.000000	0.056383	0.000000	0.056077
0.000000	0.056077	0.000000	0.056382
0.000000	0.056382	0.000000	0.055585
0.000000	0.055585	0.000000	0.055589
0.000000	0.055589	0.000000	0.055861
0.000000	0.055861	0.000000	0.056006
0.000000	0.056006	0.000000	0.055620
0.000000	0.055620	0.000000	0.055792
0.000000	0.055792	0.000000	0.055884
0.000000	0.055884	0.000000	0.056114
0.000000	0.056114	0.000000	0.057104
0.000000	0.057104	0.000000	0.057121
0.000000	0.057121	0.000000	0.057152
0.000000	0.057152	0.000000	0.057091
0.000000	0.057091	0.000000	0.056894
0.000000	0.056894	0.000000	0.057203
0.000000	0.057203	0.000000	0.057502
0.000000	0.057502	0.000000	0.057853
0.000000	0.057853	0.000000	0.057347
0.000000	0.057347	0.000000	0.056825
0.000000	0.056825	0.000000	0.057512
0.000000	0.057512	0.000000	0.057702
0.000000	0.057702	0.000000	0.058886
0.000000	0.058886	0.000000	0.059044
0.000000	0.059044	0.000000	0.058097
0.000000	0.058097	0.000000	0.058145
0.000000	0.058145	0.000000	0.057756
0.000000	0.057756	0.000000	0.058102
0.000000	0.058102	0.000000	0.057428
0.000000	0.057428	0.000000	0.057481
0.000000	0.057481	0.000000	0.057127
0.000000	0.057127	0.000000	0.057539
0.000000	0.057539	0.000000	0.057239
0.000000	0.057239	0.000000	0.056945
0.000000	0.056945	0.000000	0.056929
0.000000	0.056929	0.000000	0.057393
0.000000	0.057393	0.000000	0.058322
0.000000	0.058322	0.000000	0.058670
0.000000	0.058670	0.000000	0.058281
0.000000	0.058281	0.000000	0.058076
0.000000	0.058076	0.000000	0.057502
0.000000	0.057502	0.000000	0.057470
0.000000	0.057470	0.000000	0.057607
0.000000	0.057607	0.000000	0.058313
0.000000	0.058313	0.000000	0.058541
0.000000	0.058541	0.000000	0.058435
0.000000	0.058435	0.000000	0.058635
0.000000	0.058635	0.000000	0.058336
0.000000	0.058336	0.000000	0.058571
0.000000	0.058571	0.000000	0.058611
0.000000	0.058611	0.000000	0.058552
0.000000	0.058552	0.000000	0.058360
0.000000	0.058360	0.000000	0.057963
0.000000	0.057963	0.000000	0.058353
0.000000	0.058353	0.000000	0.057699
0.000000	0.057699	0.000000	0.057860
0.000000	0.057860	0.000000	0.057563
0.000000	0.057563	0.000000	0.058355
0.000000	0.058355	0.000000	0.057785
0.000000	0.057785	0.000000	0.057354
0.000000	0.057354	0.000000	0.057914
0.000000	0.057914	0.000000	0.057751
0.000000	0.057751	0.000000	0.056606
0.000000	0.056606	0.000000	0.056703
0.000000	0.056703	0.000000	0.056301
0.000000	0.056301	0.000000	0.056823
0.000000	0.056823	0.000000	0.056863
0.000000	0.056863	0.000000	0.056821
0.000000	0.056821	0.000000	0.056485
0.000000	0.056485	0.000000	0.056042
0.000000	0.056042	0.000000	0.054859
0.000000	0.054859	0.000000	0.055469
0.000000	0.055469	0.000000	0.055840
0.000000	0.055840	0.000000	0.055914
0.000000	0.055914	0.000000	0.056007
0.000000	0.056007	0.000000	0.055136
0.000000	0.055136	0.000000	0.054769
0.000000	0.054769	0.000000	0.054456
0.000000	0.054456	0.000000	0.054293
0.000000	0.054293	0.000000	0.053691
0.000000	0.053691	0.000000	0.053235
0.000000	0.053235	0.000000	0.053137
0.000000	0.053137	0.000000	0.053376
0.000000	0.053376	0.000000	0.053400
0.000000	0.053400	0.000000	0.053418
0.000000	0.053418	0.000000	0.052249
0.000000	0.052249	0.000000	0.052179
0.000000	0.052179	0.000000	0.051346
0.000000	0.051346	0.000000	0.051069
0.000000	0.051069	0.000000	0.050933
0.000000	0.050933	0.000000	0.051519
0.000000	0.051519	0.000000	0.051734
0.000000	0.051734	0.000000	0.052136
0.000000	0.052136	0.000000	0.052373
0.000000	0.052373	0.000000	0.052920
0.000000	0.052920	0.000000	0.052025
0.000000	0.052025	0.000000	0.052126
0.000000	0.052126	0.000000	0.052132
0.000000	0.052132	0.000000	0.052051
0.000000	0.052051	0.000000	0.052856
0.000000	0.052856	0.000000	0.052611
0.000000	0.052611	0.000000	0.052435
0.000000	0.052435	0.000000	0.051745
0.000000	0.051745	0.000000	0.051874
0.000000	0.051874	0.000000	0.052228
0.000000	0.052228	0.000000	0.052444
0.000000	0.052444	0.000000	0.053069
0.000000	0.053069	0.000000	0.053073
0.000000	0.053073	0.000000	0.053132
0.000000	0.053132	0.000000	0.053369
0.000000	0.053369	0.000000	0.053438
0.000000	0.053438	0.000000	0.053363
0.000000	0.053363	0.000000	0.053214
0.000000	0.053214	0.000000	0.052811
0.000000	0.052811	0.000000	0.052696
0.000000	0.052696	0.000000	0.051586
0.000000	0.051586	0.000000	0.051856
0.000000	0.051856	0.000000	0.052026
0.000000	0.052026	0.000000	0.052211
0.000000	0.052211	0.000000	0.052283
0.000000	0.052283	0.000000	0.052095
0.000000	0.052095	0.000000	0.051548
0.000000	0.051548	0.000000	0.051659
0.000000	0.051659	0.000000	0.052012
0.000000	0.052012	0.000000	0.051782
0.000000	0.051782	0.000000	0.052480
0.000000	0.052480	0.000000	0.053292
0.000000	0.053292	0.000000	0.053284
0.000000	0.053284	0.000000	0.054259
0.000000	0.054259	0.000000	0.054404
0.000000	0.054404	0.000000	0.054457
0.000000	0.054457	0.000000	0.054208
0.000000	0.054208	0.000000	0.054891
0.000000	0.054891	0.000000	0.054627
0.000000	0.054627	0.000000	0.054741
0.000000	0.054741	0.000000	0.054534
0.000000	0.054534	0.000000	0.054126
0.000000	0.054126	0.000000	0.053339
0.000000	0.053339	0.000000	0.053615
0.000000	0.053615	0.000000	0.053837
0.000000	0.053837	0.000000	0.054343
0.000000	0.054343	0.000000	0.054406
0.000000	0.054406	0.000000	0.054319
0.350549	0.200158	0.066105	0.192118
0.066105	0.192118	0.022250	0.174991
0.022250	0.174991	0.012237	0.160034
0.012237	0.160034	0.008578	0.147273
0.008578	0.147273	0.006441	0.138279
0.006441	0.138279	0.004909	0.128802
0.004909	0.128802	0.003832	0.120218
0.003832	0.120218	0.003069	0.113957
0.003069	0.113957	0.002576	0.107159
0.002576	0.107159	0.002110	0.101891
0.002110	0.101891	0.001562	0.098028
0.001562	0.098028	0.001235	0.094415
0.001235	0.094415	0.000792	0.091930
0.000792	0.091930	0.000539	0.089415
0.000539	0.089415	0.000303	0.086768
0.000303	0.086768	0.000209	0.085797
0.000209	0.085797	0.000142	0.084964
0.000142	0.084964	0.000106	0.083246
0.000106	0.083246	0.000052	0.082260
0.000052	0.082260	0.000029	0.081266
0.000029	0.081266	0.000046	0.080245
0.000046	0.080245	0.000036	0.079904
0.000036	0.079904	0.000022	0.079448
0.000022	0.079448	0.000035	0.078976
0.000035	0.078976	0.000008	0.078074
0.000008	0.078074	0.000002	0.077422
0.000002	0.077422	0.000000	0.076509
0.000000	0.076509	0.000000	0.075915
0.000000	0.075915	0.000000	0.075704
0.000000	0.075704	0.000000	0.075688
0.000000	0.075688	0.000000	0.075107
0.000000	0.075107	0.000000	0.075102
0.000000	0.075102	0.000000	0.074714
0.000000	0.074714	0.000000	0.074904
0.000000	0.074904	0.000000	0.074503
0.000000	0.074503	0.000000	0.073673
0.000000	0.073673	0.000000	0.074396
0.000000	0.074396	0.000000	0.075516
0.000000	0.075516	0.000000	0.074767
0.000000	0.074767	0.000000	0.073976
0.000000	0.073976	0.000000	0.073922
0.000000	0.073922	0.000000	0.074564
0.000000	0.074564	0.000000	0.074707
0.000000	0.074707	0.000000	0.075455
0.000000	0.075455	0.000000	0.074947
0.000000	0.074947	0.000000	0.074348
0.000000	0.074348	0.000000	0.075618
0.000000	0.075618	0.000000	0.075985
0.000000	0.075985	0.000000	0.075959
0.000000	0.075959	0.000000	0.076267
0.000000	0.076267	0.000000	0.076327
0.000000	0.076327	0.000000	0.076887
0.000000	0.076887	0.000000	0.076098
0.000000	0.076098	0.000000	0.076889
0.000000	0.076889	0.000000	0.078009
0.000000	0.078009	0.000000	0.077866
0.000000	0.077866	0.000000	0.077669
0.000000	0.077669	0.000000	0.077717
0.000000	0.077717	0.000000	0.078770
0.000000	0.078770	0.000000	0.078094
0.000000	0.078094	0.000000	0.077821
0.000000	0.077821	0.000000	0.077099
0.000000	0.077099	0.000000	0.077737
0.000000	0.077737	0.000000	0.078306
0.000000	0.078306	0.000000	0.078033
0.000000	0.078033	0.000000	0.078105
0.000000	0.078105	0.000000	0.078274
0.000000	0.078274	0.000000	0.079177
0.000000	0.079177	0.000000	0.078952
0.000000	0.078952	0.000000	0.079318
0.000000	0.079318	0.000000	0.079539
0.000000	0.079539	0.000000	0.079517
0.000000	0.079517	0.000000	0.079748
0.000000	0.079748	0.000000	0.079511
0.000000	0.079511	0.000000	0.079291
0.000000	0.079291	0.000000	0.079114
0.000000	0.079114	0.000000	0.079672
0.000000	0.079672	0.000000	0.079453
0.000000	0.079453	0.000000	0.079189
0.000000	0.079189	0.000000	0.078699
0.000000	0.078699	0.000000	0.079117
0.000000	0.079117	0.000000	0.079045
0.000000	0.079045	0.000000	0.079032
0.000000	0.079032	0.000000	0.078689
0.000000	0.078689	0.000000	0.077635
0.000000	0.077635	0.000000	0.076976
0.000000	0.076976	0.000000	0.076505
0.000000	0.076505	0.000000	0.076477
0.000000	0.076477	0.000000	0.076418
0.000000	0.076418	0.000000	0.076616
0.000000	0.076616	0.000000	0.076011
0.000000	0.076011	0.000000	0.075228
0.000000	0.075228	0.000000	0.075298
0.000000	0.075298	0.000000	0.075574
0.000000	0.075574	0.000000	0.075122
0.000000	0.075122	0.000000	0.075057
0.000000	0.075057	0.000000	0.075253
0.000000	0.075253	0.000000	0.075743
0.000000	0.075743	0.000000	0.075625
0.000000	0.075625	0.000000	0.074478
0.000000	0.074478	0.000000	0.074871
0.000000	0.074871	0.000000	0.074630
0.000000	0.074630	0.000000	0.073906
0.000000	0.073906	0.000000	0.074525
0.000000	0.074525	0.000000	0.074051
0.000000	0.074051	0.000000	0.073499
0.000000	0.073499	0.000000	0.073655
0.000000	0.073655	0.000000	0.073295
0.000000	0.073295	0.000000	0.073497
0.000000	0.073497	0.000000	0.073681
0.000000	0.073681	0.000000	0.073974
0.000000	0.073974	0.000000	0.074228
0.000000	0.074228	0.000000	0.074336
0.000000	0.074336	0.000000	0.074301
0.000000	0.074301	0.000000	0.073886
0.000000	0.073886	0.000000	0.073520
0.000000	0.073520	0.000000	0.074098
0.000000	0.074098	0.000000	0.074036
0.000000	0.074036	0.000000	0.073736
0.000000	0.073736	0.000000	0.073117
0.000000	0.073117	0.000000	0.073466
0.000000	0.073466	0.000000	0.072858
0.000000	0.072858	0.000000	0.072637
0.000000	0.072637	0.000000	0.072376
0.000000	0.072376	0.000000	0.072405
0.000000	0.072405	0.000000	0.072067
0.000000	0.072067	0.000000	0.071975
0.000000	0.071975	0.000000	0.070800
0.000000	0.070800	0.000000	0.071526
0.000000	0.071526	0.000000	0.070764
0.000000	0.070764	0.000000	0.070445
0.000000	0.070445	0.000000	0.070484
0.000000	0.070484	0.000000	0.071145
0.000000	0.071145	0.000000	0.071348
0.000000	0.071348	0.000000	0.070648
0.000000	0.070648	0.000000	0.070933
0.000000	0.070933	0.000000	0.071705
0.000000	0.071705	0.000000	0.071210
0.000000	0.071210	0.000000	0.070589
0.000000	0.070589	0.000000	0.069619
0.000000	0.069619	0.000000	0.069564
0.000000	0.069564	0.000000	0.069722
0.000000	0.069722	0.000000	0.070031
0.000000	0.070031	0.000000	0.069523
0.000000	0.069523	0.000000	0.069706
0.000000	0.069706	0.000000	0.070281
0.000000	0.070281	0.000000	0.070814
0.000000	0.070814	0.000000	0.071151
0.000000	0.071151	0.000000	0.071780
0.000000	0.071780	0.000000	0.071676
0.000000	0.071676	0.000000	0.070751
0.000000	0.070751	0.000000	0.071397
0.000000	0.071397	0.000000	0.071262
0.000000	0.071262	0.000000	0.071012
0.000000	0.071012	0.000000	0.072018
0.000000	0.072018	0.000000	0.071396
0.000000	0.071396	0.000000	0.071734
0.000000	0.071734	0.000000	0.070390
0.000000	0.070390	0.000000	0.070518
0.000000	0.070518	0.000000	0.070659
0.000000	0.070659	0.000000	0.071677
0.000000	0.071677	0.000000	0.071194
0.000000	0.071194	0.000000	0.071698
0.000000	0.071698	0.000000	0.071647
0.000000	0.071647	0.000000	0.071921
0.000000	0.071921	0.000000	0.072831
0.000000	0.072831	0.000000	0.073003
0.000000	0.073003	0.000000	0.073094
0.000000	0.073094	0.000000	0.074142
0.000000	0.074142	0.000000	0.074150
0.000000	0.074150	0.000000	0.074052
0.000000	0.074052	0.000000	0.073982
0.000000	0.073982	0.000000	0.073660
0.000000	0.073660	0.000000	0.074107
0.000000	0.074107	0.000000	0.072965
0.000000	0.072965	0.000000	0.073971
0.000000	0.073971	0.000000	0.074314
0.000000	0.074314	0.000000	0.074662
0.000000	0.074662	0.000000	0.074624
0.000000	0.074624	0.000000	0.074866
0.000000	0.074866	0.000000	0.074851
0.000000	0.074851	0.000000	0.074303
0.000000	0.074303	0.000000	0.074672
0.000000	0.074672	0.000000	0.074862
0.000000	0.074862	0.000000	0.074366
0.000000	0.074366	0.000000	0.074188
0.000000	0.074188	0.000000	0.073696
0.000000	0.073696	0.000000	0.073480
0.000000	0.073480	0.000000	0.073771
0.000000	0.073771	0.000000	0.073599
0.000000	0.073599	0.000000	0.073530
0.000000	0.073530	0.000000	0.073766
0.000000	0.073766	0.000000	0.074027
0.000000	0.074027	0.000000	0.074730
0.000000	0.074730	0.000000	0.075099
0.000000	0.075099	0.000000	0.074431
0.000000	0.074431	0.000000	0.075154
0.000000	0.075154	0.000000	0.075057
0.000000	0.075057	0.000000	0.074888
0.350456	0.149548	0.042472	0.140699
0.042472	0.140699	0.009931	0.127201
0.009931	0.127201	0.004263	0.117226
0.004263	0.117226	0.002428	0.110021
0.002428	0.110021	0.001506	0.104025
0.001506	0.104025	0.001149	0.100349
0.001149	0.100349	0.001016	0.096561
0.001016	0.096561	0.000823	0.093884
0.000823	0.093884	0.000705	0.092772
0.000705	0.092772	0.000662	0.091195
0.000662	0.091195	0.000576	0.090784
0.000576	0.090784	0.000380	0.089526
0.000380	0.089526	0.000376	0.087568
0.000376	0.087568	0.000192	0.086218
0.000192	0.086218	0.000144	0.085413
0.000144	0.085413	0.000085	0.083341
0.000085	0.083341	0.000052	0.083297
0.000052	0.083297	0.000062	0.082034
0.000062	0.082034	0.000032	0.081487
0.000032	0.081487	0.000002	0.081596
0.000002	0.081596	0.000000	0.080113
0.000000	0.080113	0.000000	0.079374
0.000000	0.079374	0.000000	0.078912
0.000000	0.078912	0.000000	0.078179
0.000000	0.078179	0.000000	0.077094
0.000000	0.077094	0.000000	0.076978
0.000000	0.076978	0.000000	0.076860
0.000000	0.076860	0.000000	0.076648
0.000000	0.076648	0.000000	0.076990
0.000000	0.076990	0.000000	0.077221
0.000000	0.077221	0.000000	0.077418
0.000000	0.077418	0.000000	0.076784
0.000000	0.076784	0.000000	0.076584
0.000000	0.076584	0.000000	0.076868
0.000000	0.076868	0.000000	0.076302
0.000000	0.076302	0.000000	0.076482
0.000000	0.076482	0.000000	0.075248
0.000000	0.075248	0.000000	0.075895
0.000000	0.075895	0.000000	0.074998
0.000000	0.074998	0.000000	0.075636
0.000000	0.075636	0.000000	0.075462
0.000000	0.075462	0.000000	0.074754
0.000000	0.074754	0.000000	0.074685
0.000000	0.074685	0.000000	0.074906
0.000000	0.074906	0.000000	0.074567
0.000000	0.074567	0.000000	0.074033
0.000000	0.074033	0.000000	0.074202
0.000000	0.074202	0.000000	0.074330
0.000000	0.074330	0.000000	0.074334
0.000000	0.074334	0.000000	0.074492
0.000000	0.074492	0.000000	0.074016
0.000000	0.074016	0.000000	0.074345
0.000000	0.074345	0.000000	0.074378
0.000000	0.074378	0.000000	0.074297
0.000000	0.074297	0.000000	0.074430
0.000000	0.074430	0.000000	0.074011
0.000000	0.074011	0.000000	0.073624
0.000000	0.073624	0.000000	0.073677
0.000000	0.073677	0.000000	0.073721
0.000000	0.073721	0.000000	0.073846
0.000000	0.073846	0.000000	0.073892
0.000000	0.073892	0.000000	0.074059
0.000000	0.074059	0.000000	0.074935
0.000000	0.074935	0.000000	0.074977
0.000000	0.074977	0.000000	0.074245
0.000000	0.074245	0.000000	0.073451
0.000000	0.073451	0.000000	0.073429
0.000000	0.073429	0.000000	0.073160
0.000000	0.073160	0.000000	0.074386
0.000000	0.074386	0.000000	0.074644
0.000000	0.074644	0.000000	0.074076
0.000000	0.074076	0.000000	0.074011
0.000000	0.074011	0.000000	0.074424
0.000000	0.074424	0.000000	0.074321
0.000000	0.074321	0.000000	0.074241
0.000000	0.074241	0.000000	0.074148
0.000000	0.074148	0.000000	0.074763
0.000000	0.074763	0.000000	0.074435
0.000000	0.074435	0.000000	0.074411
0.000000	0.074411	0.000000	0.073887
0.000000	0.073887	0.000000	0.073940
0.000000	0.073940	0.000000	0.073573
0.000000	0.073573	0.000000	0.072991
0.000000	0.072991	0.000000	0.073384
0.000000	0.073384	0.000000	0.073157
0.000000	0.073157	0.000000	0.073228
0.000000	0.073228	0.000000	0.072395
0.000000	0.072395	0.000000	0.072400
0.000000	0.072400	0.000000	0.073062
0.000000	0.073062	0.000000	0.073831
0.000000	0.073831	0.000000	0.073998
0.000000	0.073998	0.000000	0.073574
0.000000	0.073574	0.000000	0.073743
0.000000	0.073743	0.000000	0.073221
0.000000	0.073221	0.000000	0.073338
0.000000	0.073338	0.000000	0.073204
0.000000	0.073204	0.000000	0.073175
0.000000	0.073175	0.000000	0.072215
0.000000	0.072215	0.000000	0.071579
0.000000	0.071579	0.000000	0.071544
0.000000	0.071544	0.000000	0.070129
0.000000	0.070129	0.000000	0.070723
0.000000	0.070723	0.000000	0.070698
0.000000	0.070698	0.000000	0.070469
0.000000	0.070469	0.000000	0.070621
0.000000	0.070621	0.000000	0.071093
0.000000	0.071093	0.000000	0.071408
0.000000	0.071408	0.000000	0.071113
0.000000	0.071113	0.000000	0.071136
0.000000	0.071136	0.000000	0.071165
0.000000	0.071165	0.000000	0.071780
0.000000	0.071780	0.000000	0.071837
0.000000	0.071837	0.000000	0.072190
0.000000	0.072190	0.000000	0.073133
0.000000	0.073133	0.000000	0.073195
0.000000	0.073195	0.000000	0.072753
0.000000	0.072753	0.000000	0.072159
0.000000	0.072159	0.000000	0.072938
0.000000	0.072938	0.000000	0.072720
0.000000	0.072720	0.000000	0.073049
0.000000	0.073049	0.000000	0.073233
0.000000	0.073233	0.000000	0.073465
0.000000	0.073465	0.000000	0.072935
0.000000	0.072935	0.000000	0.073056
0.000000	0.073056	0.000000	0.073262
0.000000	0.073262	0.000000	0.073557
0.000000	0.073557	0.000000	0.073090
0.000000	0.073090	0.000000	0.072868
0.000000	0.072868	0.000000	0.072323
0.000000	0.072323	0.000000	0.072298
0.000000	0.072298	0.000000	0.072282
0.000000	0.072282	0.000000	0.071481
0.000000	0.071481	0.000000	0.070516
0.000000	0.070516	0.000000	0.070832
0.000000	0.070832	0.000000	0.070516
0.000000	0.070516	0.000000	0.070909
0.000000	0.070909	0.000000	0.070761
0.000000	0.070761	0.000000	0.070430
0.000000	0.070430	0.000000	0.070825
0.000000	0.070825	0.000000	0.070577
0.000000	0.070577	0.000000	0.069964
0.000000	0.069964	0.000000	0.069313
0.000000	0.069313	0.000000	0.069520
0.000000	0.069520	0.000000	0.070108
0.000000	0.070108	0.000000	0.070384
0.000000	0.070384	0.000000	0.070269
0.000000	0.070269	0.000000	0.070195
0.000000	0.070195	0.000000	0.070050
0.000000	0.070050	0.000000	0.069000
0.000000	0.069000	0.000000	0.070254
0.000000	0.070254	0.000000	0.070367
0.000000	0.070367	0.000000	0.070642
0.000000	0.070642	0.000000	0.071654
0.000000	0.071654	0.000000	0.072031
0.000000	0.072031	0.000000	0.072398
0.000000	0.072398	0.000000	0.072194
0.000000	0.072194	0.000000	0.073062
0.000000	0.073062	0.000000	0.073422
0.000000	0.073422	0.000000	0.073321
0.000000	0.073321	0.000000	0.073779
0.000000	0.073779	0.000000	0.073799
0.000000	0.073799	0.000000	0.072954
0.000000	0.072954	0.000000	0.072189
0.000000	0.072189	0.000000	0.072853
0.000000	0.072853	0.000000	0.072331
0.000000	0.072331	0.000000	0.072745
0.000000	0.072745	0.000000	0.072378
0.000000	0.072378	0.000000	0.072207
0.000000	0.072207	0.000000	0.072528
0.000000	0.072528	0.000000	0.072675
0.000000	0.072675	0.000000	0.072784
0.000000	0.072784	0.000000	0.072842
0.000000	0.072842	0.000000	0.073567
0.000000	0.073567	0.000000	0.073549
0.000000	0.073549	0.000000	0.073436
0.000000	0.073436	0.000000	0.073216
0.000000	0.073216	0.000000	0.073190
0.000000	0.073190	0.000000	0.072608
0.000000	0.072608	0.000000	0.072290
0.000000	0.072290	0.000000	0.072743
0.000000	0.072743	0.000000	0.072152
0.000000	0.072152	0.000000	0.071263
0.000000	0.071263	0.000000	0.071315
0.000000	0.071315	0.000000	0.070915
0.000000	0.070915	0.000000	0.071177
0.000000	0.071177	0.000000	0.071330
0.000000	0.071330	0.000000	0.070786
0.000000	0.070786	0.000000	0.071330
0.000000	0.071330	0.000000	0.072084
0.000000	0.072084	0.000000	0.071999
0.000000	0.071999	0.000000	0.072158
0.000000	0.072158	0.000000	0.071943
0.000000	0.071943	0.000000	0.072380
0.000000	0.072380	0.000000	0.071756
0.000000	0.071756	0.000000	0.072069
0.000000	0.072069	0.000000	0.071177
0.000000	0.071177	0.000000	0.071148
0.000000	0.071148	0.000000	0.070306
0.000000	0.070306	0.000000	0.070440
0.350173	0.100639	0.025620	0.094025
0.025620	0.094025	0.003682	0.085953
0.003682	0.085953	0.001259	0.080708
0.001259	0.080708	0.000702	0.077527
0.000702	0.077527	0.000501	0.075751
0.000501	0.075751	0.000339	0.073830
0.000339	0.073830	0.000233	0.071890
0.000233	0.071890	0.000216	0.071659
0.000216	0.071659	0.000144	0.071269
0.000144	0.071269	0.000141	0.071071
0.000141	0.071071	0.000082	0.070365
0.000082	0.070365	0.000022	0.070679
0.000022	0.070679	0.000002	0.070071
0.000002	0.070071	0.000000	0.070970
0.000000	0.070970	0.000000	0.069941
0.000000	0.069941	0.000000	0.069183
0.000000	0.069183	0.000000	0.069353
0.000000	0.069353	0.000000	0.069287
0.000000	0.069287	0.000000	0.069701
0.000000	0.069701	0.000000	0.069276
0.000000	0.069276	0.000000	0.069939
0.000000	0.069939	0.000000	0.069615
0.000000	0.069615	0.000000	0.069368
0.000000	0.069368	0.000000	0.068730
0.000000	0.068730	0.000000	0.069113
0.000000	0.069113	0.000000	0.068997
0.000000	0.068997	0.000000	0.067711
0.000000	0.067711	0.000000	0.068154
0.000000	0.068154	0.000000	0.067414
0.000000	0.067414	0.000000	0.067810
0.000000	0.067810	0.000000	0.067354
0.000000	0.067354	0.000000	0.066895
0.000000	0.066895	0.000000	0.067115
0.000000	0.067115	0.000000	0.067030
0.000000	0.067030	0.000000	0.066576
0.000000	0.066576	0.000000	0.066959
0.000000	0.066959	0.000000	0.066727
0.000000	0.066727	0.000000	0.066091
0.000000	0.066091	0.000000	0.066524
0.000000	0.066524	0.000000	0.065335
0.000000	0.065335	0.000000	0.066035
0.000000	0.066035	0.000000	0.066370
0.000000	0.066370	0.000000	0.065724
0.000000	0.065724	0.000000	0.064985
0.000000	0.064985	0.000000	0.064651
0.000000	0.064651	0.000000	0.064519
0.000000	0.064519	0.000000	0.064630
0.000000	0.064630	0.000000	0.065200
0.000000	0.065200	0.000000	0.064441
0.000000	0.064441	0.000000	0.064218
0.000000	0.064218	0.000000	0.065302
0.000000	0.065302	0.000000	0.064374
0.000000	0.064374	0.000000	0.064406
0.000000	0.064406	0.000000	0.063686
0.000000	0.063686	0.000000	0.064120
0.000000	0.064120	0.000000	0.063278
0.000000	0.063278	0.000000	0.063510
0.000000	0.063510	0.000000	0.063349
0.000000	0.063349	0.000000	0.062911
0.000000	0.062911	0.000000	0.063130
0.000000	0.063130	0.000000	0.063218
0.000000	0.063218	0.000000	0.063005
0.000000	0.063005	0.000000	0.063052
0.000000	0.063052	0.000000	0.063195
0.000000	0.063195	0.000000	0.063288
0.000000	0.063288	0.000000	0.063286
0.000000	0.063286	0.000000	0.062779
0.000000	0.062779	0.000000	0.062635
0.000000	0.062635	0.000000	0.063306
0.000000	0.063306	0.000000	0.063470
0.000000	0.063470	0.000000	0.064237
0.000000	0.064237	0.000000	0.063453
0.000000	0.063453	0.000000	0.063276
0.000000	0.063276	0.000000	0.063251
0.000000	0.063251	0.000000	0.063008
0.000000	0.063008	0.000000	0.063365
0.000000	0.063365	0.000000	0.064070
0.000000	0.064070	0.000000	0.063372
0.000000	0.063372	0.000000	0.063176
0.000000	0.063176	0.000000	0.063107
0.000000	0.063107	0.000000	0.063151
0.000000	0.063151	0.000000	0.063300
0.000000	0.063300	0.000000	0.063704
0.000000	0.063704	0.000000	0.063755
0.000000	0.063755	0.000000	0.064055
0.000000	0.064055	0.000000	0.063261
0.000000	0.063261	0.000000	0.063619
0.000000	0.063619	0.000000	0.063579
0.000000	0.063579	0.000000	0.063066
0.000000	0.063066	0.000000	0.062465
0.000000	0.062465	0.000000	0.061565
0.000000	0.061565	0.000000	0.061937
0.000000	0.061937	0.000000	0.062551
0.000000	0.062551	0.000000	0.061905
0.000000	0.061905	0.000000	0.061542
0.000000	0.061542	0.000000	0.061517
0.000000	0.061517	0.000000	0.061361
0.000000	0.061361	0.000000	0.062221
0.000000	0.062221	0.000000	0.062645
0.000000	0.062645	0.000000	0.062201
0.000000	0.062201	0.000000	0.062002
0.000000	0.062002	0.000000	0.062115
0.000000	0.062115	0.000000	0.062179
0.000000	0.062179	0.000000	0.062458
0.000000	0.062458	0.000000	0.062677
0.000000	0.062677	0.000000	0.062355
0.000000	0.062355	0.000000	0.062995
0.000000	0.062995	0.000000	0.063221
0.000000	0.063221	0.000000	0.063406
0.000000	0.063406	0.000000	0.062444
0.000000	0.062444	0.000000	0.062301
0.000000	0.062301	0.000000	0.060956
0.000000	0.060956	0.000000	0.061038
0.000000	0.061038	0.000000	0.061019
0.000000	0.061019	0.000000	0.060812
0.000000	0.060812	0.000000	0.060703
0.000000	0.060703	0.000000	0.060973
0.000000	0.060973	0.000000	0.061187
0.000000	0.061187	0.000000	0.060845
0.000000	0.060845	0.000000	0.061601
0.000000	0.061601	0.000000	0.061382
0.000000	0.061382	0.000000	0.061219
0.000000	0.061219	0.000000	0.061074
0.000000	0.061074	0.000000	0.060409
0.000000	0.060409	0.000000	0.060216
0.000000	0.060216	0.000000	0.060014
0.000000	0.060014	0.000000	0.058763
0.000000	0.058763	0.000000	0.058939
0.000000	0.058939	0.000000	0.058339
0.000000	0.058339	0.000000	0.058257
0.000000	0.058257	0.000000	0.057887
0.000000	0.057887	0.000000	0.058467
0.000000	0.058467	0.000000	0.058460
0.000000	0.058460	0.000000	0.059000
0.000000	0.059000	0.000000	0.058441
0.000000	0.058441	0.000000	0.058362
0.000000	0.058362	0.000000	0.058353
0.000000	0.058353	0.000000	0.058825
0.000000	0.058825	0.000000	0.058288
0.000000	0.058288	0.000000	0.058177
0.000000	0.058177	0.000000	0.058360
0.000000	0.058360	0.000000	0.058385
0.000000	0.058385	0.000000	0.058377
0.000000	0.058377	0.000000	0.058283
0.000000	0.058283	0.000000	0.058711
0.000000	0.058711	0.000000	0.058858
0.000000	0.058858	0.000000	0.059243
0.000000	0.059243	0.000000	0.059289
0.000000	0.059289	0.000000	0.059561
0.000000	0.059561	0.000000	0.059822
0.000000	0.059822	0.000000	0.059998
0.000000	0.059998	0.000000	0.059139
0.000000	0.059139	0.000000	0.058991
0.000000	0.058991	0.000000	0.058987
0.000000	0.058987	0.000000	0.058685
0.000000	0.058685	0.000000	0.058596
0.000000	0.058596	0.000000	0.058305
0.000000	0.058305	0.000000	0.057633
0.000000	0.057633	0.000000	0.057400
0.000000	0.057400	0.000000	0.058277
0.000000	0.058277	0.000000	0.058545
0.000000	0.058545	0.000000	0.058701
0.000000	0.058701	0.000000	0.058745
0.000000	0.058745	0.000000	0.058956
0.000000	0.058956	0.000000	0.058726
0.000000	0.058726	0.000000	0.059033
0.000000	0.059033	0.000000	0.059189
0.000000	0.059189	0.000000	0.059293
0.000000	0.059293	0.000000	0.059320
0.000000	0.059320	0.000000	0.058806
0.000000	0.058806	0.000000	0.058466
0.000000	0.058466	0.000000	0.058663
0.000000	0.058663	0.000000	0.058386
0.000000	0.058386	0.000000	0.058536
0.000000	0.058536	0.000000	0.058606
0.000000	0.058606	0.000000	0.058045
0.000000	0.058045	0.000000	0.057892
0.000000	0.057892	0.000000	0.058164
0.000000	0.058164	0.000000	0.057773
0.000000	0.057773	0.000000	0.058196
0.000000	0.058196	0.000000	0.058138
0.000000	0.058138	0.000000	0.057757
0.000000	0.057757	0.000000	0.057248
0.000000	0.057248	0.000000	0.056969
0.000000	0.056969	0.000000	0.058188
0.000000	0.058188	0.000000	0.057985
0.000000	0.057985	0.000000	0.058771
0.000000	0.058771	0.000000	0.058824
0.000000	0.058824	0.000000	0.058793
0.000000	0.058793	0.000000	0.059245
0.000000	0.059245	0.000000	0.059204
0.000000	0.059204	0.000000	0.059876
0.000000	0.059876	0.000000	0.059615
0.000000	0.059615	0.000000	0.059952
0.000000	0.059952	0.000000	0.059593
0.000000	0.059593	0.000000	0.059726
0.000000	0.059726	0.000000	0.060489
0.000000	0.060489	0.000000	0.060964
0.000000	0.060964	0.000000	0.060780
0.350660	0.049992	0.013751	0.046162
0.013751	0.046162	0.000897	0.042118
0.000897	0.042118	0.000220	0.039740
0.000220	0.039740	0.000083	0.038762
0.000083	0.038762	0.000081	0.037574
0.000081	0.037574	0.000043	0.037713
0.000043	0.037713	0.000033	0.037191
0.000033	0.037191	0.000010	0.037213
0.000010	0.037213	0.000000	0.037027
0.000000	0.037027	0.000000	0.037218
0.000000	0.037218	0.000000	0.038395
0.000000	0.038395	0.000000	0.039157
0.000000	0.039157	0.000000	0.039148
0.000000	0.039148	0.000000	0.038877
0.000000	0.038877	0.000000	0.039109
0.000000	0.039109	0.000000	0.039006
0.000000	0.039006	0.000000	0.038926
0.000000	0.038926	0.000000	0.038918
0.000000	0.038918	0.000000	0.039888
0.000000	0.039888	0.000000	0.039259
0.000000	0.039259	0.000000	0.039321
0.000000	0.039321	0.000000	0.039265
0.000000	0.039265	0.000000	0.039375
0.000000	0.039375	0.000000	0.039337
0.000000	0.039337	0.000000	0.039803
0.000000	0.039803	0.000000	0.039707
0.000000	0.039707	0.000000	0.040274
0.000000	0.040274	0.000000	0.039788
0.000000	0.039788	0.000000	0.040481
0.000000	0.040481	0.000000	0.041423
0.000000	0.041423	0.000000	0.041805
0.000000	0.041805	0.000000	0.041077
0.000000	0.041077	0.000000	0.041197
0.000000	0.041197	0.000000	0.041114
0.000000	0.041114	0.000000	0.041721
0.000000	0.041721	0.000000	0.041379
0.000000	0.041379	0.000000	0.041645
0.000000	0.041645	0.000000	0.041557
0.000000	0.041557	0.000000	0.041660
0.000000	0.041660	0.000000	0.041480
0.000000	0.041480	0.000000	0.041534
0.000000	0.041534	0.000000	0.041969
0.000000	0.041969	0.000000	0.042069
0.000000	0.042069	0.000000	0.042125
0.000000	0.042125	0.000000	0.041890
0.000000	0.041890	0.000000	0.041720
0.000000	0.041720	0.000000	0.042214
0.000000	0.042214	0.000000	0.041979
0.000000	0.041979	0.000000	0.041665
0.000000	0.041665	0.000000	0.041713
0.000000	0.041713	0.000000	0.042372
0.000000	0.042372	0.000000	0.042385
0.000000	0.042385	0.000000	0.042174
0.000000	0.042174	0.000000	0.042155
0.000000	0.042155	0.000000	0.042074
0.000000	0.042074	0.000000	0.042564
0.000000	0.042564	0.000000	0.042157
0.000000	0.042157	0.000000	0.041764
0.000000	0.041764	0.000000	0.041704
0.000000	0.041704	0.000000	0.041014
0.000000	0.041014	0.000000	0.041021
0.000000	0.041021	0.000000	0.041463
0.000000	0.041463	0.000000	0.041374
0.000000	0.041374	0.000000	0.041633
0.000000	0.041633	0.000000	0.041795
0.000000	0.041795	0.000000	0.042349
0.000000	0.042349	0.000000	0.042608
0.000000	0.042608	0.000000	0.042322
0.000000	0.042322	0.000000	0.042155
0.000000	0.042155	0.000000	0.042312
0.000000	0.042312	0.000000	0.042021
0.000000	0.042021	0.000000	0.042331
0.000000	0.042331	0.000000	0.042759
0.000000	0.042759	0.000000	0.042761
0.000000	0.042761	0.000000	0.042630
0.000000	0.042630	0.000000	0.043042
0.000000	0.043042	0.000000	0.043386
0.000000	0.043386	0.000000	0.043579
0.000000	0.043579	0.000000	0.043022
0.000000	0.043022	0.000000	0.042291
0.000000	0.042291	0.000000	0.042899
0.000000	0.042899	0.000000	0.043164
0.000000	0.043164	0.000000	0.043133
0.000000	0.043133	0.000000	0.043650
0.000000	0.043650	0.000000	0.043892
0.000000	0.043892	0.000000	0.043514
0.000000	0.043514	0.000000	0.044022
0.000000	0.044022	0.000000	0.044204
0.000000	0.044204	0.000000	0.044111
0.000000	0.044111	0.000000	0.044123
0.000000	0.044123	0.000000	0.044532
0.000000	0.044532	0.000000	0.044406
0.000000	0.044406	0.000000	0.044147
0.000000	0.044147	0.000000	0.044415
0.000000	0.044415	0.000000	0.044596
0.000000	0.044596	0.000000	0.045367
0.000000	0.045367	0.000000	0.045946
0.000000	0.045946	0.000000	0.046304
0.000000	0.046304	0.000000	0.045648
0.000000	0.045648	0.000000	0.045587
0.000000	0.045587	0.000000	0.045756
0.000000	0.045756	0.000000	0.045337
0.000000	0.045337	0.000000	0.045703
0.000000	0.045703	0.000000	0.046044
0.000000	0.046044	0.000000	0.046199
0.000000	0.046199	0.000000	0.046142
0.000000	0.046142	0.000000	0.046418
0.000000	0.046418	0.000000	0.047396
0.000000	0.047396	0.000000	0.046838
0.000000	0.046838	0.000000	0.046274
0.000000	0.046274	0.000000	0.046353
0.000000	0.046353	0.000000	0.045778
0.000000	0.045778	0.000000	0.046176
0.000000	0.046176	0.000000	0.046160
0.000000	0.046160	0.000000	0.046021
0.000000	0.046021	0.000000	0.046006
0.000000	0.046006	0.000000	0.045848
0.000000	0.045848	0.000000	0.045309
0.000000	0.045309	0.000000	0.044910
0.000000	0.044910	0.000000	0.045065
0.000000	0.045065	0.000000	0.045192
0.000000	0.045192	0.000000	0.045904
0.000000	0.045904	0.000000	0.045947
0.000000	0.045947	0.000000	0.046073
0.000000	0.046073	0.000000	0.045651
0.000000	0.045651	0.000000	0.045693
0.000000	0.045693	0.000000	0.045421
0.000000	0.045421	0.000000	0.044967
0.000000	0.044967	0.000000	0.044811
0.000000	0.044811	0.000000	0.045252
0.000000	0.045252	0.000000	0.045535
0.000000	0.045535	0.000000	0.045336
0.000000	0.045336	0.000000	0.045414
0.000000	0.045414	0.000000	0.045327
0.000000	0.045327	0.000000	0.045877
0.000000	0.045877	0.000000	0.045643
0.000000	0.045643	0.000000	0.046221
0.000000	0.046221	0.000000	0.046188
0.000000	0.046188	0.000000	0.046443
0.000000	0.046443	0.000000	0.047085
0.000000	0.047085	0.000000	0.046753
0.000000	0.046753	0.000000	0.046784
0.000000	0.046784	0.000000	0.046732
0.000000	0.046732	0.000000	0.046659
0.000000	0.046659	0.000000	0.046320
0.000000	0.046320	0.000000	0.046645
0.000000	0.046645	0.000000	0.046760
0.000000	0.046760	0.000000	0.046490
0.000000	0.046490	0.000000	0.046766
0.000000	0.046766	0.000000	0.046580
0.000000	0.046580	0.000000	0.046068
0.000000	0.046068	0.000000	0.046477
0.000000	0.046477	0.000000	0.045690
0.000000	0.045690	0.000000	0.045466
0.000000	0.045466	0.000000	0.044801
0.000000	0.044801	0.000000	0.044884
0.000000	0.044884	0.000000	0.044660
0.000000	0.044660	0.000000	0.044987
0.000000	0.044987	0.000000	0.045120
0.000000	0.045120	0.000000	0.045599
0.000000	0.045599	0.000000	0.045858
0.000000	0.045858	0.000000	0.046107
0.000000	0.046107	0.000000	0.046348
0.000000	0.046348	0.000000	0.045898
0.000000	0.045898	0.000000	0.045354
0.000000	0.045354	0.000000	0.045033
0.000000	0.045033	0.000000	0.044759
0.000000	0.044759	0.000000	0.044663
0.000000	0.044663	0.000000	0.044832
0.000000	0.044832	0.000000	0.044411
0.000000	0.044411	0.000000	0.044758
0.000000	0.044758	0.000000	0.044379
0.000000	0.044379	0.000000	0.043761
0.000000	0.043761	0.000000	0.043831
0.000000	0.043831	0.000000	0.044060
0.000000	0.044060	0.000000	0.044019
0.000000	0.044019	0.000000	0.043868
0.000000	0.043868	0.000000	0.044476
0.000000	0.044476	0.000000	0.044235
0.000000	0.044235	0.000000	0.044407
0.000000	0.044407	0.000000	0.044654
0.000000	0.044654	0.000000	0.044588
0.000000	0.044588	0.000000	0.044220
0.000000	0.044220	0.000000	0.044047
0.000000	0.044047	0.000000	0.043795
0.000000	0.043795	0.000000	0.044091
0.000000	0.044091	0.000000	0.044266
0.000000	0.044266	0.000000	0.043713
0.000000	0.043713	0.000000	0.043692
0.000000	0.043692	0.000000	0.043836
0.000000	0.043836	0.000000	0.044205
0.000000	0.044205	0.000000	0.044404
0.000000	0.044404	0.000000	0.044638
0.000000	0.044638	0.000000	0.044439
0.000000	0.044439	0.000000	0.044389
0.000000	0.044389	0.000000	0.044939
0.000000	0.044939	0.000000	0.045472
0.000000	0.045472	0.000000	0.045579
0.000000	0.045579	0.000000	0.045941
