0.350419	0.449089	0.284038	0.445086
0.284038	0.445086	0.237321	0.433051
0.237321	0.433051	0.203464	0.409216
0.203464	0.409216	0.178754	0.382913
0.178754	0.382913	0.158864	0.353693
0.158864	0.353693	0.138911	0.322556
0.138911	0.322556	0.118807	0.293399
0.118807	0.293399	0.100689	0.267615
0.100689	0.267615	0.083430	0.242521
0.083430	0.242521	0.067555	0.219544
0.067555	0.219544	0.054619	0.199904
0.054619	0.199904	0.042670	0.186050
0.042670	0.186050	0.034107	0.173114
0.034107	0.173114	0.026869	0.163239
0.026869	0.163239	0.021099	0.155082
0.021099	0.155082	0.016959	0.150749
0.016959	0.150749	0.013811	0.146205
0.013811	0.146205	0.011191	0.140678
0.011191	0.140678	0.008903	0.137209
0.008903	0.137209	0.007168	0.136043
0.007168	0.136043	0.006313	0.134827
0.006313	0.134827	0.005405	0.133476
0.005405	0.133476	0.004334	0.131662
0.004334	0.131662	0.003594	0.130790
0.003594	0.130790	0.003079	0.129517
0.003079	0.129517	0.002456	0.129261
0.002456	0.129261	0.002088	0.127726
0.002088	0.127726	0.001826	0.127132
0.001826	0.127132	0.001592	0.127241
0.001592	0.127241	0.001337	0.126514
0.001337	0.126514	0.001219	0.126872
0.001219	0.126872	0.001194	0.126900
0.001194	0.126900	0.001016	0.126942
0.001016	0.126942	0.000839	0.127441
0.000839	0.127441	0.000707	0.127415
0.000707	0.127415	0.000566	0.128003
0.000566	0.128003	0.000465	0.127964
0.000465	0.127964	0.000356	0.128521
0.000356	0.128521	0.000313	0.128601
0.000313	0.128601	0.000266	0.129154
0.000266	0.129154	0.000226	0.129511
0.000226	0.129511	0.000171	0.130562
0.000171	0.130562	0.000170	0.129649
0.000170	0.129649	0.000160	0.129611
0.000160	0.129611	0.000151	0.129359
0.000151	0.129359	0.000134	0.128779
0.000134	0.128779	0.000063	0.128147
0.000063	0.128147	0.000032	0.129414
0.000032	0.129414	0.000010	0.129182
0.000010	0.129182	0.000020	0.129503
0.000020	0.129503	0.000029	0.129775
0.000029	0.129775	0.000021	0.128904
0.000021	0.128904	0.000011	0.128519
0.000011	0.128519	0.000001	0.128856
0.000001	0.128856	0.000000	0.129172
0.000000	0.129172	0.000000	0.129966
0.000000	0.129966	0.000000	0.131425
0.000000	0.131425	0.000000	0.130386
0.000000	0.130386	0.000000	0.130067
0.000000	0.130067	0.000000	0.130217
0.000000	0.130217	0.000000	0.131343
0.000000	0.131343	0.000000	0.131741
0.000000	0.131741	0.000000	0.131599
0.000000	0.131599	0.000000	0.132932
0.000000	0.132932	0.000000	0.133749
0.000000	0.133749	0.000000	0.134112
0.000000	0.134112	0.000000	0.133926
0.000000	0.133926	0.000000	0.134356
0.000000	0.134356	0.000000	0.134743
0.000000	0.134743	0.000000	0.134736
0.000000	0.134736	0.000000	0.135219
0.000000	0.135219	0.000000	0.135629
0.000000	0.135629	0.000000	0.134914
0.000000	0.134914	0.000000	0.134181
0.000000	0.134181	0.000000	0.134553
0.000000	0.134553	0.000000	0.134393
0.000000	0.134393	0.000000	0.134653
0.000000	0.134653	0.000000	0.135443
0.000000	0.135443	0.000000	0.136500
0.000000	0.136500	0.000000	0.136271
0.000000	0.136271	0.000000	0.135649
0.000000	0.135649	0.000000	0.135463
0.000000	0.135463	0.000000	0.135318
0.000000	0.135318	0.000000	0.135438
0.000000	0.135438	0.000000	0.134818
0.000000	0.134818	0.000000	0.134129
0.000000	0.134129	0.000000	0.134984
0.000000	0.134984	0.000000	0.135509
0.000000	0.135509	0.000000	0.136018
0.000000	0.136018	0.000000	0.137024
0.000000	0.137024	0.000000	0.137067
0.000000	0.137067	0.000000	0.137276
0.000000	0.137276	0.000000	0.137072
0.000000	0.137072	0.000000	0.137415
0.000000	0.137415	0.000000	0.136478
0.000000	0.136478	0.000000	0.135847
0.000000	0.135847	0.000000	0.136429
0.000000	0.136429	0.000000	0.135523
0.000000	0.135523	0.000000	0.134906
0.000000	0.134906	0.000000	0.135345
0.000000	0.135345	0.000000	0.135402
0.000000	0.135402	0.000000	0.136076
0.000000	0.136076	0.000000	0.136342
0.000000	0.136342	0.000000	0.136339
0.000000	0.136339	0.000000	0.137710
0.000000	0.137710	0.000000	0.137779
0.000000	0.137779	0.000000	0.138541
0.000000	0.138541	0.000000	0.139973
0.000000	0.139973	0.000000	0.139598
0.000000	0.139598	0.000000	0.139292
0.000000	0.139292	0.000000	0.138687
0.000000	0.138687	0.000000	0.138817
0.000000	0.138817	0.000000	0.139017
0.000000	0.139017	0.000000	0.138554
0.000000	0.138554	0.000000	0.138869
0.000000	0.138869	0.000000	0.140100
0.000000	0.140100	0.000000	0.140751
0.000000	0.140751	0.000000	0.140391
0.000000	0.140391	0.000000	0.140128
0.000000	0.140128	0.000000	0.139978
0.000000	0.139978	0.000000	0.139851
0.000000	0.139851	0.000000	0.139801
0.000000	0.139801	0.000000	0.138925
0.000000	0.138925	0.000000	0.138987
0.000000	0.138987	0.000000	0.138078
0.000000	0.138078	0.000000	0.137735
0.000000	0.137735	0.000000	0.137647
0.000000	0.137647	0.000000	0.137320
0.000000	0.137320	0.000000	0.137195
0.000000	0.137195	0.000000	0.137395
0.000000	0.137395	0.000000	0.136269
0.000000	0.136269	0.000000	0.135354
0.000000	0.135354	0.000000	0.135479
0.000000	0.135479	0.000000	0.135570
0.000000	0.135570	0.000000	0.135328
0.000000	0.135328	0.000000	0.136128
0.000000	0.136128	0.000000	0.135975
0.000000	0.135975	0.000000	0.136153
0.000000	0.136153	0.000000	0.137008
0.000000	0.137008	0.000000	0.137968
0.000000	0.137968	0.000000	0.137281
0.000000	0.137281	0.000000	0.136775
0.000000	0.136775	0.000000	0.136592
0.000000	0.136592	0.000000	0.136737
0.000000	0.136737	0.000000	0.136091
0.000000	0.136091	0.000000	0.134514
0.000000	0.134514	0.000000	0.134145
0.000000	0.134145	0.000000	0.134888
0.000000	0.134888	0.000000	0.134847
0.000000	0.134847	0.000000	0.135437
0.000000	0.135437	0.000000	0.137027
0.000000	0.137027	0.000000	0.137038
0.000000	0.137038	0.000000	0.136729
0.000000	0.136729	0.000000	0.136886
0.000000	0.136886	0.000000	0.135723
0.000000	0.135723	0.000000	0.136805
0.000000	0.136805	0.000000	0.137136
0.000000	0.137136	0.000000	0.137584
0.000000	0.137584	0.000000	0.138309
0.000000	0.138309	0.000000	0.138588
0.000000	0.138588	0.000000	0.137234
0.000000	0.137234	0.000000	0.137626
0.000000	0.137626	0.000000	0.137206
0.000000	0.137206	0.000000	0.135700
0.000000	0.135700	0.000000	0.133903
0.000000	0.133903	0.000000	0.133424
0.000000	0.133424	0.000000	0.132455
0.000000	0.132455	0.000000	0.132490
0.000000	0.132490	0.000000	0.131242
0.000000	0.131242	0.000000	0.131057
0.000000	0.131057	0.000000	0.130776
0.000000	0.130776	0.000000	0.130104
0.000000	0.130104	0.000000	0.129333
0.000000	0.129333	0.000000	0.129047
0.000000	0.129047	0.000000	0.129499
0.000000	0.129499	0.000000	0.129575
0.000000	0.129575	0.000000	0.129168
0.000000	0.129168	0.000000	0.129699
0.000000	0.129699	0.000000	0.129705
0.000000	0.129705	0.000000	0.130069
0.000000	0.130069	0.000000	0.131530
0.000000	0.131530	0.000000	0.131126
0.000000	0.131126	0.000000	0.130788
0.000000	0.130788	0.000000	0.130162
0.000000	0.130162	0.000000	0.129866
0.000000	0.129866	0.000000	0.129340
0.000000	0.129340	0.000000	0.129108
0.000000	0.129108	0.000000	0.128572
0.000000	0.128572	0.000000	0.128834
0.000000	0.128834	0.000000	0.129861
0.000000	0.129861	0.000000	0.130195
0.000000	0.130195	0.000000	0.130893
0.000000	0.130893	0.000000	0.131712
0.000000	0.131712	0.000000	0.131375
0.000000	0.131375	0.000000	0.131059
0.000000	0.131059	0.000000	0.130975
0.000000	0.130975	0.000000	0.130966
0.000000	0.130966	0.000000	0.132491
0.000000	0.132491	0.000000	0.132184
0.350853	0.399523	0.240380	0.395709
0.240380	0.395709	0.181047	0.381191
0.181047	0.381191	0.148492	0.362021
0.148492	0.362021	0.127121	0.339462
0.127121	0.339462	0.112680	0.318147
0.112680	0.318147	0.100350	0.296962
0.100350	0.296962	0.088679	0.276843
0.088679	0.276843	0.077327	0.258469
0.077327	0.258469	0.066083	0.242446
0.066083	0.242446	0.057299	0.227301
0.057299	0.227301	0.048224	0.213729
0.048224	0.213729	0.040841	0.203374
0.040841	0.203374	0.034284	0.194085
0.034284	0.194085	0.029029	0.187516
0.029029	0.187516	0.024201	0.180691
0.024201	0.180691	0.020259	0.176102
0.020259	0.176102	0.016934	0.171161
0.016934	0.171161	0.013923	0.167828
0.013923	0.167828	0.012293	0.165377
0.012293	0.165377	0.010646	0.164393
0.010646	0.164393	0.009572	0.162785
0.009572	0.162785	0.008060	0.161333
0.008060	0.161333	0.007230	0.160959
0.007230	0.160959	0.006302	0.158737
0.006302	0.158737	0.005709	0.158301
0.005709	0.158301	0.004981	0.156747
0.004981	0.156747	0.004472	0.157175
0.004472	0.157175	0.004059	0.156154
0.004059	0.156154	0.003738	0.154931
0.003738	0.154931	0.003119	0.154193
0.003119	0.154193	0.002786	0.154214
0.002786	0.154214	0.002353	0.154884
0.002353	0.154884	0.001890	0.154749
0.001890	0.154749	0.001659	0.155113
0.001659	0.155113	0.001456	0.155965
0.001456	0.155965	0.001228	0.156190
0.001228	0.156190	0.001037	0.155770
0.001037	0.155770	0.000874	0.157331
0.000874	0.157331	0.000828	0.157353
0.000828	0.157353	0.000780	0.158928
0.000780	0.158928	0.000804	0.158443
0.000804	0.158443	0.000695	0.158769
0.000695	0.158769	0.000607	0.158812
0.000607	0.158812	0.000562	0.159695
0.000562	0.159695	0.000473	0.159364
0.000473	0.159364	0.000390	0.160499
0.000390	0.160499	0.000383	0.161075
0.000383	0.161075	0.000262	0.161269
0.000262	0.161269	0.000217	0.161547
0.000217	0.161547	0.000193	0.162750
0.000193	0.162750	0.000147	0.163561
0.000147	0.163561	0.000072	0.164452
0.000072	0.164452	0.000047	0.164514
0.000047	0.164514	0.000040	0.165373
0.000040	0.165373	0.000060	0.165622
0.000060	0.165622	0.000065	0.165669
0.000065	0.165669	0.000094	0.165833
0.000094	0.165833	0.000087	0.166449
0.000087	0.166449	0.000092	0.165203
0.000092	0.165203	0.000121	0.164739
0.000121	0.164739	0.000107	0.165644
0.000107	0.165644	0.000116	0.165267
0.000116	0.165267	0.000116	0.164221
0.000116	0.164221	0.000091	0.164690
0.000091	0.164690	0.000092	0.165357
0.000092	0.165357	0.000100	0.166014
0.000100	0.166014	0.000068	0.166307
0.000068	0.166307	0.000046	0.167272
0.000046	0.167272	0.000034	0.168039
0.000034	0.168039	0.000018	0.169311
0.000018	0.169311	0.000002	0.169413
0.000002	0.169413	0.000000	0.169739
0.000000	0.169739	0.000000	0.169956
0.000000	0.169956	0.000000	0.171555
0.000000	0.171555	0.000000	0.172092
0.000000	0.172092	0.000000	0.172585
0.000000	0.172585	0.000000	0.172869
0.000000	0.172869	0.000000	0.171458
0.000000	0.171458	0.000000	0.171066
0.000000	0.171066	0.000000	0.170135
0.000000	0.170135	0.000000	0.170188
0.000000	0.170188	0.000000	0.170096
0.000000	0.170096	0.000000	0.170377
0.000000	0.170377	0.000000	0.169625
0.000000	0.169625	0.000000	0.170007
0.000000	0.170007	0.000000	0.168030
0.000000	0.168030	0.000000	0.168515
0.000000	0.168515	0.000000	0.167160
0.000000	0.167160	0.000000	0.167164
0.000000	0.167164	0.000000	0.167118
0.000000	0.167118	0.000000	0.167079
0.000000	0.167079	0.000000	0.168466
0.000000	0.168466	0.000000	0.169023
0.000000	0.169023	0.000000	0.167928
0.000000	0.167928	0.000000	0.168246
0.000000	0.168246	0.000000	0.167970
0.000000	0.167970	0.000000	0.167928
0.000000	0.167928	0.000000	0.167944
0.000000	0.167944	0.000000	0.168343
0.000000	0.168343	0.000000	0.168370
0.000000	0.168370	0.000000	0.168362
0.000000	0.168362	0.000000	0.168261
0.000000	0.168261	0.000000	0.168765
0.000000	0.168765	0.000000	0.169677
0.000000	0.169677	0.000000	0.170542
0.000000	0.170542	0.000000	0.170818
0.000000	0.170818	0.000000	0.172213
0.000000	0.172213	0.000000	0.173326
0.000000	0.173326	0.000000	0.172234
0.000000	0.172234	0.000000	0.172787
0.000000	0.172787	0.000000	0.173162
0.000000	0.173162	0.000000	0.173336
0.000000	0.173336	0.000000	0.172933
0.000000	0.172933	0.000000	0.174831
0.000000	0.174831	0.000000	0.174969
0.000000	0.174969	0.000000	0.175826
0.000000	0.175826	0.000000	0.176503
0.000000	0.176503	0.000000	0.176649
0.000000	0.176649	0.000000	0.177634
0.000000	0.177634	0.000000	0.177120
0.000000	0.177120	0.000000	0.177820
0.000000	0.177820	0.000000	0.176872
0.000000	0.176872	0.000000	0.176103
0.000000	0.176103	0.000000	0.175825
0.000000	0.175825	0.000000	0.175094
0.000000	0.175094	0.000000	0.175112
0.000000	0.175112	0.000000	0.174996
0.000000	0.174996	0.000000	0.174747
0.000000	0.174747	0.000000	0.174213
0.000000	0.174213	0.000000	0.174771
0.000000	0.174771	0.000000	0.175088
0.000000	0.175088	0.000000	0.174281
0.000000	0.174281	0.000000	0.173982
0.000000	0.173982	0.000000	0.173839
0.000000	0.173839	0.000000	0.175181
0.000000	0.175181	0.000000	0.176011
0.000000	0.176011	0.000000	0.176306
0.000000	0.176306	0.000000	0.176059
0.000000	0.176059	0.000000	0.176375
0.000000	0.176375	0.000000	0.175812
0.000000	0.175812	0.000000	0.176686
0.000000	0.176686	0.000000	0.175459
0.000000	0.175459	0.000000	0.175213
0.000000	0.175213	0.000000	0.175038
0.000000	0.175038	0.000000	0.175932
0.000000	0.175932	0.000000	0.175388
0.000000	0.175388	0.000000	0.174818
0.000000	0.174818	0.000000	0.174862
0.000000	0.174862	0.000000	0.175058
0.000000	0.175058	0.000000	0.175487
0.000000	0.175487	0.000000	0.174825
0.000000	0.174825	0.000000	0.174826
0.000000	0.174826	0.000000	0.174624
0.000000	0.174624	0.000000	0.174515
0.000000	0.174515	0.000000	0.174189
0.000000	0.174189	0.000000	0.173694
0.000000	0.173694	0.000000	0.174213
0.000000	0.174213	0.000000	0.173432
0.000000	0.173432	0.000000	0.173115
0.000000	0.173115	0.000000	0.174915
0.000000	0.174915	0.000000	0.174262
0.000000	0.174262	0.000000	0.175274
0.000000	0.175274	0.000000	0.174833
0.000000	0.174833	0.000000	0.175063
0.000000	0.175063	0.000000	0.175489
0.000000	0.175489	0.000000	0.174498
0.000000	0.174498	0.000000	0.174513
0.000000	0.174513	0.000000	0.175210
0.000000	0.175210	0.000000	0.176269
0.000000	0.176269	0.000000	0.174797
0.000000	0.174797	0.000000	0.174527
0.000000	0.174527	0.000000	0.174659
0.000000	0.174659	0.000000	0.174818
0.000000	0.174818	0.000000	0.174698
0.000000	0.174698	0.000000	0.174782
0.000000	0.174782	0.000000	0.173468
0.000000	0.173468	0.000000	0.173645
0.000000	0.173645	0.000000	0.173709
0.000000	0.173709	0.000000	0.173053
0.000000	0.173053	0.000000	0.171767
0.000000	0.171767	0.000000	0.171754
0.000000	0.171754	0.000000	0.171562
0.000000	0.171562	0.000000	0.170862
0.000000	0.170862	0.000000	0.170437
0.000000	0.170437	0.000000	0.171225
0.000000	0.171225	0.000000	0.170592
0.000000	0.170592	0.000000	0.170302
0.000000	0.170302	0.000000	0.170140
0.000000	0.170140	0.000000	0.170349
0.000000	0.170349	0.000000	0.170568
0.000000	0.170568	0.000000	0.170988
0.000000	0.170988	0.000000	0.171510
0.000000	0.171510	0.000000	0.171299
0.000000	0.171299	0.000000	0.170456
0.000000	0.170456	0.000000	0.172265
0.000000	0.172265	0.000000	0.172528
0.000000	0.172528	0.000000	0.172952
0.000000	0.172952	0.000000	0.172872
0.000000	0.172872	0.000000	0.171788
0.351298	0.349972	0.198324	0.346525
0.198324	0.346525	0.134274	0.333610
0.134274	0.333610	0.106176	0.318113
0.106176	0.318113	0.090518	0.300840
0.090518	0.300840	0.079738	0.285081
0.079738	0.285081	0.071757	0.270870
0.071757	0.270870	0.064404	0.255748
0.064404	0.255748	0.059013	0.243811
0.059013	0.243811	0.052414	0.231485
0.052414	0.231485	0.046632	0.221449
0.046632	0.221449	0.041078	0.211407
0.041078	0.211407	0.036440	0.205356
0.036440	0.205356	0.032375	0.197652
0.032375	0.197652	0.028994	0.191778
0.028994	0.191778	0.025499	0.186825
0.025499	0.186825	0.022206	0.181741
0.022206	0.181741	0.019663	0.177793
0.019663	0.177793	0.017007	0.175854
0.017007	0.175854	0.014827	0.172653
0.014827	0.172653	0.013016	0.170898
0.013016	0.170898	0.011430	0.168408
0.011430	0.168408	0.010236	0.167751
0.010236	0.167751	0.009399	0.167664
0.009399	0.167664	0.008350	0.166865
0.008350	0.166865	0.007431	0.166263
0.007431	0.166263	0.006979	0.164656
0.006979	0.164656	0.006451	0.164137
0.006451	0.164137	0.005974	0.165454
0.005974	0.165454	0.005739	0.166240
0.005739	0.166240	0.005344	0.167404
0.005344	0.167404	0.004855	0.168429
0.004855	0.168429	0.004340	0.168884
0.004340	0.168884	0.003942	0.169778
0.003942	0.169778	0.003499	0.170344
0.003499	0.170344	0.003101	0.171398
0.003101	0.171398	0.002786	0.171880
0.002786	0.171880	0.002424	0.171421
0.002424	0.171421	0.002078	0.172032
0.002078	0.172032	0.001739	0.173018
0.001739	0.173018	0.001548	0.173085
0.001548	0.173085	0.001215	0.173394
0.001215	0.173394	0.001142	0.173579
0.001142	0.173579	0.001056	0.174832
0.001056	0.174832	0.000948	0.175339
0.000948	0.175339	0.000788	0.175645
0.000788	0.175645	0.000893	0.176187
0.000893	0.176187	0.000922	0.176300
0.000922	0.176300	0.000888	0.176417
0.000888	0.176417	0.000894	0.176693
0.000894	0.176693	0.000845	0.177077
0.000845	0.177077	0.000837	0.176662
0.000837	0.176662	0.000858	0.176927
0.000858	0.176927	0.000793	0.177161
0.000793	0.177161	0.000781	0.177077
0.000781	0.177077	0.000835	0.177691
0.000835	0.177691	0.000782	0.177985
0.000782	0.177985	0.000812	0.178064
0.000812	0.178064	0.000807	0.178685
0.000807	0.178685	0.000845	0.178379
0.000845	0.178379	0.000853	0.179176
0.000853	0.179176	0.000785	0.179414
0.000785	0.179414	0.000665	0.180000
0.000665	0.180000	0.000549	0.178972
0.000549	0.178972	0.000368	0.178437
0.000368	0.178437	0.000292	0.178628
0.000292	0.178628	0.000162	0.179155
0.000162	0.179155	0.000082	0.180196
0.000082	0.180196	0.000047	0.179352
0.000047	0.179352	0.000015	0.180906
0.000015	0.180906	0.000008	0.182915
0.000008	0.182915	0.000010	0.184307
0.000010	0.184307	0.000006	0.184397
0.000006	0.184397	0.000002	0.185629
0.000002	0.185629	0.000000	0.186002
0.000000	0.186002	0.000000	0.186906
0.000000	0.186906	0.000000	0.187668
0.000000	0.187668	0.000000	0.187091
0.000000	0.187091	0.000000	0.186572
0.000000	0.186572	0.000000	0.187085
0.000000	0.187085	0.000000	0.188169
0.000000	0.188169	0.000000	0.188074
0.000000	0.188074	0.000000	0.188278
0.000000	0.188278	0.000000	0.190553
0.000000	0.190553	0.000000	0.190019
0.000000	0.190019	0.000000	0.189885
0.000000	0.189885	0.000000	0.189254
0.000000	0.189254	0.000000	0.190728
0.000000	0.190728	0.000000	0.189840
0.000000	0.189840	0.000000	0.190094
0.000000	0.190094	0.000000	0.189580
0.000000	0.189580	0.000000	0.188878
0.000000	0.188878	0.000000	0.188265
0.000000	0.188265	0.000000	0.187453
0.000000	0.187453	0.000000	0.186716
0.000000	0.186716	0.000000	0.186161
0.000000	0.186161	0.000000	0.186410
0.000000	0.186410	0.000000	0.186069
0.000000	0.186069	0.000000	0.186726
0.000000	0.186726	0.000000	0.187009
0.000000	0.187009	0.000000	0.186889
0.000000	0.186889	0.000000	0.187496
0.000000	0.187496	0.000000	0.187796
0.000000	0.187796	0.000000	0.188247
0.000000	0.188247	0.000000	0.188380
0.000000	0.188380	0.000000	0.189027
0.000000	0.189027	0.000000	0.189255
0.000000	0.189255	0.000000	0.188462
0.000000	0.188462	0.000000	0.188594
0.000000	0.188594	0.000000	0.189659
0.000000	0.189659	0.000000	0.189773
0.000000	0.189773	0.000000	0.190763
0.000000	0.190763	0.000000	0.190713
0.000000	0.190713	0.000000	0.189427
0.000000	0.189427	0.000000	0.188680
0.000000	0.188680	0.000000	0.188548
0.000000	0.188548	0.000000	0.187576
0.000000	0.187576	0.000000	0.188159
0.000000	0.188159	0.000000	0.187283
0.000000	0.187283	0.000000	0.186213
0.000000	0.186213	0.000000	0.186842
0.000000	0.186842	0.000000	0.187431
0.000000	0.187431	0.000000	0.187170
0.000000	0.187170	0.000000	0.186962
0.000000	0.186962	0.000000	0.188030
0.000000	0.188030	0.000000	0.188859
0.000000	0.188859	0.000000	0.188756
0.000000	0.188756	0.000000	0.189461
0.000000	0.189461	0.000000	0.189811
0.000000	0.189811	0.000000	0.190530
0.000000	0.190530	0.000000	0.191746
0.000000	0.191746	0.000000	0.192494
0.000000	0.192494	0.000000	0.192115
0.000000	0.192115	0.000000	0.191759
0.000000	0.191759	0.000000	0.192520
0.000000	0.192520	0.000000	0.191980
0.000000	0.191980	0.000000	0.191227
0.000000	0.191227	0.000000	0.191923
0.000000	0.191923	0.000000	0.192003
0.000000	0.192003	0.000000	0.191183
0.000000	0.191183	0.000000	0.192176
0.000000	0.192176	0.000000	0.193356
0.000000	0.193356	0.000000	0.193140
0.000000	0.193140	0.000000	0.192637
0.000000	0.192637	0.000000	0.192492
0.000000	0.192492	0.000000	0.191819
0.000000	0.191819	0.000000	0.192311
0.000000	0.192311	0.000000	0.192057
0.000000	0.192057	0.000000	0.192725
0.000000	0.192725	0.000000	0.192984
0.000000	0.192984	0.000000	0.192475
0.000000	0.192475	0.000000	0.192985
0.000000	0.192985	0.000000	0.192211
0.000000	0.192211	0.000000	0.192750
0.000000	0.192750	0.000000	0.191786
0.000000	0.191786	0.000000	0.192159
0.000000	0.192159	0.000000	0.192287
0.000000	0.192287	0.000000	0.191850
0.000000	0.191850	0.000000	0.192323
0.000000	0.192323	0.000000	0.191897
0.000000	0.191897	0.000000	0.191683
0.000000	0.191683	0.000000	0.192869
0.000000	0.192869	0.000000	0.190726
0.000000	0.190726	0.000000	0.189869
0.000000	0.189869	0.000000	0.190050
0.000000	0.190050	0.000000	0.189648
0.000000	0.189648	0.000000	0.189332
0.000000	0.189332	0.000000	0.189791
0.000000	0.189791	0.000000	0.189591
0.000000	0.189591	0.000000	0.190447
0.000000	0.190447	0.000000	0.190864
0.000000	0.190864	0.000000	0.191141
0.000000	0.191141	0.000000	0.190029
0.000000	0.190029	0.000000	0.190022
0.000000	0.190022	0.000000	0.190895
0.000000	0.190895	0.000000	0.191861
0.000000	0.191861	0.000000	0.192765
0.000000	0.192765	0.000000	0.191887
0.000000	0.191887	0.000000	0.193062
0.000000	0.193062	0.000000	0.193242
0.000000	0.193242	0.000000	0.192882
0.000000	0.192882	0.000000	0.192952
0.000000	0.192952	0.000000	0.192954
0.000000	0.192954	0.000000	0.192583
0.000000	0.192583	0.000000	0.193160
0.000000	0.193160	0.000000	0.192567
0.000000	0.192567	0.000000	0.192086
0.000000	0.192086	0.000000	0.190826
0.000000	0.190826	0.000000	0.191948
0.000000	0.191948	0.000000	0.190580
0.000000	0.190580	0.000000	0.191129
0.000000	0.191129	0.000000	0.191539
0.000000	0.191539	0.000000	0.191648
0.000000	0.191648	0.000000	0.190910
0.000000	0.190910	0.000000	0.189744
0.000000	0.189744	0.000000	0.188859
0.000000	0.188859	0.000000	0.189048
0.000000	0.189048	0.000000	0.190034
0.000000	0.190034	0.000000	0.190114
0.000000	0.190114	0.000000	0.190217
0.349501	0.300522	0.155341	0.293829
0.155341	0.293829	0.089208	0.282073
0.089208	0.282073	0.064802	0.270274
0.064802	0.270274	0.052962	0.260438
0.052962	0.260438	0.046225	0.249775
0.046225	0.249775	0.041787	0.242479
0.041787	0.242479	0.039072	0.235576
0.039072	0.235576	0.036609	0.227794
0.036609	0.227794	0.034614	0.222610
0.034614	0.222610	0.032641	0.216342
0.032641	0.216342	0.030162	0.210013
0.030162	0.210013	0.028080	0.206575
0.028080	0.206575	0.025969	0.203044
0.025969	0.203044	0.024491	0.200380
0.024491	0.200380	0.023099	0.196922
0.023099	0.196922	0.021856	0.195724
0.021856	0.195724	0.020734	0.193913
0.020734	0.193913	0.019698	0.192156
0.019698	0.192156	0.019204	0.191533
0.019204	0.191533	0.017822	0.190264
0.017822	0.190264	0.016630	0.188974
0.016630	0.188974	0.015226	0.188037
0.015226	0.188037	0.013998	0.187359
0.013998	0.187359	0.012598	0.186263
0.012598	0.186263	0.011344	0.186478
0.011344	0.186478	0.010937	0.186298
0.010937	0.186298	0.010433	0.188392
0.010433	0.188392	0.009483	0.188138
0.009483	0.188138	0.008753	0.189479
0.008753	0.189479	0.008312	0.187991
0.008312	0.187991	0.007696	0.187112
0.007696	0.187112	0.007225	0.187583
0.007225	0.187583	0.006647	0.188136
0.006647	0.188136	0.006135	0.189460
0.006135	0.189460	0.005779	0.189394
0.005779	0.189394	0.005219	0.189657
0.005219	0.189657	0.004779	0.190148
0.004779	0.190148	0.004309	0.190858
0.004309	0.190858	0.004012	0.191357
0.004012	0.191357	0.003827	0.190501
0.003827	0.190501	0.003862	0.191618
0.003862	0.191618	0.003581	0.192388
0.003581	0.192388	0.003172	0.193450
0.003172	0.193450	0.002851	0.196078
0.002851	0.196078	0.002389	0.197131
0.002389	0.197131	0.002118	0.197843
0.002118	0.197843	0.001980	0.198463
0.001980	0.198463	0.001829	0.198957
0.001829	0.198957	0.001585	0.200281
0.001585	0.200281	0.001405	0.201137
0.001405	0.201137	0.001313	0.202414
0.001313	0.202414	0.001263	0.202636
0.001263	0.202636	0.001141	0.202923
0.001141	0.202923	0.001027	0.202793
0.001027	0.202793	0.001039	0.204046
0.001039	0.204046	0.000956	0.203799
0.000956	0.203799	0.000887	0.204388
0.000887	0.204388	0.000837	0.205519
0.000837	0.205519	0.000830	0.206840
0.000830	0.206840	0.000828	0.205716
0.000828	0.205716	0.000914	0.204696
0.000914	0.204696	0.000896	0.204467
0.000896	0.204467	0.000934	0.205170
0.000934	0.205170	0.000802	0.205625
0.000802	0.205625	0.000745	0.206877
0.000745	0.206877	0.000736	0.208407
0.000736	0.208407	0.000706	0.208158
0.000706	0.208158	0.000696	0.209950
0.000696	0.209950	0.000634	0.208910
0.000634	0.208910	0.000609	0.210248
0.000609	0.210248	0.000621	0.211364
0.000621	0.211364	0.000613	0.211635
0.000613	0.211635	0.000602	0.211663
0.000602	0.211663	0.000524	0.211423
0.000524	0.211423	0.000490	0.212340
0.000490	0.212340	0.000505	0.214443
0.000505	0.214443	0.000450	0.213805
0.000450	0.213805	0.000432	0.214330
0.000432	0.214330	0.000373	0.214721
0.000373	0.214721	0.000333	0.215081
0.000333	0.215081	0.000293	0.215723
0.000293	0.215723	0.000222	0.214547
0.000222	0.214547	0.000191	0.214528
0.000191	0.214528	0.000138	0.213846
0.000138	0.213846	0.000071	0.213348
0.000071	0.213348	0.000055	0.214034
0.000055	0.214034	0.000024	0.214310
0.000024	0.214310	0.000019	0.215066
0.000019	0.215066	0.000010	0.214263
0.000010	0.214263	0.000029	0.215137
0.000029	0.215137	0.000016	0.216434
0.000016	0.216434	0.000019	0.217355
0.000019	0.217355	0.000016	0.216854
0.000016	0.216854	0.000011	0.216688
0.000011	0.216688	0.000003	0.216432
0.000003	0.216432	0.000000	0.216595
0.000000	0.216595	0.000000	0.216402
0.000000	0.216402	0.000000	0.217442
0.000000	0.217442	0.000000	0.217577
0.000000	0.217577	0.000000	0.217576
0.000000	0.217576	0.000000	0.218741
0.000000	0.218741	0.000000	0.219848
0.000000	0.219848	0.000000	0.219105
0.000000	0.219105	0.000000	0.219695
0.000000	0.219695	0.000000	0.219282
0.000000	0.219282	0.000000	0.219045
0.000000	0.219045	0.000000	0.220282
0.000000	0.220282	0.000000	0.220939
0.000000	0.220939	0.000000	0.221121
0.000000	0.221121	0.000000	0.221307
0.000000	0.221307	0.000000	0.221502
0.000000	0.221502	0.000000	0.222850
0.000000	0.222850	0.000000	0.222240
0.000000	0.222240	0.000000	0.223091
0.000000	0.223091	0.000000	0.223819
0.000000	0.223819	0.000000	0.223660
0.000000	0.223660	0.000000	0.224587
0.000000	0.224587	0.000000	0.224839
0.000000	0.224839	0.000000	0.225058
0.000000	0.225058	0.000000	0.224600
0.000000	0.224600	0.000000	0.223104
0.000000	0.223104	0.000000	0.223223
0.000000	0.223223	0.000000	0.223738
0.000000	0.223738	0.000000	0.224215
0.000000	0.224215	0.000000	0.223672
0.000000	0.223672	0.000000	0.224043
0.000000	0.224043	0.000000	0.223961
0.000000	0.223961	0.000000	0.224189
0.000000	0.224189	0.000000	0.224302
0.000000	0.224302	0.000000	0.224419
0.000000	0.224419	0.000000	0.224190
0.000000	0.224190	0.000000	0.224470
0.000000	0.224470	0.000000	0.224333
0.000000	0.224333	0.000000	0.224174
0.000000	0.224174	0.000000	0.223166
0.000000	0.223166	0.000000	0.224684
0.000000	0.224684	0.000000	0.225742
0.000000	0.225742	0.000000	0.226647
0.000000	0.226647	0.000000	0.227290
0.000000	0.227290	0.000000	0.228109
0.000000	0.228109	0.000000	0.228193
0.000000	0.228193	0.000000	0.229220
0.000000	0.229220	0.000000	0.230763
0.000000	0.230763	0.000000	0.231014
0.000000	0.231014	0.000000	0.231172
0.000000	0.231172	0.000000	0.231417
0.000000	0.231417	0.000000	0.232361
0.000000	0.232361	0.000000	0.233756
0.000000	0.233756	0.000000	0.233056
0.000000	0.233056	0.000000	0.233284
0.000000	0.233284	0.000000	0.233248
0.000000	0.233248	0.000000	0.233373
0.000000	0.233373	0.000000	0.233844
0.000000	0.233844	0.000000	0.233871
0.000000	0.233871	0.000000	0.232445
0.000000	0.232445	0.000000	0.232571
0.000000	0.232571	0.000000	0.233114
0.000000	0.233114	0.000000	0.232860
0.000000	0.232860	0.000000	0.232876
0.000000	0.232876	0.000000	0.232647
0.000000	0.232647	0.000000	0.232785
0.000000	0.232785	0.000000	0.233472
0.000000	0.233472	0.000000	0.233486
0.000000	0.233486	0.000000	0.233448
0.000000	0.233448	0.000000	0.233469
0.000000	0.233469	0.000000	0.234782
0.000000	0.234782	0.000000	0.235534
0.000000	0.235534	0.000000	0.235177
0.000000	0.235177	0.000000	0.234782
0.000000	0.234782	0.000000	0.235173
0.000000	0.235173	0.000000	0.234448
0.000000	0.234448	0.000000	0.234313
0.000000	0.234313	0.000000	0.233927
0.000000	0.233927	0.000000	0.233170
0.000000	0.233170	0.000000	0.234500
0.000000	0.234500	0.000000	0.234186
0.000000	0.234186	0.000000	0.235407
0.000000	0.235407	0.000000	0.234897
0.000000	0.234897	0.000000	0.234067
0.000000	0.234067	0.000000	0.234354
0.000000	0.234354	0.000000	0.235178
0.000000	0.235178	0.000000	0.235715
0.000000	0.235715	0.000000	0.235233
0.000000	0.235233	0.000000	0.234686
0.000000	0.234686	0.000000	0.234588
0.000000	0.234588	0.000000	0.233623
0.000000	0.233623	0.000000	0.232770
0.000000	0.232770	0.000000	0.231595
0.000000	0.231595	0.000000	0.231653
0.000000	0.231653	0.000000	0.230305
0.000000	0.230305	0.000000	0.230292
0.000000	0.230292	0.000000	0.230289
0.000000	0.230289	0.000000	0.231132
0.000000	0.231132	0.000000	0.230033
0.000000	0.230033	0.000000	0.230880
0.000000	0.230880	0.000000	0.230451
0.000000	0.230451	0.000000	0.230586
0.000000	0.230586	0.000000	0.230840
0.000000	0.230840	0.000000	0.231097
0.350154	0.249600	0.121296	0.243851
0.121296	0.243851	0.056485	0.232430
0.056485	0.232430	0.037230	0.223697
0.037230	0.223697	0.030316	0.217868
0.030316	0.217868	0.026711	0.211652
0.026711	0.211652	0.025177	0.205724
0.025177	0.205724	0.024300	0.200045
0.024300	0.200045	0.022938	0.196344
0.022938	0.196344	0.022034	0.192662
0.022034	0.192662	0.020533	0.190280
0.020533	0.190280	0.019339	0.187143
0.019339	0.187143	0.018487	0.184665
0.018487	0.184665	0.017532	0.182169
0.017532	0.182169	0.016751	0.180788
0.016751	0.180788	0.016062	0.178969
0.016062	0.178969	0.015379	0.176417
0.015379	0.176417	0.014753	0.174899
0.014753	0.174899	0.013990	0.173227
0.013990	0.173227	0.013180	0.171290
0.013180	0.171290	0.012283	0.171878
0.012283	0.171878	0.011209	0.170601
0.011209	0.170601	0.010585	0.170466
0.010585	0.170466	0.009923	0.170896
0.009923	0.170896	0.009282	0.171434
0.009282	0.171434	0.008496	0.170144
0.008496	0.170144	0.008016	0.171516
0.008016	0.171516	0.007572	0.171856
0.007572	0.171856	0.007131	0.171491
0.007131	0.171491	0.006492	0.171129
0.006492	0.171129	0.006206	0.171875
0.006206	0.171875	0.006040	0.171459
0.006040	0.171459	0.005694	0.171643
0.005694	0.171643	0.005245	0.173084
0.005245	0.173084	0.005152	0.175029
0.005152	0.175029	0.004868	0.175941
0.004868	0.175941	0.004501	0.176584
0.004501	0.176584	0.004188	0.177658
0.004188	0.177658	0.003823	0.178093
0.003823	0.178093	0.003536	0.178885
0.003536	0.178885	0.003291	0.179066
0.003291	0.179066	0.003132	0.179999
0.003132	0.179999	0.003042	0.181014
0.003042	0.181014	0.002726	0.181484
0.002726	0.181484	0.002430	0.183177
0.002430	0.183177	0.002468	0.184799
0.002468	0.184799	0.002298	0.186837
0.002298	0.186837	0.002098	0.187214
0.002098	0.187214	0.001849	0.187656
0.001849	0.187656	0.001757	0.188041
0.001757	0.188041	0.001591	0.189353
0.001591	0.189353	0.001560	0.191139
0.001560	0.191139	0.001478	0.192288
0.001478	0.192288	0.001260	0.192915
0.001260	0.192915	0.001027	0.193419
0.001027	0.193419	0.000924	0.195574
0.000924	0.195574	0.000854	0.196428
0.000854	0.196428	0.000862	0.197217
0.000862	0.197217	0.000843	0.199226
0.000843	0.199226	0.000908	0.198830
0.000908	0.198830	0.000876	0.198922
0.000876	0.198922	0.000828	0.198343
0.000828	0.198343	0.000835	0.199589
0.000835	0.199589	0.000779	0.200988
0.000779	0.200988	0.000643	0.203276
0.000643	0.203276	0.000560	0.203724
0.000560	0.203724	0.000489	0.204355
0.000489	0.204355	0.000455	0.205571
0.000455	0.205571	0.000403	0.204842
0.000403	0.204842	0.000396	0.205604
0.000396	0.205604	0.000394	0.207158
0.000394	0.207158	0.000485	0.209248
0.000485	0.209248	0.000470	0.211013
0.000470	0.211013	0.000451	0.211500
0.000451	0.211500	0.000450	0.213258
0.000450	0.213258	0.000484	0.214569
0.000484	0.214569	0.000484	0.215650
0.000484	0.215650	0.000551	0.216041
0.000551	0.216041	0.000661	0.217239
0.000661	0.217239	0.000770	0.218617
0.000770	0.218617	0.000706	0.219439
0.000706	0.219439	0.000771	0.220411
0.000771	0.220411	0.000734	0.220776
0.000734	0.220776	0.000697	0.221775
0.000697	0.221775	0.000638	0.224104
0.000638	0.224104	0.000679	0.224168
0.000679	0.224168	0.000676	0.226292
0.000676	0.226292	0.000626	0.226800
0.000626	0.226800	0.000602	0.228799
0.000602	0.228799	0.000634	0.230024
0.000634	0.230024	0.000566	0.231239
0.000566	0.231239	0.000527	0.232122
0.000527	0.232122	0.000389	0.232329
0.000389	0.232329	0.000298	0.233539
0.000298	0.233539	0.000196	0.235440
0.000196	0.235440	0.000140	0.234921
0.000140	0.234921	0.000177	0.234964
0.000177	0.234964	0.000145	0.234828
0.000145	0.234828	0.000090	0.235690
0.000090	0.235690	0.000036	0.235451
0.000036	0.235451	0.000018	0.236764
0.000018	0.236764	0.000003	0.237799
0.000003	0.237799	0.000000	0.238860
0.000000	0.238860	0.000000	0.240179
0.000000	0.240179	0.000000	0.241582
0.000000	0.241582	0.000000	0.240715
0.000000	0.240715	0.000000	0.242849
0.000000	0.242849	0.000000	0.244651
0.000000	0.244651	0.000000	0.245644
0.000000	0.245644	0.000000	0.246194
0.000000	0.246194	0.000000	0.245381
0.000000	0.245381	0.000000	0.245338
0.000000	0.245338	0.000000	0.246078
0.000000	0.246078	0.000000	0.247217
0.000000	0.247217	0.000000	0.247966
0.000000	0.247966	0.000000	0.248956
0.000000	0.248956	0.000000	0.249422
0.000000	0.249422	0.000000	0.249429
0.000000	0.249429	0.000000	0.250147
0.000000	0.250147	0.000000	0.250699
0.000000	0.250699	0.000000	0.249489
0.000000	0.249489	0.000000	0.250535
0.000000	0.250535	0.000000	0.250719
0.000000	0.250719	0.000000	0.251503
0.000000	0.251503	0.000000	0.253357
0.000000	0.253357	0.000000	0.255885
0.000000	0.255885	0.000000	0.255082
0.000000	0.255082	0.000000	0.255201
0.000000	0.255201	0.000000	0.255482
0.000000	0.255482	0.000000	0.255299
0.000000	0.255299	0.000000	0.255309
0.000000	0.255309	0.000000	0.256940
0.000000	0.256940	0.000000	0.256873
0.000000	0.256873	0.000000	0.256904
0.000000	0.256904	0.000000	0.258518
0.000000	0.258518	0.000000	0.258639
0.000000	0.258639	0.000000	0.258348
0.000000	0.258348	0.000000	0.257072
0.000000	0.257072	0.000000	0.257657
0.000000	0.257657	0.000000	0.258427
0.000000	0.258427	0.000000	0.258131
0.000000	0.258131	0.000000	0.259134
0.000000	0.259134	0.000000	0.259817
0.000000	0.259817	0.000000	0.259851
0.000000	0.259851	0.000000	0.261306
0.000000	0.261306	0.000000	0.262689
0.000000	0.262689	0.000000	0.264869
0.000000	0.264869	0.000000	0.266063
0.000000	0.266063	0.000000	0.266793
0.000000	0.266793	0.000000	0.267565
0.000000	0.267565	0.000000	0.267998
0.000000	0.267998	0.000000	0.268759
0.000000	0.268759	0.000000	0.268504
0.000000	0.268504	0.000000	0.268840
0.000000	0.268840	0.000000	0.268596
0.000000	0.268596	0.000000	0.268572
0.000000	0.268572	0.000000	0.269051
0.000000	0.269051	0.000000	0.268837
0.000000	0.268837	0.000000	0.268772
0.000000	0.268772	0.000000	0.268456
0.000000	0.268456	0.000000	0.268975
0.000000	0.268975	0.000000	0.268142
0.000000	0.268142	0.000000	0.268892
0.000000	0.268892	0.000000	0.268601
0.000000	0.268601	0.000000	0.269597
0.000000	0.269597	0.000000	0.268277
0.000000	0.268277	0.000000	0.268105
0.000000	0.268105	0.000000	0.268794
0.000000	0.268794	0.000000	0.269200
0.000000	0.269200	0.000000	0.268896
0.000000	0.268896	0.000000	0.269575
0.000000	0.269575	0.000000	0.269291
0.000000	0.269291	0.000000	0.269551
0.000000	0.269551	0.000000	0.270933
0.000000	0.270933	0.000000	0.271423
0.000000	0.271423	0.000000	0.271254
0.000000	0.271254	0.000000	0.272494
0.000000	0.272494	0.000000	0.272549
0.000000	0.272549	0.000000	0.271850
0.000000	0.271850	0.000000	0.272134
0.000000	0.272134	0.000000	0.272782
0.000000	0.272782	0.000000	0.273200
0.000000	0.273200	0.000000	0.275086
0.000000	0.275086	0.000000	0.274048
0.000000	0.274048	0.000000	0.274884
0.000000	0.274884	0.000000	0.274523
0.000000	0.274523	0.000000	0.274299
0.000000	0.274299	0.000000	0.274203
0.000000	0.274203	0.000000	0.273955
0.000000	0.273955	0.000000	0.274445
0.000000	0.274445	0.000000	0.275681
0.000000	0.275681	0.000000	0.275647
0.000000	0.275647	0.000000	0.275898
0.000000	0.275898	0.000000	0.274959
0.000000	0.274959	0.000000	0.274385
0.000000	0.274385	0.000000	0.274864
0.000000	0.274864	0.000000	0.275195
0.000000	0.275195	0.000000	0.275805
0.000000	0.275805	0.000000	0.275550
0.000000	0.275550	0.000000	0.274792
0.349671	0.199495	0.091245	0.195054
0.091245	0.195054	0.035377	0.185306
0.035377	0.185306	0.020390	0.176630
0.020390	0.176630	0.014624	0.170261
0.014624	0.170261	0.012260	0.167502
0.012260	0.167502	0.010262	0.163210
0.010262	0.163210	0.009247	0.161291
0.009247	0.161291	0.008726	0.157723
0.008726	0.157723	0.008415	0.155865
0.008415	0.155865	0.007891	0.154113
0.007891	0.154113	0.007590	0.152033
0.007590	0.152033	0.007175	0.150926
0.007175	0.150926	0.006769	0.150024
0.006769	0.150024	0.006406	0.149237
0.006406	0.149237	0.006239	0.148591
0.006239	0.148591	0.005697	0.147261
0.005697	0.147261	0.005359	0.147427
0.005359	0.147427	0.004841	0.147705
0.004841	0.147705	0.004543	0.146151
0.004543	0.146151	0.004331	0.146880
0.004331	0.146880	0.004128	0.146622
0.004128	0.146622	0.003821	0.146368
0.003821	0.146368	0.003681	0.146793
0.003681	0.146793	0.003536	0.146813
0.003536	0.146813	0.003343	0.146979
0.003343	0.146979	0.003105	0.147083
0.003105	0.147083	0.002951	0.145996
0.002951	0.145996	0.002841	0.145788
0.002841	0.145788	0.002740	0.146045
0.002740	0.146045	0.002696	0.146293
0.002696	0.146293	0.002776	0.147424
0.002776	0.147424	0.002639	0.147332
0.002639	0.147332	0.002583	0.148177
0.002583	0.148177	0.002664	0.149007
0.002664	0.149007	0.002424	0.150335
0.002424	0.150335	0.002349	0.150401
0.002349	0.150401	0.002329	0.149992
0.002329	0.149992	0.002104	0.150991
0.002104	0.150991	0.001879	0.151478
0.001879	0.151478	0.001693	0.150978
0.001693	0.150978	0.001603	0.151446
0.001603	0.151446	0.001317	0.151077
0.001317	0.151077	0.001275	0.152632
0.001275	0.152632	0.001234	0.154260
0.001234	0.154260	0.001117	0.153874
0.001117	0.153874	0.001125	0.154844
0.001125	0.154844	0.001107	0.155745
0.001107	0.155745	0.001112	0.156334
0.001112	0.156334	0.001144	0.157801
0.001144	0.157801	0.001161	0.158211
0.001161	0.158211	0.001160	0.158764
0.001160	0.158764	0.001025	0.158938
0.001025	0.158938	0.000992	0.159749
0.000992	0.159749	0.000915	0.161199
0.000915	0.161199	0.000803	0.162231
0.000803	0.162231	0.000798	0.163928
0.000798	0.163928	0.000858	0.164328
0.000858	0.164328	0.000802	0.164760
0.000802	0.164760	0.000726	0.166877
0.000726	0.166877	0.000676	0.168238
0.000676	0.168238	0.000591	0.169938
0.000591	0.169938	0.000505	0.170875
0.000505	0.170875	0.000353	0.171725
0.000353	0.171725	0.000299	0.172936
0.000299	0.172936	0.000255	0.174276
0.000255	0.174276	0.000229	0.175162
0.000229	0.175162	0.000172	0.176223
0.000172	0.176223	0.000158	0.178521
0.000158	0.178521	0.000217	0.179460
0.000217	0.179460	0.000245	0.181335
0.000245	0.181335	0.000303	0.182123
0.000303	0.182123	0.000321	0.183016
0.000321	0.183016	0.000339	0.184642
0.000339	0.184642	0.000432	0.186186
0.000432	0.186186	0.000489	0.187888
0.000489	0.187888	0.000609	0.188922
0.000609	0.188922	0.000702	0.189983
0.000702	0.189983	0.000820	0.191265
0.000820	0.191265	0.000872	0.192840
0.000872	0.192840	0.000988	0.194609
0.000988	0.194609	0.001021	0.195530
0.001021	0.195530	0.000996	0.196057
0.000996	0.196057	0.001065	0.196397
0.001065	0.196397	0.000998	0.196848
0.000998	0.196848	0.000998	0.197256
0.000998	0.197256	0.000980	0.198700
0.000980	0.198700	0.000892	0.200571
0.000892	0.200571	0.000850	0.200296
0.000850	0.200296	0.000802	0.201564
0.000802	0.201564	0.000721	0.203202
0.000721	0.203202	0.000570	0.204541
0.000570	0.204541	0.000456	0.204233
0.000456	0.204233	0.000369	0.205578
0.000369	0.205578	0.000272	0.206082
0.000272	0.206082	0.000142	0.207241
0.000142	0.207241	0.000063	0.208127
0.000063	0.208127	0.000045	0.209611
0.000045	0.209611	0.000017	0.210066
0.000017	0.210066	0.000018	0.212212
0.000018	0.212212	0.000003	0.213778
0.000003	0.213778	0.000003	0.215035
0.000003	0.215035	0.000004	0.215790
0.000004	0.215790	0.000004	0.217042
0.000004	0.217042	0.000011	0.218563
0.000011	0.218563	0.000025	0.220319
0.000025	0.220319	0.000028	0.220688
0.000028	0.220688	0.000035	0.220765
0.000035	0.220765	0.000035	0.221644
0.000035	0.221644	0.000060	0.222697
0.000060	0.222697	0.000076	0.223700
0.000076	0.223700	0.000080	0.225102
0.000080	0.225102	0.000079	0.226047
0.000079	0.226047	0.000069	0.227822
0.000069	0.227822	0.000070	0.227151
0.000070	0.227151	0.000061	0.228428
0.000061	0.228428	0.000042	0.228649
0.000042	0.228649	0.000006	0.228787
0.000006	0.228787	0.000013	0.230193
0.000013	0.230193	0.000017	0.230601
0.000017	0.230601	0.000000	0.232140
0.000000	0.232140	0.000000	0.232385
0.000000	0.232385	0.000000	0.233132
0.000000	0.233132	0.000000	0.233765
0.000000	0.233765	0.000000	0.234210
0.000000	0.234210	0.000000	0.236640
0.000000	0.236640	0.000000	0.237278
0.000000	0.237278	0.000000	0.238857
0.000000	0.238857	0.000000	0.239846
0.000000	0.239846	0.000000	0.240624
0.000000	0.240624	0.000000	0.241269
0.000000	0.241269	0.000000	0.241471
0.000000	0.241471	0.000000	0.243916
0.000000	0.243916	0.000000	0.244300
0.000000	0.244300	0.000000	0.245264
0.000000	0.245264	0.000000	0.245529
0.000000	0.245529	0.000000	0.246887
0.000000	0.246887	0.000000	0.247244
0.000000	0.247244	0.000000	0.249018
0.000000	0.249018	0.000000	0.250272
0.000000	0.250272	0.000000	0.250060
0.000000	0.250060	0.000000	0.250899
0.000000	0.250899	0.000000	0.253951
0.000000	0.253951	0.000000	0.254503
0.000000	0.254503	0.000000	0.255441
0.000000	0.255441	0.000000	0.255646
0.000000	0.255646	0.000000	0.255988
0.000000	0.255988	0.000000	0.255879
0.000000	0.255879	0.000000	0.256263
0.000000	0.256263	0.000000	0.257898
0.000000	0.257898	0.000000	0.258682
0.000000	0.258682	0.000000	0.258902
0.000000	0.258902	0.000000	0.259203
0.000000	0.259203	0.000000	0.259361
0.000000	0.259361	0.000000	0.259762
0.000000	0.259762	0.000000	0.260305
0.000000	0.260305	0.000000	0.259685
0.000000	0.259685	0.000000	0.260626
0.000000	0.260626	0.000000	0.261128
0.000000	0.261128	0.000000	0.261195
0.000000	0.261195	0.000000	0.261622
0.000000	0.261622	0.000000	0.262608
0.000000	0.262608	0.000000	0.263466
0.000000	0.263466	0.000000	0.263758
0.000000	0.263758	0.000000	0.263983
0.000000	0.263983	0.000000	0.264550
0.000000	0.264550	0.000000	0.266377
0.000000	0.266377	0.000000	0.267168
0.000000	0.267168	0.000000	0.268102
0.000000	0.268102	0.000000	0.269354
0.000000	0.269354	0.000000	0.269558
0.000000	0.269558	0.000000	0.270307
0.000000	0.270307	0.000000	0.271095
0.000000	0.271095	0.000000	0.271572
0.000000	0.271572	0.000000	0.272421
0.000000	0.272421	0.000000	0.272685
0.000000	0.272685	0.000000	0.275621
0.000000	0.275621	0.000000	0.276685
0.000000	0.276685	0.000000	0.277467
0.000000	0.277467	0.000000	0.277345
0.000000	0.277345	0.000000	0.275146
0.000000	0.275146	0.000000	0.276217
0.000000	0.276217	0.000000	0.277190
0.000000	0.277190	0.000000	0.277379
0.000000	0.277379	0.000000	0.278161
0.000000	0.278161	0.000000	0.279659
0.000000	0.279659	0.000000	0.279382
0.000000	0.279382	0.000000	0.279899
0.000000	0.279899	0.000000	0.279219
0.000000	0.279219	0.000000	0.278054
0.000000	0.278054	0.000000	0.279391
0.000000	0.279391	0.000000	0.280873
0.000000	0.280873	0.000000	0.280830
0.000000	0.280830	0.000000	0.282214
0.000000	0.282214	0.000000	0.283704
0.000000	0.283704	0.000000	0.284098
0.000000	0.284098	0.000000	0.284377
0.000000	0.284377	0.000000	0.286907
0.000000	0.286907	0.000000	0.287478
0.000000	0.287478	0.000000	0.289411
0.349668	0.149889	0.065213	0.145486
0.065213	0.145486	0.017957	0.136681
0.017957	0.136681	0.008519	0.131316
0.008519	0.131316	0.005571	0.127613
0.005571	0.127613	0.004334	0.124687
0.004334	0.124687	0.003462	0.121393
0.003462	0.121393	0.003007	0.120238
0.003007	0.120238	0.002643	0.118642
0.002643	0.118642	0.002459	0.117206
0.002459	0.117206	0.002424	0.115775
0.002424	0.115775	0.002185	0.114057
0.002185	0.114057	0.001750	0.113059
0.001750	0.113059	0.001615	0.111431
0.001615	0.111431	0.001512	0.111087
0.001512	0.111087	0.001443	0.110340
0.001443	0.110340	0.001303	0.109945
0.001303	0.109945	0.001294	0.109181
0.001294	0.109181	0.001076	0.108316
0.001076	0.108316	0.000902	0.108910
0.000902	0.108910	0.000819	0.108911
0.000819	0.108911	0.000707	0.107784
0.000707	0.107784	0.000671	0.108023
0.000671	0.108023	0.000536	0.106878
0.000536	0.106878	0.000449	0.106437
0.000449	0.106437	0.000363	0.106840
0.000363	0.106840	0.000388	0.106456
0.000388	0.106456	0.000284	0.105928
0.000284	0.105928	0.000212	0.105787
0.000212	0.105787	0.000160	0.106672
0.000160	0.106672	0.000127	0.106633
0.000127	0.106633	0.000109	0.106502
0.000109	0.106502	0.000126	0.107415
0.000126	0.107415	0.000156	0.106416
0.000156	0.106416	0.000220	0.107070
0.000220	0.107070	0.000307	0.106900
0.000307	0.106900	0.000365	0.107320
0.000365	0.107320	0.000422	0.107985
0.000422	0.107985	0.000414	0.108288
0.000414	0.108288	0.000380	0.108867
0.000380	0.108867	0.000335	0.109059
0.000335	0.109059	0.000307	0.109092
0.000307	0.109092	0.000251	0.109107
0.000251	0.109107	0.000167	0.109802
0.000167	0.109802	0.000110	0.110067
0.000110	0.110067	0.000061	0.109857
0.000061	0.109857	0.000028	0.111222
0.000028	0.111222	0.000015	0.110650
0.000015	0.110650	0.000005	0.111156
0.000005	0.111156	0.000000	0.110974
0.000000	0.110974	0.000000	0.111401
0.000000	0.111401	0.000000	0.111558
0.000000	0.111558	0.000000	0.112476
0.000000	0.112476	0.000000	0.112905
0.000000	0.112905	0.000000	0.113080
0.000000	0.113080	0.000000	0.112448
0.000000	0.112448	0.000000	0.113162
0.000000	0.113162	0.000000	0.112664
0.000000	0.112664	0.000000	0.112753
0.000000	0.112753	0.000000	0.113423
0.000000	0.113423	0.000000	0.112767
0.000000	0.112767	0.000000	0.113516
0.000000	0.113516	0.000000	0.114189
0.000000	0.114189	0.000000	0.113917
0.000000	0.113917	0.000000	0.113602
0.000000	0.113602	0.000000	0.113220
0.000000	0.113220	0.000000	0.114033
0.000000	0.114033	0.000000	0.114285
0.000000	0.114285	0.000000	0.114462
0.000000	0.114462	0.000000	0.114456
0.000000	0.114456	0.000000	0.114735
0.000000	0.114735	0.000000	0.115368
0.000000	0.115368	0.000000	0.115728
0.000000	0.115728	0.000000	0.116588
0.000000	0.116588	0.000000	0.117693
0.000000	0.117693	0.000000	0.117988
0.000000	0.117988	0.000000	0.118578
0.000000	0.118578	0.000000	0.118742
0.000000	0.118742	0.000000	0.119059
0.000000	0.119059	0.000000	0.119516
0.000000	0.119516	0.000000	0.119846
0.000000	0.119846	0.000000	0.119512
0.000000	0.119512	0.000000	0.120013
0.000000	0.120013	0.000000	0.120931
0.000000	0.120931	0.000000	0.121549
0.000000	0.121549	0.000000	0.122594
0.000000	0.122594	0.000000	0.122246
0.000000	0.122246	0.000000	0.122977
0.000000	0.122977	0.000000	0.123740
0.000000	0.123740	0.000000	0.123796
0.000000	0.123796	0.000000	0.123990
0.000000	0.123990	0.000000	0.124906
0.000000	0.124906	0.000000	0.126299
0.000000	0.126299	0.000000	0.127091
0.000000	0.127091	0.000000	0.128058
0.000000	0.128058	0.000000	0.128272
0.000000	0.128272	0.000000	0.128923
0.000000	0.128923	0.000000	0.130327
0.000000	0.130327	0.000000	0.131629
0.000000	0.131629	0.000000	0.132412
0.000000	0.132412	0.000000	0.133061
0.000000	0.133061	0.000000	0.133759
0.000000	0.133759	0.000000	0.134804
0.000000	0.134804	0.000000	0.135809
0.000000	0.135809	0.000000	0.136464
0.000000	0.136464	0.000000	0.137096
0.000000	0.137096	0.000000	0.137953
0.000000	0.137953	0.000000	0.137856
0.000000	0.137856	0.000000	0.138582
0.000000	0.138582	0.000000	0.140053
0.000000	0.140053	0.000000	0.141126
0.000000	0.141126	0.000000	0.142402
0.000000	0.142402	0.000000	0.142298
0.000000	0.142298	0.000000	0.143152
0.000000	0.143152	0.000000	0.145460
0.000000	0.145460	0.000000	0.147063
0.000000	0.147063	0.000000	0.148203
0.000000	0.148203	0.000000	0.148921
0.000000	0.148921	0.000000	0.150308
0.000000	0.150308	0.000000	0.151390
0.000000	0.151390	0.000000	0.152296
0.000000	0.152296	0.000000	0.152859
0.000000	0.152859	0.000000	0.154408
0.000000	0.154408	0.000000	0.154876
0.000000	0.154876	0.000000	0.155555
0.000000	0.155555	0.000000	0.156947
0.000000	0.156947	0.000000	0.158610
0.000000	0.158610	0.000000	0.159072
0.000000	0.159072	0.000000	0.160315
0.000000	0.160315	0.000000	0.161057
0.000000	0.161057	0.000000	0.161205
0.000000	0.161205	0.000000	0.162896
0.000000	0.162896	0.000000	0.164483
0.000000	0.164483	0.000000	0.165153
0.000000	0.165153	0.000000	0.166481
0.000000	0.166481	0.000000	0.166421
0.000000	0.166421	0.000000	0.167590
0.000000	0.167590	0.000000	0.169226
0.000000	0.169226	0.000000	0.170399
0.000000	0.170399	0.000000	0.170503
0.000000	0.170503	0.000000	0.171741
0.000000	0.171741	0.000000	0.172887
0.000000	0.172887	0.000000	0.173523
0.000000	0.173523	0.000000	0.174486
0.000000	0.174486	0.000000	0.174518
0.000000	0.174518	0.000000	0.175035
0.000000	0.175035	0.000000	0.175188
0.000000	0.175188	0.000000	0.175583
0.000000	0.175583	0.000000	0.175941
0.000000	0.175941	0.000000	0.176141
0.000000	0.176141	0.000000	0.177914
0.000000	0.177914	0.000000	0.178872
0.000000	0.178872	0.000000	0.179565
0.000000	0.179565	0.000000	0.181909
0.000000	0.181909	0.000000	0.183421
0.000000	0.183421	0.000000	0.184179
0.000000	0.184179	0.000000	0.185162
0.000000	0.185162	0.000000	0.185732
0.000000	0.185732	0.000000	0.185721
0.000000	0.185721	0.000000	0.187037
0.000000	0.187037	0.000000	0.187512
0.000000	0.187512	0.000000	0.187894
0.000000	0.187894	0.000000	0.189019
0.000000	0.189019	0.000000	0.190128
0.000000	0.190128	0.000000	0.192633
0.000000	0.192633	0.000000	0.193643
0.000000	0.193643	0.000000	0.194114
0.000000	0.194114	0.000000	0.194598
0.000000	0.194598	0.000000	0.194521
0.000000	0.194521	0.000000	0.195544
0.000000	0.195544	0.000000	0.196175
0.000000	0.196175	0.000000	0.198485
0.000000	0.198485	0.000000	0.199396
0.000000	0.199396	0.000000	0.200587
0.000000	0.200587	0.000000	0.199917
0.000000	0.199917	0.000000	0.201694
0.000000	0.201694	0.000000	0.202886
0.000000	0.202886	0.000000	0.204048
0.000000	0.204048	0.000000	0.205037
0.000000	0.205037	0.000000	0.206624
0.000000	0.206624	0.000000	0.207730
0.000000	0.207730	0.000000	0.209115
0.000000	0.209115	0.000000	0.210074
0.000000	0.210074	0.000000	0.211457
0.000000	0.211457	0.000000	0.211895
0.000000	0.211895	0.000000	0.213990
0.000000	0.213990	0.000000	0.214872
0.000000	0.214872	0.000000	0.215389
0.000000	0.215389	0.000000	0.216924
0.000000	0.216924	0.000000	0.217473
0.000000	0.217473	0.000000	0.217580
0.000000	0.217580	0.000000	0.218344
0.000000	0.218344	0.000000	0.219972
0.000000	0.219972	0.000000	0.220988
0.000000	0.220988	0.000000	0.221277
0.000000	0.221277	0.000000	0.221440
0.000000	0.221440	0.000000	0.222962
0.000000	0.222962	0.000000	0.224519
0.000000	0.224519	0.000000	0.224707
0.000000	0.224707	0.000000	0.226066
0.350265	0.100107	0.044564	0.096348
0.044564	0.096348	0.008040	0.090315
0.008040	0.090315	0.002899	0.085724
0.002899	0.085724	0.001533	0.082248
0.001533	0.082248	0.001000	0.079879
0.001000	0.079879	0.000757	0.079194
0.000757	0.079194	0.000650	0.077609
0.000650	0.077609	0.000521	0.075926
0.000521	0.075926	0.000492	0.073510
0.000492	0.073510	0.000426	0.071831
0.000426	0.071831	0.000344	0.071240
0.000344	0.071240	0.000279	0.069627
0.000279	0.069627	0.000248	0.068864
0.000248	0.068864	0.000251	0.068165
0.000251	0.068165	0.000228	0.067354
0.000228	0.067354	0.000188	0.065860
0.000188	0.065860	0.000156	0.064079
0.000156	0.064079	0.000148	0.063068
0.000148	0.063068	0.000135	0.062315
0.000135	0.062315	0.000080	0.062687
0.000080	0.062687	0.000068	0.062538
0.000068	0.062538	0.000050	0.061363
0.000050	0.061363	0.000062	0.060817
0.000062	0.060817	0.000079	0.061181
0.000079	0.061181	0.000086	0.060223
0.000086	0.060223	0.000080	0.059876
0.000080	0.059876	0.000044	0.058647
0.000044	0.058647	0.000013	0.058785
0.000013	0.058785	0.000009	0.058735
0.000009	0.058735	0.000005	0.058718
0.000005	0.058718	0.000002	0.058759
0.000002	0.058759	0.000000	0.058407
0.000000	0.058407	0.000000	0.058355
0.000000	0.058355	0.000000	0.057834
0.000000	0.057834	0.000000	0.057810
0.000000	0.057810	0.000000	0.057938
0.000000	0.057938	0.000000	0.057170
0.000000	0.057170	0.000000	0.056534
0.000000	0.056534	0.000000	0.056369
0.000000	0.056369	0.000000	0.055983
0.000000	0.055983	0.000000	0.056220
0.000000	0.056220	0.000000	0.055982
0.000000	0.055982	0.000000	0.056321
0.000000	0.056321	0.000000	0.056347
0.000000	0.056347	0.000000	0.055969
0.000000	0.055969	0.000000	0.055658
0.000000	0.055658	0.000000	0.056110
0.000000	0.056110	0.000000	0.056043
0.000000	0.056043	0.000000	0.055935
0.000000	0.055935	0.000000	0.055299
0.000000	0.055299	0.000000	0.054797
0.000000	0.054797	0.000000	0.054763
0.000000	0.054763	0.000000	0.054711
0.000000	0.054711	0.000000	0.054356
0.000000	0.054356	0.000000	0.053979
0.000000	0.053979	0.000000	0.053940
0.000000	0.053940	0.000000	0.054219
0.000000	0.054219	0.000000	0.054150
0.000000	0.054150	0.000000	0.054106
0.000000	0.054106	0.000000	0.054664
0.000000	0.054664	0.000000	0.054538
0.000000	0.054538	0.000000	0.054118
0.000000	0.054118	0.000000	0.054318
0.000000	0.054318	0.000000	0.053987
0.000000	0.053987	0.000000	0.053777
0.000000	0.053777	0.000000	0.053865
0.000000	0.053865	0.000000	0.053981
0.000000	0.053981	0.000000	0.054438
0.000000	0.054438	0.000000	0.054047
0.000000	0.054047	0.000000	0.053870
0.000000	0.053870	0.000000	0.053390
0.000000	0.053390	0.000000	0.053623
0.000000	0.053623	0.000000	0.053813
0.000000	0.053813	0.000000	0.053573
0.000000	0.053573	0.000000	0.054126
0.000000	0.054126	0.000000	0.053827
0.000000	0.053827	0.000000	0.054284
0.000000	0.054284	0.000000	0.054484
0.000000	0.054484	0.000000	0.054239
0.000000	0.054239	0.000000	0.054581
0.000000	0.054581	0.000000	0.055043
0.000000	0.055043	0.000000	0.055586
0.000000	0.055586	0.000000	0.055892
0.000000	0.055892	0.000000	0.056075
0.000000	0.056075	0.000000	0.056620
0.000000	0.056620	0.000000	0.057093
0.000000	0.057093	0.000000	0.056609
0.000000	0.056609	0.000000	0.056528
0.000000	0.056528	0.000000	0.056814
0.000000	0.056814	0.000000	0.057209
0.000000	0.057209	0.000000	0.057418
0.000000	0.057418	0.000000	0.058190
0.000000	0.058190	0.000000	0.058035
0.000000	0.058035	0.000000	0.058365
0.000000	0.058365	0.000000	0.058631
0.000000	0.058631	0.000000	0.059345
0.000000	0.059345	0.000000	0.059741
0.000000	0.059741	0.000000	0.060013
0.000000	0.060013	0.000000	0.060075
0.000000	0.060075	0.000000	0.060161
0.000000	0.060161	0.000000	0.060750
0.000000	0.060750	0.000000	0.060905
0.000000	0.060905	0.000000	0.060630
0.000000	0.060630	0.000000	0.061559
0.000000	0.061559	0.000000	0.061579
0.000000	0.061579	0.000000	0.061910
0.000000	0.061910	0.000000	0.062429
0.000000	0.062429	0.000000	0.062303
0.000000	0.062303	0.000000	0.062207
0.000000	0.062207	0.000000	0.062646
0.000000	0.062646	0.000000	0.062701
0.000000	0.062701	0.000000	0.062831
0.000000	0.062831	0.000000	0.062675
0.000000	0.062675	0.000000	0.062644
0.000000	0.062644	0.000000	0.062145
0.000000	0.062145	0.000000	0.062241
0.000000	0.062241	0.000000	0.062884
0.000000	0.062884	0.000000	0.062903
0.000000	0.062903	0.000000	0.062711
0.000000	0.062711	0.000000	0.062836
0.000000	0.062836	0.000000	0.063363
0.000000	0.063363	0.000000	0.062927
0.000000	0.062927	0.000000	0.063011
0.000000	0.063011	0.000000	0.062922
0.000000	0.062922	0.000000	0.063492
0.000000	0.063492	0.000000	0.063571
0.000000	0.063571	0.000000	0.064456
0.000000	0.064456	0.000000	0.064674
0.000000	0.064674	0.000000	0.064495
0.000000	0.064495	0.000000	0.064260
0.000000	0.064260	0.000000	0.064618
0.000000	0.064618	0.000000	0.064987
0.000000	0.064987	0.000000	0.065877
0.000000	0.065877	0.000000	0.066015
0.000000	0.066015	0.000000	0.066425
0.000000	0.066425	0.000000	0.067047
0.000000	0.067047	0.000000	0.067733
0.000000	0.067733	0.000000	0.067857
0.000000	0.067857	0.000000	0.068687
0.000000	0.068687	0.000000	0.068638
0.000000	0.068638	0.000000	0.068892
0.000000	0.068892	0.000000	0.069068
0.000000	0.069068	0.000000	0.069750
0.000000	0.069750	0.000000	0.069838
0.000000	0.069838	0.000000	0.069744
0.000000	0.069744	0.000000	0.069471
0.000000	0.069471	0.000000	0.070147
0.000000	0.070147	0.000000	0.070292
0.000000	0.070292	0.000000	0.070391
0.000000	0.070391	0.000000	0.070545
0.000000	0.070545	0.000000	0.071252
0.000000	0.071252	0.000000	0.070972
0.000000	0.070972	0.000000	0.071489
0.000000	0.071489	0.000000	0.071901
0.000000	0.071901	0.000000	0.072436
0.000000	0.072436	0.000000	0.072396
0.000000	0.072396	0.000000	0.072928
0.000000	0.072928	0.000000	0.072791
0.000000	0.072791	0.000000	0.072874
0.000000	0.072874	0.000000	0.073271
0.000000	0.073271	0.000000	0.073501
0.000000	0.073501	0.000000	0.073942
0.000000	0.073942	0.000000	0.074055
0.000000	0.074055	0.000000	0.073838
0.000000	0.073838	0.000000	0.073618
0.000000	0.073618	0.000000	0.074929
0.000000	0.074929	0.000000	0.074798
0.000000	0.074798	0.000000	0.074667
0.000000	0.074667	0.000000	0.075069
0.000000	0.075069	0.000000	0.075382
0.000000	0.075382	0.000000	0.075675
0.000000	0.075675	0.000000	0.075510
0.000000	0.075510	0.000000	0.076071
0.000000	0.076071	0.000000	0.076286
0.000000	0.076286	0.000000	0.076541
0.000000	0.076541	0.000000	0.077123
0.000000	0.077123	0.000000	0.077153
0.000000	0.077153	0.000000	0.077078
0.000000	0.077078	0.000000	0.076952
0.000000	0.076952	0.000000	0.077752
0.000000	0.077752	0.000000	0.077510
0.000000	0.077510	0.000000	0.078375
0.000000	0.078375	0.000000	0.078407
0.000000	0.078407	0.000000	0.079123
0.000000	0.079123	0.000000	0.078989
0.000000	0.078989	0.000000	0.078709
0.000000	0.078709	0.000000	0.079684
0.000000	0.079684	0.000000	0.079641
0.000000	0.079641	0.000000	0.079871
0.000000	0.079871	0.000000	0.079350
0.000000	0.079350	0.000000	0.080102
0.000000	0.080102	0.000000	0.080613
0.000000	0.080613	0.000000	0.080899
0.000000	0.080899	0.000000	0.081090
0.000000	0.081090	0.000000	0.080827
0.000000	0.080827	0.000000	0.081381
0.000000	0.081381	0.000000	0.081855
0.000000	0.081855	0.000000	0.081983
0.000000	0.081983	0.000000	0.081499
0.349466	0.050436	0.028425	0.048066
0.028425	0.048066	0.002871	0.045325
0.002871	0.045325	0.000638	0.043881
0.000638	0.043881	0.000335	0.042241
0.000335	0.042241	0.000165	0.041751
0.000165	0.041751	0.000096	0.039785
0.000096	0.039785	0.000057	0.038496
0.000057	0.038496	0.000030	0.037926
0.000030	0.037926	0.000024	0.037426
0.000024	0.037426	0.000005	0.036304
0.000005	0.036304	0.000001	0.035584
0.000001	0.035584	0.000000	0.034566
0.000000	0.034566	0.000000	0.034539
0.000000	0.034539	0.000000	0.033939
0.000000	0.033939	0.000000	0.033483
0.000000	0.033483	0.000000	0.033377
0.000000	0.033377	0.000000	0.033090
0.000000	0.033090	0.000000	0.033158
0.000000	0.033158	0.000000	0.033583
0.000000	0.033583	0.000000	0.033279
0.000000	0.033279	0.000000	0.032754
0.000000	0.032754	0.000000	0.032498
0.000000	0.032498	0.000000	0.032464
0.000000	0.032464	0.000000	0.031549
0.000000	0.031549	0.000000	0.031636
0.000000	0.031636	0.000000	0.031198
0.000000	0.031198	0.000000	0.030637
0.000000	0.030637	0.000000	0.031117
0.000000	0.031117	0.000000	0.031284
0.000000	0.031284	0.000000	0.031493
0.000000	0.031493	0.000000	0.031251
0.000000	0.031251	0.000000	0.030688
0.000000	0.030688	0.000000	0.029887
0.000000	0.029887	0.000000	0.029805
0.000000	0.029805	0.000000	0.029379
0.000000	0.029379	0.000000	0.029592
0.000000	0.029592	0.000000	0.029691
0.000000	0.029691	0.000000	0.029976
0.000000	0.029976	0.000000	0.029756
0.000000	0.029756	0.000000	0.029392
0.000000	0.029392	0.000000	0.028940
0.000000	0.028940	0.000000	0.028934
0.000000	0.028934	0.000000	0.028348
0.000000	0.028348	0.000000	0.028434
0.000000	0.028434	0.000000	0.028264
0.000000	0.028264	0.000000	0.028293
0.000000	0.028293	0.000000	0.028352
0.000000	0.028352	0.000000	0.028538
0.000000	0.028538	0.000000	0.028288
0.000000	0.028288	0.000000	0.027934
0.000000	0.027934	0.000000	0.028276
0.000000	0.028276	0.000000	0.028183
0.000000	0.028183	0.000000	0.028943
0.000000	0.028943	0.000000	0.029074
0.000000	0.029074	0.000000	0.028653
0.000000	0.028653	0.000000	0.028860
0.000000	0.028860	0.000000	0.028754
0.000000	0.028754	0.000000	0.028407
0.000000	0.028407	0.000000	0.028710
0.000000	0.028710	0.000000	0.028826
0.000000	0.028826	0.000000	0.028615
0.000000	0.028615	0.000000	0.029122
0.000000	0.029122	0.000000	0.029357
0.000000	0.029357	0.000000	0.028383
0.000000	0.028383	0.000000	0.028149
0.000000	0.028149	0.000000	0.027793
0.000000	0.027793	0.000000	0.027893
0.000000	0.027893	0.000000	0.028302
0.000000	0.028302	0.000000	0.028689
0.000000	0.028689	0.000000	0.028543
0.000000	0.028543	0.000000	0.028223
0.000000	0.028223	0.000000	0.029017
0.000000	0.029017	0.000000	0.029217
0.000000	0.029217	0.000000	0.029473
0.000000	0.029473	0.000000	0.029535
0.000000	0.029535	0.000000	0.030036
0.000000	0.030036	0.000000	0.030270
0.000000	0.030270	0.000000	0.030632
0.000000	0.030632	0.000000	0.030977
0.000000	0.030977	0.000000	0.031241
0.000000	0.031241	0.000000	0.030491
0.000000	0.030491	0.000000	0.030443
0.000000	0.030443	0.000000	0.030121
0.000000	0.030121	0.000000	0.030640
0.000000	0.030640	0.000000	0.030846
0.000000	0.030846	0.000000	0.030665
0.000000	0.030665	0.000000	0.030704
0.000000	0.030704	0.000000	0.030608
0.000000	0.030608	0.000000	0.030732
0.000000	0.030732	0.000000	0.030764
0.000000	0.030764	0.000000	0.030691
0.000000	0.030691	0.000000	0.031095
0.000000	0.031095	0.000000	0.030070
0.000000	0.030070	0.000000	0.030230
0.000000	0.030230	0.000000	0.030637
0.000000	0.030637	0.000000	0.030722
0.000000	0.030722	0.000000	0.030462
0.000000	0.030462	0.000000	0.030897
0.000000	0.030897	0.000000	0.031079
0.000000	0.031079	0.000000	0.030640
0.000000	0.030640	0.000000	0.030246
0.000000	0.030246	0.000000	0.030330
0.000000	0.030330	0.000000	0.030460
0.000000	0.030460	0.000000	0.029836
0.000000	0.029836	0.000000	0.030276
0.000000	0.030276	0.000000	0.030208
0.000000	0.030208	0.000000	0.030054
0.000000	0.030054	0.000000	0.030101
0.000000	0.030101	0.000000	0.030348
0.000000	0.030348	0.000000	0.030515
0.000000	0.030515	0.000000	0.030520
0.000000	0.030520	0.000000	0.030416
0.000000	0.030416	0.000000	0.030475
0.000000	0.030475	0.000000	0.030698
0.000000	0.030698	0.000000	0.030363
0.000000	0.030363	0.000000	0.030222
0.000000	0.030222	0.000000	0.030504
0.000000	0.030504	0.000000	0.030412
0.000000	0.030412	0.000000	0.030038
0.000000	0.030038	0.000000	0.030171
0.000000	0.030171	0.000000	0.029908
0.000000	0.029908	0.000000	0.030046
0.000000	0.030046	0.000000	0.029832
0.000000	0.029832	0.000000	0.029659
0.000000	0.029659	0.000000	0.029527
0.000000	0.029527	0.000000	0.029328
0.000000	0.029328	0.000000	0.029265
0.000000	0.029265	0.000000	0.029393
0.000000	0.029393	0.000000	0.029590
0.000000	0.029590	0.000000	0.029779
0.000000	0.029779	0.000000	0.029560
0.000000	0.029560	0.000000	0.029158
0.000000	0.029158	0.000000	0.029026
0.000000	0.029026	0.000000	0.028550
0.000000	0.028550	0.000000	0.028582
0.000000	0.028582	0.000000	0.028447
0.000000	0.028447	0.000000	0.028588
0.000000	0.028588	0.000000	0.028500
0.000000	0.028500	0.000000	0.028917
0.000000	0.028917	0.000000	0.029570
0.000000	0.029570	0.000000	0.029569
0.000000	0.029569	0.000000	0.029357
0.000000	0.029357	0.000000	0.029209
0.000000	0.029209	0.000000	0.029069
0.000000	0.029069	0.000000	0.029356
0.000000	0.029356	0.000000	0.029771
0.000000	0.029771	0.000000	0.029515
0.000000	0.029515	0.000000	0.029543
0.000000	0.029543	0.000000	0.029469
0.000000	0.029469	0.000000	0.029662
0.000000	0.029662	0.000000	0.029937
0.000000	0.029937	0.000000	0.030242
0.000000	0.030242	0.000000	0.030012
0.000000	0.030012	0.000000	0.030210
0.000000	0.030210	0.000000	0.030423
0.000000	0.030423	0.000000	0.030107
0.000000	0.030107	0.000000	0.030410
0.000000	0.030410	0.000000	0.030986
0.000000	0.030986	0.000000	0.030737
0.000000	0.030737	0.000000	0.030527
0.000000	0.030527	0.000000	0.030708
0.000000	0.030708	0.000000	0.030890
0.000000	0.030890	0.000000	0.031201
0.000000	0.031201	0.000000	0.031164
0.000000	0.031164	0.000000	0.030993
0.000000	0.030993	0.000000	0.030624
0.000000	0.030624	0.000000	0.030642
0.000000	0.030642	0.000000	0.030061
0.000000	0.030061	0.000000	0.030197
0.000000	0.030197	0.000000	0.030536
0.000000	0.030536	0.000000	0.030875
0.000000	0.030875	0.000000	0.031386
0.000000	0.031386	0.000000	0.031732
0.000000	0.031732	0.000000	0.031814
0.000000	0.031814	0.000000	0.032109
0.000000	0.032109	0.000000	0.032323
0.000000	0.032323	0.000000	0.032788
0.000000	0.032788	0.000000	0.032807
0.000000	0.032807	0.000000	0.032723
0.000000	0.032723	0.000000	0.033270
0.000000	0.033270	0.000000	0.032989
0.000000	0.032989	0.000000	0.032713
0.000000	0.032713	0.000000	0.032638
0.000000	0.032638	0.000000	0.032634
0.000000	0.032634	0.000000	0.033061
0.000000	0.033061	0.000000	0.032503
0.000000	0.032503	0.000000	0.032507
0.000000	0.032507	0.000000	0.032199
0.000000	0.032199	0.000000	0.032216
0.000000	0.032216	0.000000	0.032318
0.000000	0.032318	0.000000	0.032540
0.000000	0.032540	0.000000	0.033138
0.000000	0.033138	0.000000	0.032866
0.000000	0.032866	0.000000	0.032932
0.000000	0.032932	0.000000	0.032755
0.000000	0.032755	0.000000	0.032855
0.000000	0.032855	0.000000	0.032718
0.000000	0.032718	0.000000	0.032614
0.000000	0.032614	0.000000	0.032859
