0.299422	0.100076	0.161657	0.102559
0.161657	0.102559	0.066582	0.103023
0.066582	0.103023	0.026773	0.101568
0.026773	0.101568	0.012295	0.099157
0.012295	0.099157	0.006437	0.096189
0.006437	0.096189	0.003608	0.094988
0.003608	0.094988	0.002314	0.094562
0.002314	0.094562	0.001469	0.094946
0.001469	0.094946	0.000999	0.096521
0.000999	0.096521	0.000767	0.095357
0.000767	0.095357	0.000594	0.095355
0.000594	0.095355	0.000589	0.095060
0.000589	0.095060	0.000573	0.095172
0.000573	0.095172	0.000505	0.095293
0.000505	0.095293	0.000351	0.095029
0.000351	0.095029	0.000285	0.094623
0.000285	0.094623	0.000259	0.093616
0.000259	0.093616	0.000165	0.094220
0.000165	0.094220	0.000143	0.094552
0.000143	0.094552	0.000146	0.095008
0.000146	0.095008	0.000139	0.096192
0.000139	0.096192	0.000111	0.096507
0.000111	0.096507	0.000133	0.096223
0.000133	0.096223	0.000102	0.096954
0.000102	0.096954	0.000114	0.097194
0.000114	0.097194	0.000058	0.096807
0.000058	0.096807	0.000061	0.096643
0.000061	0.096643	0.000050	0.096229
0.000050	0.096229	0.000045	0.097111
0.000045	0.097111	0.000052	0.096847
0.000052	0.096847	0.000045	0.098580
0.000045	0.098580	0.000053	0.098923
0.000053	0.098923	0.000065	0.098489
0.000065	0.098489	0.000068	0.097984
0.000068	0.097984	0.000084	0.098006
0.000084	0.098006	0.000074	0.098246
0.000074	0.098246	0.000074	0.098100
0.000074	0.098100	0.000088	0.098474
0.000088	0.098474	0.000091	0.098311
0.000091	0.098311	0.000100	0.098009
0.000100	0.098009	0.000108	0.098443
0.000108	0.098443	0.000126	0.098740
0.000126	0.098740	0.000113	0.097602
0.000113	0.097602	0.000119	0.098472
0.000119	0.098472	0.000112	0.098701
0.000112	0.098701	0.000096	0.098235
0.000096	0.098235	0.000100	0.098668
0.000100	0.098668	0.000117	0.098931
0.000117	0.098931	0.000106	0.098688
0.000106	0.098688	0.000100	0.098612
0.000100	0.098612	0.000068	0.099522
0.000068	0.099522	0.000049	0.099820
0.000049	0.099820	0.000036	0.100411
0.000036	0.100411	0.000019	0.100248
0.000019	0.100248	0.000011	0.100335
0.000011	0.100335	0.000002	0.099455
0.000002	0.099455	0.000000	0.099865
0.000000	0.099865	0.000000	0.100221
0.000000	0.100221	0.000000	0.098983
0.000000	0.098983	0.000000	0.099151
0.000000	0.099151	0.000000	0.099514
0.000000	0.099514	0.000000	0.100635
0.000000	0.100635	0.000000	0.100643
0.000000	0.100643	0.000000	0.100532
0.000000	0.100532	0.000000	0.100181
0.000000	0.100181	0.000000	0.101072
0.000000	0.101072	0.000000	0.100675
0.000000	0.100675	0.000000	0.101299
0.000000	0.101299	0.000000	0.101763
0.000000	0.101763	0.000000	0.102024
0.000000	0.102024	0.000000	0.101606
0.000000	0.101606	0.000000	0.102154
0.000000	0.102154	0.000000	0.102201
0.000000	0.102201	0.000000	0.101502
0.000000	0.101502	0.000000	0.101267
0.000000	0.101267	0.000000	0.100545
0.000000	0.100545	0.000000	0.100300
0.000000	0.100300	0.000000	0.100871
0.000000	0.100871	0.000000	0.101094
0.000000	0.101094	0.000000	0.101801
0.000000	0.101801	0.000000	0.101681
0.000000	0.101681	0.000000	0.101835
0.000000	0.101835	0.000000	0.101560
0.000000	0.101560	0.000000	0.101653
0.000000	0.101653	0.000000	0.101336
0.000000	0.101336	0.000000	0.101512
0.000000	0.101512	0.000000	0.101936
0.000000	0.101936	0.000000	0.103271
0.000000	0.103271	0.000000	0.103400
0.000000	0.103400	0.000000	0.102301
0.000000	0.102301	0.000000	0.101676
0.000000	0.101676	0.000000	0.101171
0.000000	0.101171	0.000000	0.102047
0.000000	0.102047	0.000000	0.102095
0.000000	0.102095	0.000000	0.102624
0.000000	0.102624	0.000000	0.102577
0.000000	0.102577	0.000000	0.102032
0.000000	0.102032	0.000000	0.102081
0.000000	0.102081	0.000000	0.101686
0.000000	0.101686	0.000000	0.102372
0.000000	0.102372	0.000000	0.102909
0.000000	0.102909	0.000000	0.102717
0.000000	0.102717	0.000000	0.102402
0.000000	0.102402	0.000000	0.103178
0.000000	0.103178	0.000000	0.103755
0.000000	0.103755	0.000000	0.103734
0.000000	0.103734	0.000000	0.104004
0.000000	0.104004	0.000000	0.103864
0.000000	0.103864	0.000000	0.103482
0.000000	0.103482	0.000000	0.102789
0.000000	0.102789	0.000000	0.103434
0.000000	0.103434	0.000000	0.103192
0.000000	0.103192	0.000000	0.102778
0.000000	0.102778	0.000000	0.102183
0.000000	0.102183	0.000000	0.102672
0.000000	0.102672	0.000000	0.102864
0.000000	0.102864	0.000000	0.103502
0.000000	0.103502	0.000000	0.103452
0.000000	0.103452	0.000000	0.103166
0.000000	0.103166	0.000000	0.103191
0.000000	0.103191	0.000000	0.102355
0.000000	0.102355	0.000000	0.103423
0.000000	0.103423	0.000000	0.101543
0.000000	0.101543	0.000000	0.101310
0.000000	0.101310	0.000000	0.100748
0.000000	0.100748	0.000000	0.100764
0.000000	0.100764	0.000000	0.101367
0.000000	0.101367	0.000000	0.100962
0.000000	0.100962	0.000000	0.101320
0.000000	0.101320	0.000000	0.102154
0.000000	0.102154	0.000000	0.102430
0.000000	0.102430	0.000000	0.102133
0.000000	0.102133	0.000000	0.101698
0.000000	0.101698	0.000000	0.100551
0.000000	0.100551	0.000000	0.100633
0.000000	0.100633	0.000000	0.101266
0.000000	0.101266	0.000000	0.101705
0.000000	0.101705	0.000000	0.100907
0.000000	0.100907	0.000000	0.100870
0.000000	0.100870	0.000000	0.100244
0.000000	0.100244	0.000000	0.100875
0.000000	0.100875	0.000000	0.100543
0.000000	0.100543	0.000000	0.099472
0.000000	0.099472	0.000000	0.099834
0.000000	0.099834	0.000000	0.100218
0.000000	0.100218	0.000000	0.099579
0.000000	0.099579	0.000000	0.099776
0.000000	0.099776	0.000000	0.099557
0.000000	0.099557	0.000000	0.100027
0.000000	0.100027	0.000000	0.100604
0.000000	0.100604	0.000000	0.101511
0.000000	0.101511	0.000000	0.101530
0.000000	0.101530	0.000000	0.101711
0.000000	0.101711	0.000000	0.101709
0.000000	0.101709	0.000000	0.101074
0.000000	0.101074	0.000000	0.101758
0.000000	0.101758	0.000000	0.102180
0.000000	0.102180	0.000000	0.101829
0.000000	0.101829	0.000000	0.103095
0.000000	0.103095	0.000000	0.103086
0.000000	0.103086	0.000000	0.103483
0.000000	0.103483	0.000000	0.102962
0.000000	0.102962	0.000000	0.103034
0.000000	0.103034	0.000000	0.103077
0.000000	0.103077	0.000000	0.103187
0.000000	0.103187	0.000000	0.104631
0.000000	0.104631	0.000000	0.103919
0.000000	0.103919	0.000000	0.104529
0.000000	0.104529	0.000000	0.105248
0.000000	0.105248	0.000000	0.105327
0.000000	0.105327	0.000000	0.104614
0.000000	0.104614	0.000000	0.104680
0.000000	0.104680	0.000000	0.104792
0.000000	0.104792	0.000000	0.105009
0.000000	0.105009	0.000000	0.104924
0.000000	0.104924	0.000000	0.105951
0.000000	0.105951	0.000000	0.104992
0.000000	0.104992	0.000000	0.104749
0.000000	0.104749	0.000000	0.105389
0.000000	0.105389	0.000000	0.105069
0.000000	0.105069	0.000000	0.105444
0.000000	0.105444	0.000000	0.106229
0.000000	0.106229	0.000000	0.106035
0.000000	0.106035	0.000000	0.106914
0.000000	0.106914	0.000000	0.106106
0.000000	0.106106	0.000000	0.105664
0.000000	0.105664	0.000000	0.105942
0.000000	0.105942	0.000000	0.105735
0.000000	0.105735	0.000000	0.105446
0.000000	0.105446	0.000000	0.105458
0.000000	0.105458	0.000000	0.106081
0.000000	0.106081	0.000000	0.105563
0.000000	0.105563	0.000000	0.106118
0.000000	0.106118	0.000000	0.106564
0.000000	0.106564	0.000000	0.105349
0.000000	0.105349	0.000000	0.105996
0.000000	0.105996	0.000000	0.105783
0.000000	0.105783	0.000000	0.105869
0.000000	0.105869	0.000000	0.106333
0.300126	0.200086	0.210057	0.202617
0.210057	0.202617	0.113955	0.200837
0.113955	0.200837	0.062979	0.196523
0.062979	0.196523	0.038673	0.190179
0.038673	0.190179	0.025930	0.186244
0.025930	0.186244	0.019000	0.182000
0.019000	0.182000	0.014461	0.177976
0.014461	0.177976	0.011559	0.175348
0.011559	0.175348	0.009526	0.173866
0.009526	0.173866	0.007560	0.171791
0.007560	0.171791	0.006527	0.171158
0.006527	0.171158	0.005712	0.169498
0.005712	0.169498	0.004943	0.166622
0.004943	0.166622	0.004343	0.165168
0.004343	0.165168	0.003970	0.164025
0.003970	0.164025	0.003657	0.163213
0.003657	0.163213	0.003446	0.162968
0.003446	0.162968	0.002985	0.161624
0.002985	0.161624	0.002607	0.160821
0.002607	0.160821	0.002498	0.160914
0.002498	0.160914	0.002447	0.160713
0.002447	0.160713	0.002319	0.159173
0.002319	0.159173	0.002206	0.159536
0.002206	0.159536	0.002172	0.159463
0.002172	0.159463	0.002110	0.159118
0.002110	0.159118	0.001899	0.159457
0.001899	0.159457	0.001756	0.160361
0.001756	0.160361	0.001716	0.159767
0.001716	0.159767	0.001569	0.159577
0.001569	0.159577	0.001518	0.159228
0.001518	0.159228	0.001338	0.159377
0.001338	0.159377	0.001114	0.159183
0.001114	0.159183	0.001053	0.159032
0.001053	0.159032	0.000918	0.157836
0.000918	0.157836	0.000845	0.158474
0.000845	0.158474	0.000709	0.158541
0.000709	0.158541	0.000544	0.158297
0.000544	0.158297	0.000484	0.158139
0.000484	0.158139	0.000520	0.159070
0.000520	0.159070	0.000500	0.160261
0.000500	0.160261	0.000448	0.160803
0.000448	0.160803	0.000460	0.160295
0.000460	0.160295	0.000419	0.159894
0.000419	0.159894	0.000406	0.159243
0.000406	0.159243	0.000356	0.157655
0.000356	0.157655	0.000354	0.158003
0.000354	0.158003	0.000281	0.157001
0.000281	0.157001	0.000240	0.158233
0.000240	0.158233	0.000201	0.158104
0.000201	0.158104	0.000248	0.157903
0.000248	0.157903	0.000268	0.157273
0.000268	0.157273	0.000290	0.157728
0.000290	0.157728	0.000294	0.158824
0.000294	0.158824	0.000289	0.158426
0.000289	0.158426	0.000219	0.157842
0.000219	0.157842	0.000230	0.158436
0.000230	0.158436	0.000250	0.157114
0.000250	0.157114	0.000250	0.157145
0.000250	0.157145	0.000232	0.154901
0.000232	0.154901	0.000215	0.153822
0.000215	0.153822	0.000185	0.154455
0.000185	0.154455	0.000151	0.153729
0.000151	0.153729	0.000123	0.153302
0.000123	0.153302	0.000087	0.152325
0.000087	0.152325	0.000054	0.151887
0.000054	0.151887	0.000032	0.152100
0.000032	0.152100	0.000032	0.151741
0.000032	0.151741	0.000000	0.151852
0.000000	0.151852	0.000000	0.152095
0.000000	0.152095	0.000000	0.153808
0.000000	0.153808	0.000000	0.154483
0.000000	0.154483	0.000000	0.154034
0.000000	0.154034	0.000000	0.154617
0.000000	0.154617	0.000000	0.154574
0.000000	0.154574	0.000000	0.154943
0.000000	0.154943	0.000000	0.154083
0.000000	0.154083	0.000000	0.154452
0.000000	0.154452	0.000000	0.154337
0.000000	0.154337	0.000000	0.154363
0.000000	0.154363	0.000000	0.153500
0.000000	0.153500	0.000000	0.153028
0.000000	0.153028	0.000000	0.154548
0.000000	0.154548	0.000000	0.155095
0.000000	0.155095	0.000000	0.154837
0.000000	0.154837	0.000000	0.155393
0.000000	0.155393	0.000000	0.155838
0.000000	0.155838	0.000000	0.156632
0.000000	0.156632	0.000000	0.157807
0.000000	0.157807	0.000000	0.157400
0.000000	0.157400	0.000000	0.157909
0.000000	0.157909	0.000000	0.158550
0.000000	0.158550	0.000000	0.158851
0.000000	0.158851	0.000000	0.158756
0.000000	0.158756	0.000000	0.158326
0.000000	0.158326	0.000000	0.157685
0.000000	0.157685	0.000000	0.158184
0.000000	0.158184	0.000000	0.158407
0.000000	0.158407	0.000000	0.159140
0.000000	0.159140	0.000000	0.159182
0.000000	0.159182	0.000000	0.158540
0.000000	0.158540	0.000000	0.157555
0.000000	0.157555	0.000000	0.158687
0.000000	0.158687	0.000000	0.158829
0.000000	0.158829	0.000000	0.159162
0.000000	0.159162	0.000000	0.159854
0.000000	0.159854	0.000000	0.159682
0.000000	0.159682	0.000000	0.158096
0.000000	0.158096	0.000000	0.158082
0.000000	0.158082	0.000000	0.157056
0.000000	0.157056	0.000000	0.157125
0.000000	0.157125	0.000000	0.157059
0.000000	0.157059	0.000000	0.155918
0.000000	0.155918	0.000000	0.154870
0.000000	0.154870	0.000000	0.155127
0.000000	0.155127	0.000000	0.155857
0.000000	0.155857	0.000000	0.155304
0.000000	0.155304	0.000000	0.153833
0.000000	0.153833	0.000000	0.153476
0.000000	0.153476	0.000000	0.152842
0.000000	0.152842	0.000000	0.152208
0.000000	0.152208	0.000000	0.153190
0.000000	0.153190	0.000000	0.152829
0.000000	0.152829	0.000000	0.151550
0.000000	0.151550	0.000000	0.151062
0.000000	0.151062	0.000000	0.150941
0.000000	0.150941	0.000000	0.151436
0.000000	0.151436	0.000000	0.151190
0.000000	0.151190	0.000000	0.152139
0.000000	0.152139	0.000000	0.151901
0.000000	0.151901	0.000000	0.151828
0.000000	0.151828	0.000000	0.151593
0.000000	0.151593	0.000000	0.152738
0.000000	0.152738	0.000000	0.152637
0.000000	0.152637	0.000000	0.151364
0.000000	0.151364	0.000000	0.151265
0.000000	0.151265	0.000000	0.151227
0.000000	0.151227	0.000000	0.151556
0.000000	0.151556	0.000000	0.150868
0.000000	0.150868	0.000000	0.151024
0.000000	0.151024	0.000000	0.150280
0.000000	0.150280	0.000000	0.149892
0.000000	0.149892	0.000000	0.149349
0.000000	0.149349	0.000000	0.150203
0.000000	0.150203	0.000000	0.149382
0.000000	0.149382	0.000000	0.148985
0.000000	0.148985	0.000000	0.149631
0.000000	0.149631	0.000000	0.149606
0.000000	0.149606	0.000000	0.149966
0.000000	0.149966	0.000000	0.150081
0.000000	0.150081	0.000000	0.149963
0.000000	0.149963	0.000000	0.150398
0.000000	0.150398	0.000000	0.150918
0.000000	0.150918	0.000000	0.149483
0.000000	0.149483	0.000000	0.149711
0.000000	0.149711	0.000000	0.148896
0.000000	0.148896	0.000000	0.148500
0.000000	0.148500	0.000000	0.148431
0.000000	0.148431	0.000000	0.147664
0.000000	0.147664	0.000000	0.147165
0.000000	0.147165	0.000000	0.147726
0.000000	0.147726	0.000000	0.146949
0.000000	0.146949	0.000000	0.146471
0.000000	0.146471	0.000000	0.145428
0.000000	0.145428	0.000000	0.145108
0.000000	0.145108	0.000000	0.145117
0.000000	0.145117	0.000000	0.144936
0.000000	0.144936	0.000000	0.145183
0.000000	0.145183	0.000000	0.145376
0.000000	0.145376	0.000000	0.145928
0.000000	0.145928	0.000000	0.146162
0.000000	0.146162	0.000000	0.146536
0.000000	0.146536	0.000000	0.147269
0.000000	0.147269	0.000000	0.147475
0.000000	0.147475	0.000000	0.148149
0.000000	0.148149	0.000000	0.148902
0.000000	0.148902	0.000000	0.148515
0.000000	0.148515	0.000000	0.147948
0.000000	0.147948	0.000000	0.148382
0.000000	0.148382	0.000000	0.147518
0.000000	0.147518	0.000000	0.146478
0.000000	0.146478	0.000000	0.146257
0.000000	0.146257	0.000000	0.146937
0.000000	0.146937	0.000000	0.145957
0.000000	0.145957	0.000000	0.147080
0.000000	0.147080	0.000000	0.146703
0.000000	0.146703	0.000000	0.147026
0.000000	0.147026	0.000000	0.147002
0.000000	0.147002	0.000000	0.148375
0.000000	0.148375	0.000000	0.148059
0.000000	0.148059	0.000000	0.147973
0.000000	0.147973	0.000000	0.148857
0.000000	0.148857	0.000000	0.147846
0.000000	0.147846	0.000000	0.148284
0.000000	0.148284	0.000000	0.147297
0.000000	0.147297	0.000000	0.148206
0.000000	0.148206	0.000000	0.147723
0.000000	0.147723	0.000000	0.147966
0.000000	0.147966	0.000000	0.146957
0.000000	0.146957	0.000000	0.146097
0.300337	0.299741	0.260435	0.302448
0.260435	0.302448	0.175503	0.297473
0.175503	0.297473	0.119521	0.287293
0.119521	0.287293	0.086294	0.274813
0.086294	0.274813	0.066689	0.264376
0.066689	0.264376	0.054444	0.253710
0.054444	0.253710	0.045376	0.243536
0.045376	0.243536	0.039056	0.237164
0.039056	0.237164	0.033661	0.229956
0.033661	0.229956	0.029752	0.224315
0.029752	0.224315	0.026669	0.219718
0.026669	0.219718	0.024041	0.215604
0.024041	0.215604	0.021729	0.210729
0.021729	0.210729	0.019696	0.206306
0.019696	0.206306	0.017992	0.202754
0.017992	0.202754	0.016277	0.199964
0.016277	0.199964	0.014766	0.197199
0.014766	0.197199	0.013371	0.193547
0.013371	0.193547	0.012081	0.190512
0.012081	0.190512	0.010686	0.187561
0.010686	0.187561	0.009800	0.185368
0.009800	0.185368	0.009255	0.185255
0.009255	0.185255	0.008618	0.184240
0.008618	0.184240	0.007812	0.183145
0.007812	0.183145	0.006788	0.182606
0.006788	0.182606	0.006112	0.181864
0.006112	0.181864	0.005572	0.180734
0.005572	0.180734	0.005152	0.178688
0.005152	0.178688	0.004961	0.180226
0.004961	0.180226	0.004529	0.180692
0.004529	0.180692	0.004262	0.179964
0.004262	0.179964	0.004021	0.179423
0.004021	0.179423	0.003736	0.180143
0.003736	0.180143	0.003506	0.179413
0.003506	0.179413	0.003115	0.178410
0.003115	0.178410	0.002816	0.178233
0.002816	0.178233	0.002668	0.177112
0.002668	0.177112	0.002496	0.177305
0.002496	0.177305	0.002468	0.176823
0.002468	0.176823	0.002462	0.176868
0.002462	0.176868	0.002376	0.176099
0.002376	0.176099	0.002125	0.176384
0.002125	0.176384	0.001924	0.175995
0.001924	0.175995	0.001630	0.175710
0.001630	0.175710	0.001502	0.175837
0.001502	0.175837	0.001323	0.176451
0.001323	0.176451	0.001296	0.176898
0.001296	0.176898	0.001194	0.178450
0.001194	0.178450	0.001221	0.178368
0.001221	0.178368	0.000985	0.178323
0.000985	0.178323	0.000830	0.177614
0.000830	0.177614	0.000769	0.178281
0.000769	0.178281	0.000707	0.178193
0.000707	0.178193	0.000719	0.177903
0.000719	0.177903	0.000598	0.177536
0.000598	0.177536	0.000504	0.177273
0.000504	0.177273	0.000356	0.176908
0.000356	0.176908	0.000393	0.176388
0.000393	0.176388	0.000331	0.177971
0.000331	0.177971	0.000333	0.179600
0.000333	0.179600	0.000260	0.179538
0.000260	0.179538	0.000248	0.178977
0.000248	0.178977	0.000269	0.178400
0.000269	0.178400	0.000310	0.177672
0.000310	0.177672	0.000340	0.177120
0.000340	0.177120	0.000320	0.176741
0.000320	0.176741	0.000288	0.176287
0.000288	0.176287	0.000258	0.176779
0.000258	0.176779	0.000169	0.175907
0.000169	0.175907	0.000120	0.176734
0.000120	0.176734	0.000104	0.177016
0.000104	0.177016	0.000071	0.177063
0.000071	0.177063	0.000112	0.177067
0.000112	0.177067	0.000099	0.177202
0.000099	0.177202	0.000092	0.178446
0.000092	0.178446	0.000110	0.178530
0.000110	0.178530	0.000053	0.178197
0.000053	0.178197	0.000026	0.178263
0.000026	0.178263	0.000019	0.178310
0.000019	0.178310	0.000013	0.177924
0.000013	0.177924	0.000011	0.176357
0.000011	0.176357	0.000000	0.176902
0.000000	0.176902	0.000000	0.177098
0.000000	0.177098	0.000000	0.177343
0.000000	0.177343	0.000000	0.178209
0.000000	0.178209	0.000000	0.177982
0.000000	0.177982	0.000000	0.178185
0.000000	0.178185	0.000000	0.178399
0.000000	0.178399	0.000000	0.178403
0.000000	0.178403	0.000000	0.178090
0.000000	0.178090	0.000000	0.179019
0.000000	0.179019	0.000000	0.178611
0.000000	0.178611	0.000000	0.178095
0.000000	0.178095	0.000000	0.178021
0.000000	0.178021	0.000000	0.177596
0.000000	0.177596	0.000000	0.177576
0.000000	0.177576	0.000000	0.177951
0.000000	0.177951	0.000000	0.177141
0.000000	0.177141	0.000000	0.177356
0.000000	0.177356	0.000000	0.177282
0.000000	0.177282	0.000000	0.178412
0.000000	0.178412	0.000000	0.178378
0.000000	0.178378	0.000000	0.179452
0.000000	0.179452	0.000000	0.179284
0.000000	0.179284	0.000000	0.179317
0.000000	0.179317	0.000000	0.180124
0.000000	0.180124	0.000000	0.180127
0.000000	0.180127	0.000000	0.181275
0.000000	0.181275	0.000000	0.181341
0.000000	0.181341	0.000000	0.179690
0.000000	0.179690	0.000000	0.179445
0.000000	0.179445	0.000000	0.178710
0.000000	0.178710	0.000000	0.178528
0.000000	0.178528	0.000000	0.177432
0.000000	0.177432	0.000000	0.178013
0.000000	0.178013	0.000000	0.178178
0.000000	0.178178	0.000000	0.178782
0.000000	0.178782	0.000000	0.179524
0.000000	0.179524	0.000000	0.180313
0.000000	0.180313	0.000000	0.180164
0.000000	0.180164	0.000000	0.180062
0.000000	0.180062	0.000000	0.179582
0.000000	0.179582	0.000000	0.178773
0.000000	0.178773	0.000000	0.179504
0.000000	0.179504	0.000000	0.179230
0.000000	0.179230	0.000000	0.180201
0.000000	0.180201	0.000000	0.180399
0.000000	0.180399	0.000000	0.180609
0.000000	0.180609	0.000000	0.181621
0.000000	0.181621	0.000000	0.181105
0.000000	0.181105	0.000000	0.180706
0.000000	0.180706	0.000000	0.180563
0.000000	0.180563	0.000000	0.179503
0.000000	0.179503	0.000000	0.179364
0.000000	0.179364	0.000000	0.180043
0.000000	0.180043	0.000000	0.179868
0.000000	0.179868	0.000000	0.180469
0.000000	0.180469	0.000000	0.179842
0.000000	0.179842	0.000000	0.179824
0.000000	0.179824	0.000000	0.180183
0.000000	0.180183	0.000000	0.180230
0.000000	0.180230	0.000000	0.181067
0.000000	0.181067	0.000000	0.180026
0.000000	0.180026	0.000000	0.180379
0.000000	0.180379	0.000000	0.181063
0.000000	0.181063	0.000000	0.180376
0.000000	0.180376	0.000000	0.180076
0.000000	0.180076	0.000000	0.181687
0.000000	0.181687	0.000000	0.181100
0.000000	0.181100	0.000000	0.179478
0.000000	0.179478	0.000000	0.181407
0.000000	0.181407	0.000000	0.181743
0.000000	0.181743	0.000000	0.182593
0.000000	0.182593	0.000000	0.181729
0.000000	0.181729	0.000000	0.181669
0.000000	0.181669	0.000000	0.180245
0.000000	0.180245	0.000000	0.181027
0.000000	0.181027	0.000000	0.180793
0.000000	0.180793	0.000000	0.181672
0.000000	0.181672	0.000000	0.182650
0.000000	0.182650	0.000000	0.182909
0.000000	0.182909	0.000000	0.182552
0.000000	0.182552	0.000000	0.182918
0.000000	0.182918	0.000000	0.181751
0.000000	0.181751	0.000000	0.181263
0.000000	0.181263	0.000000	0.180675
0.000000	0.180675	0.000000	0.182064
0.000000	0.182064	0.000000	0.182606
0.000000	0.182606	0.000000	0.182882
0.000000	0.182882	0.000000	0.183992
0.000000	0.183992	0.000000	0.183758
0.000000	0.183758	0.000000	0.185258
0.000000	0.185258	0.000000	0.184319
0.000000	0.184319	0.000000	0.184406
0.000000	0.184406	0.000000	0.184925
0.000000	0.184925	0.000000	0.185009
0.000000	0.185009	0.000000	0.184638
0.000000	0.184638	0.000000	0.183028
0.000000	0.183028	0.000000	0.181624
0.000000	0.181624	0.000000	0.181464
0.000000	0.181464	0.000000	0.181247
0.000000	0.181247	0.000000	0.181961
0.000000	0.181961	0.000000	0.182845
0.000000	0.182845	0.000000	0.182790
0.000000	0.182790	0.000000	0.182911
0.000000	0.182911	0.000000	0.182853
0.000000	0.182853	0.000000	0.184013
0.000000	0.184013	0.000000	0.184275
0.000000	0.184275	0.000000	0.183633
0.000000	0.183633	0.000000	0.183187
0.000000	0.183187	0.000000	0.182998
0.000000	0.182998	0.000000	0.184238
0.000000	0.184238	0.000000	0.184339
0.000000	0.184339	0.000000	0.184936
0.000000	0.184936	0.000000	0.184373
0.000000	0.184373	0.000000	0.184150
0.000000	0.184150	0.000000	0.185300
0.000000	0.185300	0.000000	0.186236
0.000000	0.186236	0.000000	0.186643
0.298902	0.399938	0.311252	0.404414
0.311252	0.404414	0.246727	0.399753
0.246727	0.399753	0.197323	0.387590
0.197323	0.387590	0.163810	0.373307
0.163810	0.373307	0.141159	0.356646
0.141159	0.356646	0.123592	0.339808
0.123592	0.339808	0.110566	0.322637
0.110566	0.322637	0.099212	0.306110
0.099212	0.306110	0.090378	0.291293
0.090378	0.291293	0.081670	0.279159
0.081670	0.279159	0.073070	0.266233
0.073070	0.266233	0.064565	0.255111
0.064565	0.255111	0.057569	0.245967
0.057569	0.245967	0.051539	0.236087
0.051539	0.236087	0.045504	0.226198
0.045504	0.226198	0.040644	0.218061
0.040644	0.218061	0.035857	0.210702
0.035857	0.210702	0.031672	0.205424
0.031672	0.205424	0.028052	0.200924
0.028052	0.200924	0.024901	0.195778
0.024901	0.195778	0.021609	0.190793
0.021609	0.190793	0.018854	0.186106
0.018854	0.186106	0.016450	0.183832
0.016450	0.183832	0.014932	0.179900
0.014932	0.179900	0.012922	0.177693
0.012922	0.177693	0.011564	0.175415
0.011564	0.175415	0.010402	0.173361
0.010402	0.173361	0.009544	0.170887
0.009544	0.170887	0.008818	0.170320
0.008818	0.170320	0.007965	0.169297
0.007965	0.169297	0.007323	0.166434
0.007323	0.166434	0.006904	0.165118
0.006904	0.165118	0.006169	0.163868
0.006169	0.163868	0.005620	0.161305
0.005620	0.161305	0.005192	0.159704
0.005192	0.159704	0.004617	0.157848
0.004617	0.157848	0.003879	0.156661
0.003879	0.156661	0.003465	0.156477
0.003465	0.156477	0.002884	0.155722
0.002884	0.155722	0.002636	0.155093
0.002636	0.155093	0.002277	0.154579
0.002277	0.154579	0.001972	0.153396
0.001972	0.153396	0.001582	0.153474
0.001582	0.153474	0.001267	0.153939
0.001267	0.153939	0.001011	0.153265
0.001011	0.153265	0.000854	0.154149
0.000854	0.154149	0.000812	0.155205
0.000812	0.155205	0.000716	0.156060
0.000716	0.156060	0.000726	0.156455
0.000726	0.156455	0.000611	0.156404
0.000611	0.156404	0.000497	0.156717
0.000497	0.156717	0.000428	0.156527
0.000428	0.156527	0.000415	0.157227
0.000415	0.157227	0.000386	0.156957
0.000386	0.156957	0.000323	0.156972
0.000323	0.156972	0.000337	0.157425
0.000337	0.157425	0.000310	0.156832
0.000310	0.156832	0.000278	0.156193
0.000278	0.156193	0.000270	0.155837
0.000270	0.155837	0.000248	0.155356
0.000248	0.155356	0.000170	0.154250
0.000170	0.154250	0.000127	0.154165
0.000127	0.154165	0.000136	0.154037
0.000136	0.154037	0.000115	0.153796
0.000115	0.153796	0.000122	0.153398
0.000122	0.153398	0.000097	0.152437
0.000097	0.152437	0.000112	0.151892
0.000112	0.151892	0.000146	0.153414
0.000146	0.153414	0.000139	0.153033
0.000139	0.153033	0.000202	0.151648
0.000202	0.151648	0.000149	0.152185
0.000149	0.152185	0.000083	0.151666
0.000083	0.151666	0.000043	0.152228
0.000043	0.152228	0.000028	0.151957
0.000028	0.151957	0.000011	0.153234
0.000011	0.153234	0.000003	0.152544
0.000003	0.152544	0.000000	0.153423
0.000000	0.153423	0.000000	0.153175
0.000000	0.153175	0.000000	0.152050
0.000000	0.152050	0.000000	0.152463
0.000000	0.152463	0.000000	0.151690
0.000000	0.151690	0.000000	0.152200
0.000000	0.152200	0.000000	0.152689
0.000000	0.152689	0.000000	0.151737
0.000000	0.151737	0.000000	0.152603
0.000000	0.152603	0.000000	0.153240
0.000000	0.153240	0.000000	0.153230
0.000000	0.153230	0.000000	0.152688
0.000000	0.152688	0.000000	0.152094
0.000000	0.152094	0.000000	0.151003
0.000000	0.151003	0.000000	0.150675
0.000000	0.150675	0.000000	0.150174
0.000000	0.150174	0.000000	0.150957
0.000000	0.150957	0.000000	0.152368
0.000000	0.152368	0.000000	0.154011
0.000000	0.154011	0.000000	0.153351
0.000000	0.153351	0.000000	0.153006
0.000000	0.153006	0.000000	0.152980
0.000000	0.152980	0.000000	0.151951
0.000000	0.151951	0.000000	0.152830
0.000000	0.152830	0.000000	0.153010
0.000000	0.153010	0.000000	0.153327
0.000000	0.153327	0.000000	0.153736
0.000000	0.153736	0.000000	0.154380
0.000000	0.154380	0.000000	0.157071
0.000000	0.157071	0.000000	0.157669
0.000000	0.157669	0.000000	0.157241
0.000000	0.157241	0.000000	0.157764
0.000000	0.157764	0.000000	0.157808
0.000000	0.157808	0.000000	0.158834
0.000000	0.158834	0.000000	0.159140
0.000000	0.159140	0.000000	0.159852
0.000000	0.159852	0.000000	0.159583
0.000000	0.159583	0.000000	0.159932
0.000000	0.159932	0.000000	0.159854
0.000000	0.159854	0.000000	0.159476
0.000000	0.159476	0.000000	0.157594
0.000000	0.157594	0.000000	0.157925
0.000000	0.157925	0.000000	0.158938
0.000000	0.158938	0.000000	0.157644
0.000000	0.157644	0.000000	0.157011
0.000000	0.157011	0.000000	0.156471
0.000000	0.156471	0.000000	0.156507
0.000000	0.156507	0.000000	0.156039
0.000000	0.156039	0.000000	0.156023
0.000000	0.156023	0.000000	0.157060
0.000000	0.157060	0.000000	0.156068
0.000000	0.156068	0.000000	0.156944
0.000000	0.156944	0.000000	0.157522
0.000000	0.157522	0.000000	0.157306
0.000000	0.157306	0.000000	0.157657
0.000000	0.157657	0.000000	0.158605
0.000000	0.158605	0.000000	0.158007
0.000000	0.158007	0.000000	0.156692
0.000000	0.156692	0.000000	0.155637
0.000000	0.155637	0.000000	0.155429
0.000000	0.155429	0.000000	0.155167
0.000000	0.155167	0.000000	0.154762
0.000000	0.154762	0.000000	0.154365
0.000000	0.154365	0.000000	0.153251
0.000000	0.153251	0.000000	0.153732
0.000000	0.153732	0.000000	0.153211
0.000000	0.153211	0.000000	0.153550
0.000000	0.153550	0.000000	0.152415
0.000000	0.152415	0.000000	0.153082
0.000000	0.153082	0.000000	0.152943
0.000000	0.152943	0.000000	0.154048
0.000000	0.154048	0.000000	0.153489
0.000000	0.153489	0.000000	0.153662
0.000000	0.153662	0.000000	0.153635
0.000000	0.153635	0.000000	0.154851
0.000000	0.154851	0.000000	0.155319
0.000000	0.155319	0.000000	0.155527
0.000000	0.155527	0.000000	0.154336
0.000000	0.154336	0.000000	0.154322
0.000000	0.154322	0.000000	0.154757
0.000000	0.154757	0.000000	0.154862
0.000000	0.154862	0.000000	0.154385
0.000000	0.154385	0.000000	0.153726
0.000000	0.153726	0.000000	0.153245
0.000000	0.153245	0.000000	0.153570
0.000000	0.153570	0.000000	0.153161
0.000000	0.153161	0.000000	0.152419
0.000000	0.152419	0.000000	0.152485
0.000000	0.152485	0.000000	0.152012
0.000000	0.152012	0.000000	0.151985
0.000000	0.151985	0.000000	0.152138
0.000000	0.152138	0.000000	0.152977
0.000000	0.152977	0.000000	0.151810
0.000000	0.151810	0.000000	0.153365
0.000000	0.153365	0.000000	0.153442
0.000000	0.153442	0.000000	0.153682
0.000000	0.153682	0.000000	0.152654
0.000000	0.152654	0.000000	0.151625
0.000000	0.151625	0.000000	0.151976
0.000000	0.151976	0.000000	0.151204
0.000000	0.151204	0.000000	0.150543
0.000000	0.150543	0.000000	0.150117
0.000000	0.150117	0.000000	0.150341
0.000000	0.150341	0.000000	0.149935
0.000000	0.149935	0.000000	0.149412
0.000000	0.149412	0.000000	0.149338
0.000000	0.149338	0.000000	0.148695
0.000000	0.148695	0.000000	0.148391
0.000000	0.148391	0.000000	0.148136
0.000000	0.148136	0.000000	0.148799
0.000000	0.148799	0.000000	0.149117
0.000000	0.149117	0.000000	0.147281
0.000000	0.147281	0.000000	0.147831
0.000000	0.147831	0.000000	0.147794
0.000000	0.147794	0.000000	0.147631
0.000000	0.147631	0.000000	0.147916
0.000000	0.147916	0.000000	0.148282
0.000000	0.148282	0.000000	0.149581
0.000000	0.149581	0.000000	0.149539
0.000000	0.149539	0.000000	0.149056
0.000000	0.149056	0.000000	0.148558
0.000000	0.148558	0.000000	0.148702
0.000000	0.148702	0.000000	0.147626
0.299266	0.501010	0.369759	0.503734
0.369759	0.503734	0.334321	0.501099
0.334321	0.501099	0.298670	0.486245
0.298670	0.486245	0.268224	0.468176
0.268224	0.468176	0.244029	0.444329
0.244029	0.444329	0.224466	0.421782
0.224466	0.421782	0.206327	0.397098
0.206327	0.397098	0.188240	0.369976
0.188240	0.369976	0.170672	0.344352
0.170672	0.344352	0.152927	0.319890
0.152927	0.319890	0.135982	0.297137
0.135982	0.297137	0.119804	0.273872
0.119804	0.273872	0.103158	0.253332
0.103158	0.253332	0.088395	0.234236
0.088395	0.234236	0.074490	0.215636
0.074490	0.215636	0.063410	0.202105
0.063410	0.202105	0.052836	0.189121
0.052836	0.189121	0.043499	0.178347
0.043499	0.178347	0.035629	0.167633
0.035629	0.167633	0.028871	0.159746
0.028871	0.159746	0.024078	0.154970
0.024078	0.154970	0.019807	0.149838
0.019807	0.149838	0.015981	0.144772
0.015981	0.144772	0.012593	0.140315
0.012593	0.140315	0.010363	0.136673
0.010363	0.136673	0.008634	0.134913
0.008634	0.134913	0.007398	0.132118
0.007398	0.132118	0.006234	0.131483
0.006234	0.131483	0.005144	0.130402
0.005144	0.130402	0.004513	0.128265
0.004513	0.128265	0.003943	0.128122
0.003943	0.128122	0.003574	0.127750
0.003574	0.127750	0.003176	0.126532
0.003176	0.126532	0.002940	0.126223
0.002940	0.126223	0.002618	0.124754
0.002618	0.124754	0.002361	0.124273
0.002361	0.124273	0.002139	0.122160
0.002139	0.122160	0.001859	0.122008
0.001859	0.122008	0.001668	0.120889
0.001668	0.120889	0.001509	0.119566
0.001509	0.119566	0.001337	0.119313
0.001337	0.119313	0.001207	0.117347
0.001207	0.117347	0.001154	0.117924
0.001154	0.117924	0.001019	0.116515
0.001019	0.116515	0.000967	0.116176
0.000967	0.116176	0.000903	0.116405
0.000903	0.116405	0.000782	0.115687
0.000782	0.115687	0.000784	0.115783
0.000784	0.115783	0.000739	0.115439
0.000739	0.115439	0.000696	0.116969
0.000696	0.116969	0.000728	0.116657
0.000728	0.116657	0.000688	0.117165
0.000688	0.117165	0.000645	0.115575
0.000645	0.115575	0.000537	0.115658
0.000537	0.115658	0.000530	0.114627
0.000530	0.114627	0.000476	0.114786
0.000476	0.114786	0.000520	0.115391
0.000520	0.115391	0.000527	0.115711
0.000527	0.115711	0.000424	0.116394
0.000424	0.116394	0.000399	0.115852
0.000399	0.115852	0.000406	0.115579
0.000406	0.115579	0.000368	0.115683
0.000368	0.115683	0.000319	0.115670
0.000319	0.115670	0.000256	0.114836
0.000256	0.114836	0.000164	0.114528
0.000164	0.114528	0.000153	0.114230
0.000153	0.114230	0.000118	0.114498
0.000118	0.114498	0.000080	0.113766
0.000080	0.113766	0.000050	0.112575
0.000050	0.112575	0.000028	0.112847
0.000028	0.112847	0.000048	0.111821
0.000048	0.111821	0.000062	0.112460
0.000062	0.112460	0.000052	0.113308
0.000052	0.113308	0.000031	0.113809
0.000031	0.113809	0.000040	0.114063
0.000040	0.114063	0.000031	0.115065
0.000031	0.115065	0.000015	0.114238
0.000015	0.114238	0.000018	0.113717
0.000018	0.113717	0.000012	0.113833
0.000012	0.113833	0.000004	0.112675
0.000004	0.112675	0.000001	0.112319
0.000001	0.112319	0.000000	0.111985
0.000000	0.111985	0.000000	0.112171
0.000000	0.112171	0.000000	0.111558
0.000000	0.111558	0.000000	0.112848
0.000000	0.112848	0.000000	0.111947
0.000000	0.111947	0.000000	0.112620
0.000000	0.112620	0.000000	0.113047
0.000000	0.113047	0.000000	0.113734
0.000000	0.113734	0.000000	0.113567
0.000000	0.113567	0.000000	0.114428
0.000000	0.114428	0.000000	0.114354
0.000000	0.114354	0.000000	0.113969
0.000000	0.113969	0.000000	0.114250
0.000000	0.114250	0.000000	0.114039
0.000000	0.114039	0.000000	0.113537
0.000000	0.113537	0.000000	0.114758
0.000000	0.114758	0.000000	0.114665
0.000000	0.114665	0.000000	0.115689
0.000000	0.115689	0.000000	0.115388
0.000000	0.115388	0.000000	0.115694
0.000000	0.115694	0.000000	0.114622
0.000000	0.114622	0.000000	0.114711
0.000000	0.114711	0.000000	0.114898
0.000000	0.114898	0.000000	0.114892
0.000000	0.114892	0.000000	0.115985
0.000000	0.115985	0.000000	0.116933
0.000000	0.116933	0.000000	0.117913
0.000000	0.117913	0.000000	0.118747
0.000000	0.118747	0.000000	0.119449
0.000000	0.119449	0.000000	0.119555
0.000000	0.119555	0.000000	0.118440
0.000000	0.118440	0.000000	0.118650
0.000000	0.118650	0.000000	0.119915
0.000000	0.119915	0.000000	0.119621
0.000000	0.119621	0.000000	0.119437
0.000000	0.119437	0.000000	0.119464
0.000000	0.119464	0.000000	0.119002
0.000000	0.119002	0.000000	0.118804
0.000000	0.118804	0.000000	0.118405
0.000000	0.118405	0.000000	0.119167
0.000000	0.119167	0.000000	0.118104
0.000000	0.118104	0.000000	0.118770
0.000000	0.118770	0.000000	0.118884
0.000000	0.118884	0.000000	0.119213
0.000000	0.119213	0.000000	0.119563
0.000000	0.119563	0.000000	0.120361
0.000000	0.120361	0.000000	0.120768
0.000000	0.120768	0.000000	0.120436
0.000000	0.120436	0.000000	0.119998
0.000000	0.119998	0.000000	0.120165
0.000000	0.120165	0.000000	0.121080
0.000000	0.121080	0.000000	0.120466
0.000000	0.120466	0.000000	0.120451
0.000000	0.120451	0.000000	0.120085
0.000000	0.120085	0.000000	0.120693
0.000000	0.120693	0.000000	0.120762
0.000000	0.120762	0.000000	0.119384
0.000000	0.119384	0.000000	0.118449
0.000000	0.118449	0.000000	0.118739
0.000000	0.118739	0.000000	0.118379
0.000000	0.118379	0.000000	0.118183
0.000000	0.118183	0.000000	0.118106
0.000000	0.118106	0.000000	0.118359
0.000000	0.118359	0.000000	0.118898
0.000000	0.118898	0.000000	0.118358
0.000000	0.118358	0.000000	0.118677
0.000000	0.118677	0.000000	0.118091
0.000000	0.118091	0.000000	0.117966
0.000000	0.117966	0.000000	0.118578
0.000000	0.118578	0.000000	0.117275
0.000000	0.117275	0.000000	0.117358
0.000000	0.117358	0.000000	0.117070
0.000000	0.117070	0.000000	0.117280
0.000000	0.117280	0.000000	0.117937
0.000000	0.117937	0.000000	0.117968
0.000000	0.117968	0.000000	0.117757
0.000000	0.117757	0.000000	0.117298
0.000000	0.117298	0.000000	0.117577
0.000000	0.117577	0.000000	0.116446
0.000000	0.116446	0.000000	0.115901
0.000000	0.115901	0.000000	0.115696
0.000000	0.115696	0.000000	0.115688
0.000000	0.115688	0.000000	0.116432
0.000000	0.116432	0.000000	0.115830
0.000000	0.115830	0.000000	0.114350
0.000000	0.114350	0.000000	0.113375
0.000000	0.113375	0.000000	0.114104
0.000000	0.114104	0.000000	0.114216
0.000000	0.114216	0.000000	0.114183
0.000000	0.114183	0.000000	0.115198
0.000000	0.115198	0.000000	0.115915
0.000000	0.115915	0.000000	0.115821
0.000000	0.115821	0.000000	0.115441
0.000000	0.115441	0.000000	0.115365
0.000000	0.115365	0.000000	0.114280
0.000000	0.114280	0.000000	0.113747
0.000000	0.113747	0.000000	0.114326
0.000000	0.114326	0.000000	0.113809
0.000000	0.113809	0.000000	0.114396
0.000000	0.114396	0.000000	0.113776
0.000000	0.113776	0.000000	0.112563
0.000000	0.112563	0.000000	0.112796
0.000000	0.112796	0.000000	0.112963
0.000000	0.112963	0.000000	0.113176
0.000000	0.113176	0.000000	0.113366
0.000000	0.113366	0.000000	0.112403
0.000000	0.112403	0.000000	0.111653
0.000000	0.111653	0.000000	0.112349
0.000000	0.112349	0.000000	0.111645
0.000000	0.111645	0.000000	0.111751
0.000000	0.111751	0.000000	0.112298
0.000000	0.112298	0.000000	0.112364
0.000000	0.112364	0.000000	0.110632
0.000000	0.110632	0.000000	0.110408
0.000000	0.110408	0.000000	0.110517
0.000000	0.110517	0.000000	0.110450
0.000000	0.110450	0.000000	0.109725
0.000000	0.109725	0.000000	0.110271
0.299575	0.598722	0.428191	0.604129
0.428191	0.604129	0.425975	0.601602
0.425975	0.601602	0.417100	0.589737
0.417100	0.589737	0.405086	0.572027
0.405086	0.572027	0.391391	0.549885
0.391391	0.549885	0.373749	0.523011
0.373749	0.523011	0.354358	0.493821
0.354358	0.493821	0.330068	0.461378
0.330068	0.461378	0.302744	0.426530
0.302744	0.426530	0.274104	0.391202
0.274104	0.391202	0.243137	0.354176
0.243137	0.354176	0.211781	0.317509
0.211781	0.317509	0.182292	0.282936
0.182292	0.282936	0.154155	0.251092
0.154155	0.251092	0.127250	0.220048
0.127250	0.220048	0.103680	0.193532
0.103680	0.193532	0.082892	0.171148
0.082892	0.171148	0.066156	0.152115
0.066156	0.152115	0.051633	0.135768
0.051633	0.135768	0.040295	0.123277
0.040295	0.123277	0.031450	0.113369
0.031450	0.113369	0.023567	0.103919
0.023567	0.103919	0.017590	0.097128
0.017590	0.097128	0.013242	0.091884
0.013242	0.091884	0.009895	0.088792
0.009895	0.088792	0.007331	0.086825
0.007331	0.086825	0.005500	0.084856
0.005500	0.084856	0.003914	0.083054
0.003914	0.083054	0.002884	0.082282
0.002884	0.082282	0.002532	0.081561
0.002532	0.081561	0.001959	0.080811
0.001959	0.080811	0.001667	0.080324
0.001667	0.080324	0.001350	0.080444
0.001350	0.080444	0.001061	0.080000
0.001061	0.080000	0.000847	0.078972
0.000847	0.078972	0.000691	0.079145
0.000691	0.079145	0.000638	0.079172
0.000638	0.079172	0.000619	0.078807
0.000619	0.078807	0.000523	0.077705
0.000523	0.077705	0.000412	0.076666
0.000412	0.076666	0.000323	0.076620
0.000323	0.076620	0.000281	0.076928
0.000281	0.076928	0.000203	0.076047
0.000203	0.076047	0.000146	0.077510
0.000146	0.077510	0.000085	0.078256
0.000085	0.078256	0.000064	0.077839
0.000064	0.077839	0.000040	0.077765
0.000040	0.077765	0.000017	0.077612
0.000017	0.077612	0.000015	0.076681
0.000015	0.076681	0.000019	0.076963
0.000019	0.076963	0.000016	0.076773
0.000016	0.076773	0.000026	0.077436
0.000026	0.077436	0.000039	0.077655
0.000039	0.077655	0.000033	0.076841
0.000033	0.076841	0.000024	0.076062
0.000024	0.076062	0.000023	0.076148
0.000023	0.076148	0.000041	0.077023
0.000041	0.077023	0.000038	0.076633
0.000038	0.076633	0.000033	0.077126
0.000033	0.077126	0.000010	0.077326
0.000010	0.077326	0.000000	0.076596
0.000000	0.076596	0.000000	0.076339
0.000000	0.076339	0.000000	0.076375
0.000000	0.076375	0.000000	0.075840
0.000000	0.075840	0.000000	0.075987
0.000000	0.075987	0.000000	0.075901
0.000000	0.075901	0.000000	0.074861
0.000000	0.074861	0.000000	0.074379
0.000000	0.074379	0.000000	0.073622
0.000000	0.073622	0.000000	0.073153
0.000000	0.073153	0.000000	0.073193
0.000000	0.073193	0.000000	0.073077
0.000000	0.073077	0.000000	0.073018
0.000000	0.073018	0.000000	0.072399
0.000000	0.072399	0.000000	0.071703
0.000000	0.071703	0.000000	0.071415
0.000000	0.071415	0.000000	0.071806
0.000000	0.071806	0.000000	0.071351
0.000000	0.071351	0.000000	0.071082
0.000000	0.071082	0.000000	0.070342
0.000000	0.070342	0.000000	0.069686
0.000000	0.069686	0.000000	0.069457
0.000000	0.069457	0.000000	0.069283
0.000000	0.069283	0.000000	0.069206
0.000000	0.069206	0.000000	0.069210
0.000000	0.069210	0.000000	0.069687
0.000000	0.069687	0.000000	0.070082
0.000000	0.070082	0.000000	0.069739
0.000000	0.069739	0.000000	0.069758
0.000000	0.069758	0.000000	0.069450
0.000000	0.069450	0.000000	0.068820
0.000000	0.068820	0.000000	0.068657
0.000000	0.068657	0.000000	0.068252
0.000000	0.068252	0.000000	0.067775
0.000000	0.067775	0.000000	0.067733
0.000000	0.067733	0.000000	0.068527
0.000000	0.068527	0.000000	0.067599
0.000000	0.067599	0.000000	0.067904
0.000000	0.067904	0.000000	0.068399
0.000000	0.068399	0.000000	0.067766
0.000000	0.067766	0.000000	0.066860
0.000000	0.066860	0.000000	0.067269
0.000000	0.067269	0.000000	0.068580
0.000000	0.068580	0.000000	0.068879
0.000000	0.068879	0.000000	0.068761
0.000000	0.068761	0.000000	0.068811
0.000000	0.068811	0.000000	0.068440
0.000000	0.068440	0.000000	0.068029
0.000000	0.068029	0.000000	0.068429
0.000000	0.068429	0.000000	0.067639
0.000000	0.067639	0.000000	0.067437
0.000000	0.067437	0.000000	0.066722
0.000000	0.066722	0.000000	0.067098
0.000000	0.067098	0.000000	0.067196
0.000000	0.067196	0.000000	0.067159
0.000000	0.067159	0.000000	0.066781
0.000000	0.066781	0.000000	0.067179
0.000000	0.067179	0.000000	0.067546
0.000000	0.067546	0.000000	0.067000
0.000000	0.067000	0.000000	0.066239
0.000000	0.066239	0.000000	0.066146
0.000000	0.066146	0.000000	0.065983
0.000000	0.065983	0.000000	0.066081
0.000000	0.066081	0.000000	0.065751
0.000000	0.065751	0.000000	0.065215
0.000000	0.065215	0.000000	0.065337
0.000000	0.065337	0.000000	0.065080
0.000000	0.065080	0.000000	0.065440
0.000000	0.065440	0.000000	0.065219
0.000000	0.065219	0.000000	0.064873
0.000000	0.064873	0.000000	0.064460
0.000000	0.064460	0.000000	0.065230
0.000000	0.065230	0.000000	0.064888
0.000000	0.064888	0.000000	0.064751
0.000000	0.064751	0.000000	0.063772
0.000000	0.063772	0.000000	0.063644
0.000000	0.063644	0.000000	0.063537
0.000000	0.063537	0.000000	0.063845
0.000000	0.063845	0.000000	0.063806
0.000000	0.063806	0.000000	0.064479
0.000000	0.064479	0.000000	0.064703
0.000000	0.064703	0.000000	0.064986
0.000000	0.064986	0.000000	0.065252
0.000000	0.065252	0.000000	0.064511
0.000000	0.064511	0.000000	0.064533
0.000000	0.064533	0.000000	0.064276
0.000000	0.064276	0.000000	0.064086
0.000000	0.064086	0.000000	0.063833
0.000000	0.063833	0.000000	0.064067
0.000000	0.064067	0.000000	0.063762
0.000000	0.063762	0.000000	0.063777
0.000000	0.063777	0.000000	0.063898
0.000000	0.063898	0.000000	0.062955
0.000000	0.062955	0.000000	0.063030
0.000000	0.063030	0.000000	0.063459
0.000000	0.063459	0.000000	0.062905
0.000000	0.062905	0.000000	0.062856
0.000000	0.062856	0.000000	0.063353
0.000000	0.063353	0.000000	0.063558
0.000000	0.063558	0.000000	0.063138
0.000000	0.063138	0.000000	0.063487
0.000000	0.063487	0.000000	0.064162
0.000000	0.064162	0.000000	0.063713
0.000000	0.063713	0.000000	0.063784
0.000000	0.063784	0.000000	0.063770
0.000000	0.063770	0.000000	0.064292
0.000000	0.064292	0.000000	0.064104
0.000000	0.064104	0.000000	0.063980
0.000000	0.063980	0.000000	0.063851
0.000000	0.063851	0.000000	0.063034
0.000000	0.063034	0.000000	0.062787
0.000000	0.062787	0.000000	0.063156
0.000000	0.063156	0.000000	0.063773
0.000000	0.063773	0.000000	0.064045
0.000000	0.064045	0.000000	0.064000
0.000000	0.064000	0.000000	0.063663
0.000000	0.063663	0.000000	0.064634
0.000000	0.064634	0.000000	0.065139
0.000000	0.065139	0.000000	0.065188
0.000000	0.065188	0.000000	0.065365
0.000000	0.065365	0.000000	0.065395
0.000000	0.065395	0.000000	0.065593
0.000000	0.065593	0.000000	0.065576
0.000000	0.065576	0.000000	0.066676
0.000000	0.066676	0.000000	0.066419
0.000000	0.066419	0.000000	0.067202
0.000000	0.067202	0.000000	0.067570
0.000000	0.067570	0.000000	0.067694
0.000000	0.067694	0.000000	0.068281
0.000000	0.068281	0.000000	0.068154
0.000000	0.068154	0.000000	0.068535
0.000000	0.068535	0.000000	0.068099
0.000000	0.068099	0.000000	0.068486
0.000000	0.068486	0.000000	0.068809
0.000000	0.068809	0.000000	0.068763
0.000000	0.068763	0.000000	0.069321
0.000000	0.069321	0.000000	0.069743
0.000000	0.069743	0.000000	0.069843
0.000000	0.069843	0.000000	0.069722
0.299519	0.700059	0.485929	0.702873
0.485929	0.702873	0.521417	0.700517
0.521417	0.700517	0.539294	0.691261
0.539294	0.691261	0.547167	0.677893
0.547167	0.677893	0.545363	0.658217
0.545363	0.658217	0.536567	0.635463
0.536567	0.635463	0.519572	0.605098
0.519572	0.605098	0.495785	0.573070
0.495785	0.573070	0.464641	0.535230
0.464641	0.535230	0.429658	0.494162
0.429658	0.494162	0.389521	0.449291
0.389521	0.449291	0.347470	0.404863
0.347470	0.404863	0.306955	0.362231
0.306955	0.362231	0.265204	0.318321
0.265204	0.318321	0.224330	0.276023
0.224330	0.276023	0.186482	0.237326
0.186482	0.237326	0.152241	0.201008
0.152241	0.201008	0.121985	0.169446
0.121985	0.169446	0.095627	0.141780
0.095627	0.141780	0.073870	0.119337
0.073870	0.119337	0.055789	0.100366
0.055789	0.100366	0.040477	0.084489
0.040477	0.084489	0.029098	0.072998
0.029098	0.072998	0.019533	0.063214
0.019533	0.063214	0.013183	0.056973
0.013183	0.056973	0.008822	0.051786
0.008822	0.051786	0.006072	0.049259
0.006072	0.049259	0.003874	0.046922
0.003874	0.046922	0.002574	0.045324
0.002574	0.045324	0.001629	0.044725
0.001629	0.044725	0.001066	0.044321
0.001066	0.044321	0.000722	0.043838
0.000722	0.043838	0.000498	0.043495
0.000498	0.043495	0.000341	0.043772
0.000341	0.043772	0.000251	0.043634
0.000251	0.043634	0.000187	0.043665
0.000187	0.043665	0.000127	0.043859
0.000127	0.043859	0.000098	0.043973
0.000098	0.043973	0.000093	0.044156
0.000093	0.044156	0.000070	0.043795
0.000070	0.043795	0.000042	0.044040
0.000042	0.044040	0.000008	0.043686
0.000008	0.043686	0.000004	0.043825
0.000004	0.043825	0.000000	0.043726
0.000000	0.043726	0.000000	0.044836
0.000000	0.044836	0.000000	0.045684
0.000000	0.045684	0.000000	0.045912
0.000000	0.045912	0.000000	0.046240
0.000000	0.046240	0.000000	0.046484
0.000000	0.046484	0.000000	0.047123
0.000000	0.047123	0.000000	0.047492
0.000000	0.047492	0.000000	0.046721
0.000000	0.046721	0.000000	0.046620
0.000000	0.046620	0.000000	0.046233
0.000000	0.046233	0.000000	0.046655
0.000000	0.046655	0.000000	0.046404
0.000000	0.046404	0.000000	0.046157
0.000000	0.046157	0.000000	0.045800
0.000000	0.045800	0.000000	0.045972
0.000000	0.045972	0.000000	0.045455
0.000000	0.045455	0.000000	0.045618
0.000000	0.045618	0.000000	0.046166
0.000000	0.046166	0.000000	0.046133
0.000000	0.046133	0.000000	0.046445
0.000000	0.046445	0.000000	0.046571
0.000000	0.046571	0.000000	0.045529
0.000000	0.045529	0.000000	0.045871
0.000000	0.045871	0.000000	0.045751
0.000000	0.045751	0.000000	0.045374
0.000000	0.045374	0.000000	0.045394
0.000000	0.045394	0.000000	0.045673
0.000000	0.045673	0.000000	0.045787
0.000000	0.045787	0.000000	0.045246
0.000000	0.045246	0.000000	0.045318
0.000000	0.045318	0.000000	0.045889
0.000000	0.045889	0.000000	0.045747
0.000000	0.045747	0.000000	0.045891
0.000000	0.045891	0.000000	0.046707
0.000000	0.046707	0.000000	0.046447
0.000000	0.046447	0.000000	0.046923
0.000000	0.046923	0.000000	0.047290
0.000000	0.047290	0.000000	0.047127
0.000000	0.047127	0.000000	0.047787
0.000000	0.047787	0.000000	0.047432
0.000000	0.047432	0.000000	0.047607
0.000000	0.047607	0.000000	0.047242
0.000000	0.047242	0.000000	0.047802
0.000000	0.047802	0.000000	0.048492
0.000000	0.048492	0.000000	0.048496
0.000000	0.048496	0.000000	0.048011
0.000000	0.048011	0.000000	0.047941
0.000000	0.047941	0.000000	0.047978
0.000000	0.047978	0.000000	0.047327
0.000000	0.047327	0.000000	0.047078
0.000000	0.047078	0.000000	0.046381
0.000000	0.046381	0.000000	0.046686
0.000000	0.046686	0.000000	0.046203
0.000000	0.046203	0.000000	0.047095
0.000000	0.047095	0.000000	0.046883
0.000000	0.046883	0.000000	0.047040
0.000000	0.047040	0.000000	0.047071
0.000000	0.047071	0.000000	0.047360
0.000000	0.047360	0.000000	0.047258
0.000000	0.047258	0.000000	0.046489
0.000000	0.046489	0.000000	0.046117
0.000000	0.046117	0.000000	0.046506
0.000000	0.046506	0.000000	0.046922
0.000000	0.046922	0.000000	0.046865
0.000000	0.046865	0.000000	0.046847
0.000000	0.046847	0.000000	0.045765
0.000000	0.045765	0.000000	0.046224
0.000000	0.046224	0.000000	0.045522
0.000000	0.045522	0.000000	0.045705
0.000000	0.045705	0.000000	0.045389
0.000000	0.045389	0.000000	0.044638
0.000000	0.044638	0.000000	0.044754
0.000000	0.044754	0.000000	0.045002
0.000000	0.045002	0.000000	0.044593
0.000000	0.044593	0.000000	0.045031
0.000000	0.045031	0.000000	0.045489
0.000000	0.045489	0.000000	0.044460
0.000000	0.044460	0.000000	0.044368
0.000000	0.044368	0.000000	0.043912
0.000000	0.043912	0.000000	0.043242
0.000000	0.043242	0.000000	0.043031
0.000000	0.043031	0.000000	0.043387
0.000000	0.043387	0.000000	0.043721
0.000000	0.043721	0.000000	0.043795
0.000000	0.043795	0.000000	0.043486
0.000000	0.043486	0.000000	0.043532
0.000000	0.043532	0.000000	0.043785
0.000000	0.043785	0.000000	0.044461
0.000000	0.044461	0.000000	0.044529
0.000000	0.044529	0.000000	0.044731
0.000000	0.044731	0.000000	0.044816
0.000000	0.044816	0.000000	0.044646
0.000000	0.044646	0.000000	0.044939
0.000000	0.044939	0.000000	0.045513
0.000000	0.045513	0.000000	0.045167
0.000000	0.045167	0.000000	0.044025
0.000000	0.044025	0.000000	0.044104
0.000000	0.044104	0.000000	0.044422
0.000000	0.044422	0.000000	0.044704
0.000000	0.044704	0.000000	0.045034
0.000000	0.045034	0.000000	0.045539
0.000000	0.045539	0.000000	0.045171
0.000000	0.045171	0.000000	0.044640
0.000000	0.044640	0.000000	0.044284
0.000000	0.044284	0.000000	0.044749
0.000000	0.044749	0.000000	0.044628
0.000000	0.044628	0.000000	0.044495
0.000000	0.044495	0.000000	0.044950
0.000000	0.044950	0.000000	0.044545
0.000000	0.044545	0.000000	0.045288
0.000000	0.045288	0.000000	0.045246
0.000000	0.045246	0.000000	0.045141
0.000000	0.045141	0.000000	0.044924
0.000000	0.044924	0.000000	0.045033
0.000000	0.045033	0.000000	0.045063
0.000000	0.045063	0.000000	0.045009
0.000000	0.045009	0.000000	0.044698
0.000000	0.044698	0.000000	0.045090
0.000000	0.045090	0.000000	0.044575
0.000000	0.044575	0.000000	0.044709
0.000000	0.044709	0.000000	0.044690
0.000000	0.044690	0.000000	0.044684
0.000000	0.044684	0.000000	0.044491
0.000000	0.044491	0.000000	0.043609
0.000000	0.043609	0.000000	0.044172
0.000000	0.044172	0.000000	0.044354
0.000000	0.044354	0.000000	0.044354
0.000000	0.044354	0.000000	0.044694
0.000000	0.044694	0.000000	0.044610
0.000000	0.044610	0.000000	0.044813
0.000000	0.044813	0.000000	0.044735
0.000000	0.044735	0.000000	0.044931
0.000000	0.044931	0.000000	0.045138
0.000000	0.045138	0.000000	0.045118
0.000000	0.045118	0.000000	0.045027
0.000000	0.045027	0.000000	0.044799
0.000000	0.044799	0.000000	0.044837
0.000000	0.044837	0.000000	0.045134
0.000000	0.045134	0.000000	0.045338
0.000000	0.045338	0.000000	0.045533
0.000000	0.045533	0.000000	0.045499
0.000000	0.045499	0.000000	0.045074
0.000000	0.045074	0.000000	0.044485
0.000000	0.044485	0.000000	0.045031
0.000000	0.045031	0.000000	0.044942
0.000000	0.044942	0.000000	0.045394
0.000000	0.045394	0.000000	0.045205
0.000000	0.045205	0.000000	0.045173
0.000000	0.045173	0.000000	0.045866
0.000000	0.045866	0.000000	0.046420
0.000000	0.046420	0.000000	0.045989
0.000000	0.045989	0.000000	0.046694
0.000000	0.046694	0.000000	0.046848
0.000000	0.046848	0.000000	0.046976
0.000000	0.046976	0.000000	0.046128
0.300081	0.800230	0.542885	0.803105
0.542885	0.803105	0.618170	0.802897
0.618170	0.802897	0.665588	0.798736
0.665588	0.798736	0.698998	0.792158
0.698998	0.792158	0.715460	0.780356
0.715460	0.780356	0.720229	0.763877
0.720229	0.763877	0.711812	0.742999
0.711812	0.742999	0.695664	0.717911
0.695664	0.717911	0.673604	0.689977
0.673604	0.689977	0.641138	0.654776
0.641138	0.654776	0.605795	0.617805
0.605795	0.617805	0.565412	0.576152
0.565412	0.576152	0.522492	0.533514
0.522492	0.533514	0.477004	0.488464
0.477004	0.488464	0.430410	0.442118
0.430410	0.442118	0.383111	0.395452
0.383111	0.395452	0.335890	0.348327
0.335890	0.348327	0.292717	0.305686
0.292717	0.305686	0.249410	0.262720
0.249410	0.262720	0.209062	0.222574
0.209062	0.222574	0.173511	0.187413
0.173511	0.187413	0.142891	0.156512
0.142891	0.156512	0.116711	0.130226
0.116711	0.130226	0.094958	0.108631
0.094958	0.108631	0.074620	0.088098
0.074620	0.088098	0.058728	0.072377
0.058728	0.072377	0.045821	0.059777
0.045821	0.059777	0.035282	0.049230
0.035282	0.049230	0.027307	0.041043
0.027307	0.041043	0.021015	0.034459
0.021015	0.034459	0.015992	0.029550
0.015992	0.029550	0.011936	0.025745
0.011936	0.025745	0.008973	0.022950
0.008973	0.022950	0.006463	0.020768
0.006463	0.020768	0.004708	0.019313
0.004708	0.019313	0.003392	0.017809
0.003392	0.017809	0.002456	0.017157
0.002456	0.017157	0.001828	0.016561
0.001828	0.016561	0.001308	0.016098
0.001308	0.016098	0.000897	0.015895
0.000897	0.015895	0.000622	0.015398
0.000622	0.015398	0.000415	0.014910
0.000415	0.014910	0.000295	0.015256
0.000295	0.015256	0.000158	0.015494
0.000158	0.015494	0.000066	0.015616
0.000066	0.015616	0.000028	0.015945
0.000028	0.015945	0.000008	0.016124
0.000008	0.016124	0.000001	0.015744
0.000001	0.015744	0.000000	0.015742
0.000000	0.015742	0.000000	0.015664
0.000000	0.015664	0.000000	0.015756
0.000000	0.015756	0.000000	0.015887
0.000000	0.015887	0.000000	0.015837
0.000000	0.015837	0.000000	0.015990
0.000000	0.015990	0.000000	0.015579
0.000000	0.015579	0.000000	0.015982
0.000000	0.015982	0.000000	0.015917
0.000000	0.015917	0.000000	0.015707
0.000000	0.015707	0.000000	0.015930
0.000000	0.015930	0.000000	0.016032
0.000000	0.016032	0.000000	0.015837
0.000000	0.015837	0.000000	0.016113
0.000000	0.016113	0.000000	0.016082
0.000000	0.016082	0.000000	0.015959
0.000000	0.015959	0.000000	0.015897
0.000000	0.015897	0.000000	0.015694
0.000000	0.015694	0.000000	0.015916
0.000000	0.015916	0.000000	0.015946
0.000000	0.015946	0.000000	0.016104
0.000000	0.016104	0.000000	0.016215
0.000000	0.016215	0.000000	0.016112
0.000000	0.016112	0.000000	0.016014
0.000000	0.016014	0.000000	0.016066
0.000000	0.016066	0.000000	0.016071
0.000000	0.016071	0.000000	0.016026
0.000000	0.016026	0.000000	0.015846
0.000000	0.015846	0.000000	0.015928
0.000000	0.015928	0.000000	0.015983
0.000000	0.015983	0.000000	0.015738
0.000000	0.015738	0.000000	0.015656
0.000000	0.015656	0.000000	0.015599
0.000000	0.015599	0.000000	0.016025
0.000000	0.016025	0.000000	0.016235
0.000000	0.016235	0.000000	0.015995
0.000000	0.015995	0.000000	0.015920
0.000000	0.015920	0.000000	0.015916
0.000000	0.015916	0.000000	0.015389
0.000000	0.015389	0.000000	0.015625
0.000000	0.015625	0.000000	0.016162
0.000000	0.016162	0.000000	0.015832
0.000000	0.015832	0.000000	0.015931
0.000000	0.015931	0.000000	0.015745
0.000000	0.015745	0.000000	0.015562
0.000000	0.015562	0.000000	0.015236
0.000000	0.015236	0.000000	0.015643
0.000000	0.015643	0.000000	0.015754
0.000000	0.015754	0.000000	0.015840
0.000000	0.015840	0.000000	0.015901
0.000000	0.015901	0.000000	0.016194
0.000000	0.016194	0.000000	0.016038
0.000000	0.016038	0.000000	0.015915
0.000000	0.015915	0.000000	0.015879
0.000000	0.015879	0.000000	0.015470
0.000000	0.015470	0.000000	0.015399
0.000000	0.015399	0.000000	0.015569
0.000000	0.015569	0.000000	0.015760
0.000000	0.015760	0.000000	0.015926
0.000000	0.015926	0.000000	0.015804
0.000000	0.015804	0.000000	0.015865
0.000000	0.015865	0.000000	0.015765
0.000000	0.015765	0.000000	0.015540
0.000000	0.015540	0.000000	0.015537
0.000000	0.015537	0.000000	0.015244
0.000000	0.015244	0.000000	0.014945
0.000000	0.014945	0.000000	0.015146
0.000000	0.015146	0.000000	0.015238
0.000000	0.015238	0.000000	0.015583
0.000000	0.015583	0.000000	0.015882
0.000000	0.015882	0.000000	0.015848
0.000000	0.015848	0.000000	0.015726
0.000000	0.015726	0.000000	0.015742
0.000000	0.015742	0.000000	0.015476
0.000000	0.015476	0.000000	0.015566
0.000000	0.015566	0.000000	0.015799
0.000000	0.015799	0.000000	0.015691
0.000000	0.015691	0.000000	0.016111
0.000000	0.016111	0.000000	0.016074
0.000000	0.016074	0.000000	0.016034
0.000000	0.016034	0.000000	0.015709
0.000000	0.015709	0.000000	0.016095
0.000000	0.016095	0.000000	0.016147
0.000000	0.016147	0.000000	0.016063
0.000000	0.016063	0.000000	0.016063
0.000000	0.016063	0.000000	0.015923
0.000000	0.015923	0.000000	0.016015
0.000000	0.016015	0.000000	0.015980
0.000000	0.015980	0.000000	0.016202
0.000000	0.016202	0.000000	0.016378
0.000000	0.016378	0.000000	0.016445
0.000000	0.016445	0.000000	0.016520
0.000000	0.016520	0.000000	0.016085
0.000000	0.016085	0.000000	0.016203
0.000000	0.016203	0.000000	0.016307
0.000000	0.016307	0.000000	0.016261
0.000000	0.016261	0.000000	0.016482
0.000000	0.016482	0.000000	0.016265
0.000000	0.016265	0.000000	0.016004
0.000000	0.016004	0.000000	0.016178
0.000000	0.016178	0.000000	0.015982
0.000000	0.015982	0.000000	0.016470
0.000000	0.016470	0.000000	0.016343
0.000000	0.016343	0.000000	0.016496
0.000000	0.016496	0.000000	0.016516
0.000000	0.016516	0.000000	0.016006
0.000000	0.016006	0.000000	0.015870
0.000000	0.015870	0.000000	0.015776
0.000000	0.015776	0.000000	0.016075
0.000000	0.016075	0.000000	0.016230
0.000000	0.016230	0.000000	0.016112
0.000000	0.016112	0.000000	0.016088
0.000000	0.016088	0.000000	0.015710
0.000000	0.015710	0.000000	0.016137
0.000000	0.016137	0.000000	0.015995
0.000000	0.015995	0.000000	0.015790
0.000000	0.015790	0.000000	0.015782
0.000000	0.015782	0.000000	0.015771
0.000000	0.015771	0.000000	0.015758
0.000000	0.015758	0.000000	0.016084
0.000000	0.016084	0.000000	0.016427
0.000000	0.016427	0.000000	0.016270
0.000000	0.016270	0.000000	0.016280
0.000000	0.016280	0.000000	0.016046
0.000000	0.016046	0.000000	0.016366
0.000000	0.016366	0.000000	0.016252
0.000000	0.016252	0.000000	0.016691
0.000000	0.016691	0.000000	0.016749
0.000000	0.016749	0.000000	0.016855
0.000000	0.016855	0.000000	0.017230
0.000000	0.017230	0.000000	0.017624
0.000000	0.017624	0.000000	0.017630
0.000000	0.017630	0.000000	0.018097
0.000000	0.018097	0.000000	0.017660
0.000000	0.017660	0.000000	0.017670
0.000000	0.017670	0.000000	0.017699
0.000000	0.017699	0.000000	0.017686
0.000000	0.017686	0.000000	0.017788
0.000000	0.017788	0.000000	0.017520
0.000000	0.017520	0.000000	0.018106
0.000000	0.018106	0.000000	0.018202
0.000000	0.018202	0.000000	0.018113
0.000000	0.018113	0.000000	0.018344
0.000000	0.018344	0.000000	0.018648
0.000000	0.018648	0.000000	0.018647
0.000000	0.018647	0.000000	0.018466
0.000000	0.018466	0.000000	0.018693
0.000000	0.018693	0.000000	0.018869
0.000000	0.018869	0.000000	0.019182
0.000000	0.019182	0.000000	0.019466
0.000000	0.019466	0.000000	0.019368
0.299881	0.900242	0.597563	0.902280
0.597563	0.902280	0.707879	0.902000
0.707879	0.902000	0.781803	0.901293
0.781803	0.901293	0.828371	0.896706
0.828371	0.896706	0.856569	0.891466
0.856569	0.891466	0.870937	0.883833
0.870937	0.883833	0.875336	0.874441
0.875336	0.874441	0.871561	0.862733
0.871561	0.862733	0.862922	0.848989
0.862922	0.848989	0.849213	0.833510
0.849213	0.833510	0.832224	0.815098
0.832224	0.815098	0.811181	0.793846
0.811181	0.793846	0.787091	0.769994
0.787091	0.769994	0.759330	0.743397
0.759330	0.743397	0.728491	0.713997
0.728491	0.713997	0.696210	0.682907
0.696210	0.682907	0.661302	0.649530
0.661302	0.649530	0.625063	0.614507
0.625063	0.614507	0.587229	0.578444
0.587229	0.578444	0.549653	0.542550
0.549653	0.542550	0.512648	0.506542
0.512648	0.506542	0.474384	0.469281
0.474384	0.469281	0.437154	0.432932
0.437154	0.432932	0.398330	0.395131
0.398330	0.395131	0.363520	0.361055
0.363520	0.361055	0.330042	0.328390
0.330042	0.328390	0.297454	0.296178
0.297454	0.296178	0.266623	0.265843
0.266623	0.265843	0.237752	0.237188
0.237752	0.237188	0.211380	0.211158
0.211380	0.211158	0.186429	0.186493
0.186429	0.186493	0.162916	0.163327
0.162916	0.163327	0.141575	0.142313
0.141575	0.142313	0.122406	0.123407
0.122406	0.123407	0.105146	0.106206
0.105146	0.106206	0.089260	0.090347
0.089260	0.090347	0.076007	0.077291
0.076007	0.077291	0.064431	0.065631
0.064431	0.065631	0.053471	0.054644
0.053471	0.054644	0.044379	0.045697
0.044379	0.045697	0.036735	0.037989
0.036735	0.037989	0.030192	0.031504
0.030192	0.031504	0.024459	0.025795
0.024459	0.025795	0.019526	0.020971
0.019526	0.020971	0.015701	0.017232
0.015701	0.017232	0.012735	0.014183
0.012735	0.014183	0.009917	0.011237
0.009917	0.011237	0.007802	0.009089
0.007802	0.009089	0.006221	0.007485
0.006221	0.007485	0.004903	0.006167
0.004903	0.006167	0.003836	0.005011
0.003836	0.005011	0.002932	0.004147
0.002932	0.004147	0.002360	0.003632
0.002360	0.003632	0.001762	0.002853
0.001762	0.002853	0.001347	0.002399
0.001347	0.002399	0.000869	0.001865
0.000869	0.001865	0.000661	0.001685
0.000661	0.001685	0.000474	0.001479
0.000474	0.001479	0.000361	0.001342
0.000361	0.001342	0.000266	0.001229
0.000266	0.001229	0.000209	0.001173
0.000209	0.001173	0.000156	0.001049
0.000156	0.001049	0.000090	0.000984
0.000090	0.000984	0.000049	0.000942
0.000049	0.000942	0.000028	0.000902
0.000028	0.000902	0.000008	0.000862
0.000008	0.000862	0.000000	0.000863
0.000000	0.000863	0.000000	0.000793
0.000000	0.000793	0.000000	0.000870
0.000000	0.000870	0.000000	0.000916
0.000000	0.000916	0.000000	0.000925
0.000000	0.000925	0.000000	0.000801
0.000000	0.000801	0.000000	0.000776
0.000000	0.000776	0.000000	0.000751
0.000000	0.000751	0.000000	0.000749
0.000000	0.000749	0.000000	0.000662
0.000000	0.000662	0.000000	0.000632
0.000000	0.000632	0.000000	0.000583
0.000000	0.000583	0.000000	0.000587
0.000000	0.000587	0.000000	0.000592
0.000000	0.000592	0.000000	0.000646
0.000000	0.000646	0.000000	0.000598
0.000000	0.000598	0.000000	0.000588
0.000000	0.000588	0.000000	0.000602
0.000000	0.000602	0.000000	0.000598
0.000000	0.000598	0.000000	0.000599
0.000000	0.000599	0.000000	0.000536
0.000000	0.000536	0.000000	0.000569
0.000000	0.000569	0.000000	0.000656
0.000000	0.000656	0.000000	0.000618
0.000000	0.000618	0.000000	0.000643
0.000000	0.000643	0.000000	0.000620
0.000000	0.000620	0.000000	0.000694
0.000000	0.000694	0.000000	0.000658
0.000000	0.000658	0.000000	0.000698
0.000000	0.000698	0.000000	0.000676
0.000000	0.000676	0.000000	0.000677
0.000000	0.000677	0.000000	0.000667
0.000000	0.000667	0.000000	0.000540
0.000000	0.000540	0.000000	0.000476
0.000000	0.000476	0.000000	0.000505
0.000000	0.000505	0.000000	0.000541
0.000000	0.000541	0.000000	0.000516
0.000000	0.000516	0.000000	0.000510
0.000000	0.000510	0.000000	0.000597
0.000000	0.000597	0.000000	0.000486
0.000000	0.000486	0.000000	0.000507
0.000000	0.000507	0.000000	0.000494
0.000000	0.000494	0.000000	0.000466
0.000000	0.000466	0.000000	0.000433
0.000000	0.000433	0.000000	0.000404
0.000000	0.000404	0.000000	0.000431
0.000000	0.000431	0.000000	0.000529
0.000000	0.000529	0.000000	0.000527
0.000000	0.000527	0.000000	0.000466
0.000000	0.000466	0.000000	0.000474
0.000000	0.000474	0.000000	0.000561
0.000000	0.000561	0.000000	0.000577
0.000000	0.000577	0.000000	0.000619
0.000000	0.000619	0.000000	0.000611
0.000000	0.000611	0.000000	0.000611
0.000000	0.000611	0.000000	0.000584
0.000000	0.000584	0.000000	0.000658
0.000000	0.000658	0.000000	0.000616
0.000000	0.000616	0.000000	0.000598
0.000000	0.000598	0.000000	0.000595
0.000000	0.000595	0.000000	0.000567
0.000000	0.000567	0.000000	0.000536
0.000000	0.000536	0.000000	0.000549
0.000000	0.000549	0.000000	0.000594
0.000000	0.000594	0.000000	0.000571
0.000000	0.000571	0.000000	0.000635
0.000000	0.000635	0.000000	0.000671
0.000000	0.000671	0.000000	0.000604
0.000000	0.000604	0.000000	0.000595
0.000000	0.000595	0.000000	0.000588
0.000000	0.000588	0.000000	0.000647
0.000000	0.000647	0.000000	0.000644
0.000000	0.000644	0.000000	0.000595
0.000000	0.000595	0.000000	0.000645
0.000000	0.000645	0.000000	0.000595
0.000000	0.000595	0.000000	0.000566
0.000000	0.000566	0.000000	0.000560
0.000000	0.000560	0.000000	0.000536
0.000000	0.000536	0.000000	0.000511
0.000000	0.000511	0.000000	0.000495
0.000000	0.000495	0.000000	0.000536
0.000000	0.000536	0.000000	0.000559
0.000000	0.000559	0.000000	0.000538
0.000000	0.000538	0.000000	0.000579
0.000000	0.000579	0.000000	0.000569
0.000000	0.000569	0.000000	0.000526
0.000000	0.000526	0.000000	0.000601
0.000000	0.000601	0.000000	0.000608
0.000000	0.000608	0.000000	0.000551
0.000000	0.000551	0.000000	0.000545
0.000000	0.000545	0.000000	0.000526
0.000000	0.000526	0.000000	0.000528
0.000000	0.000528	0.000000	0.000507
0.000000	0.000507	0.000000	0.000561
0.000000	0.000561	0.000000	0.000648
0.000000	0.000648	0.000000	0.000687
0.000000	0.000687	0.000000	0.000664
0.000000	0.000664	0.000000	0.000621
0.000000	0.000621	0.000000	0.000670
0.000000	0.000670	0.000000	0.000703
0.000000	0.000703	0.000000	0.000683
0.000000	0.000683	0.000000	0.000671
0.000000	0.000671	0.000000	0.000719
0.000000	0.000719	0.000000	0.000706
0.000000	0.000706	0.000000	0.000767
0.000000	0.000767	0.000000	0.000815
0.000000	0.000815	0.000000	0.000819
0.000000	0.000819	0.000000	0.000781
0.000000	0.000781	0.000000	0.000740
0.000000	0.000740	0.000000	0.000733
0.000000	0.000733	0.000000	0.000717
0.000000	0.000717	0.000000	0.000711
0.000000	0.000711	0.000000	0.000744
0.000000	0.000744	0.000000	0.000757
0.000000	0.000757	0.000000	0.000798
0.000000	0.000798	0.000000	0.000725
0.000000	0.000725	0.000000	0.000711
0.000000	0.000711	0.000000	0.000660
0.000000	0.000660	0.000000	0.000521
0.000000	0.000521	0.000000	0.000612
0.000000	0.000612	0.000000	0.000607
0.000000	0.000607	0.000000	0.000630
0.000000	0.000630	0.000000	0.000674
0.000000	0.000674	0.000000	0.000698
0.000000	0.000698	0.000000	0.000670
0.000000	0.000670	0.000000	0.000750
0.000000	0.000750	0.000000	0.000792
0.000000	0.000792	0.000000	0.000769
0.000000	0.000769	0.000000	0.000836
0.000000	0.000836	0.000000	0.000825
0.000000	0.000825	0.000000	0.000902
0.000000	0.000902	0.000000	0.000907
0.000000	0.000907	0.000000	0.000922
