0	0.299422	0.100076	0.100000
10	0.229379	0.100466	0.100000
20	0.193753	0.109930	0.100000
30	0.187618	0.129289	0.100000
40	0.204295	0.161503	0.100000
50	0.238640	0.205356	0.100000
60	0.287188	0.258617	0.100000
70	0.347498	0.321670	0.100000
80	0.412506	0.387655	0.100000
90	0.479840	0.455504	0.100000
100	0.546717	0.522867	0.100000
110	0.612818	0.588900	0.100000
120	0.672761	0.648560	0.100000
130	0.726931	0.702664	0.100000
140	0.775809	0.751730	0.100000
150	0.818390	0.794135	0.100000
160	0.854569	0.830256	0.100000
170	0.884852	0.860809	0.100000
180	0.909387	0.885415	0.100000
190	0.930217	0.906487	0.100000
200	0.946352	0.922628	0.100000
210	0.959649	0.935693	0.100000
220	0.969686	0.945754	0.100000
230	0.977659	0.953795	0.100000
240	0.983576	0.959218	0.100000
250	0.988169	0.963817	0.100000
260	0.991828	0.967656	0.100000
270	0.994431	0.970127	0.100000
280	0.996226	0.971818	0.100000
290	0.997438	0.973168	0.100000
300	0.998367	0.974677	0.100000
310	0.998949	0.975041	0.100000
320	0.999381	0.975766	0.100000
330	0.999633	0.976132	0.100000
340	0.999778	0.976255	0.100000
350	0.999898	0.976392	0.100000
360	0.999965	0.976401	0.100000
370	0.999992	0.976195	0.100000
380	1.000000	0.976501	0.100000
390	1.000000	0.976915	0.100000
400	1.000000	0.977007	0.100000
410	1.000000	0.976900	0.100000
420	1.000000	0.976755	0.100000
430	1.000000	0.976623	0.100000
440	1.000000	0.976756	0.100000
450	1.000000	0.977112	0.100000
460	1.000000	0.977381	0.100000
470	1.000000	0.977065	0.100000
480	1.000000	0.977151	0.100000
490	1.000000	0.977164	0.100000
500	1.000000	0.977304	0.100000
510	1.000000	0.977615	0.100000
520	1.000000	0.977567	0.100000
530	1.000000	0.977768	0.100000
540	1.000000	0.977837	0.100000
550	1.000000	0.977937	0.100000
560	1.000000	0.977779	0.100000
570	1.000000	0.978168	0.100000
580	1.000000	0.978228	0.100000
590	1.000000	0.977780	0.100000
600	1.000000	0.978179	0.100000
610	1.000000	0.978360	0.100000
620	1.000000	0.978087	0.100000
630	1.000000	0.978147	0.100000
640	1.000000	0.978175	0.100000
650	1.000000	0.977865	0.100000
660	1.000000	0.977432	0.100000
670	1.000000	0.977759	0.100000
680	1.000000	0.978088	0.100000
690	1.000000	0.978196	0.100000
700	1.000000	0.978282	0.100000
710	1.000000	0.978234	0.100000
720	1.000000	0.977964	0.100000
730	1.000000	0.978108	0.100000
740	1.000000	0.978270	0.100000
750	1.000000	0.978257	0.100000
760	1.000000	0.977973	0.100000
770	1.000000	0.978268	0.100000
780	1.000000	0.978215	0.100000
790	1.000000	0.978298	0.100000
800	1.000000	0.978164	0.100000
810	1.000000	0.977554	0.100000
820	1.000000	0.977410	0.100000
830	1.000000	0.977449	0.100000
840	1.000000	0.977156	0.100000
850	1.000000	0.976943	0.100000
860	1.000000	0.977269	0.100000
870	1.000000	0.977342	0.100000
880	1.000000	0.977547	0.100000
890	1.000000	0.977618	0.100000
900	1.000000	0.977774	0.100000
910	1.000000	0.977784	0.100000
920	1.000000	0.977534	0.100000
930	1.000000	0.976904	0.100000
940	1.000000	0.976587	0.100000
950	1.000000	0.975839	0.100000
960	1.000000	0.975970	0.100000
970	1.000000	0.976404	0.100000
980	1.000000	0.975847	0.100000
990	1.000000	0.975852	0.100000
1000	1.000000	0.975600	0.100000
1010	1.000000	0.975797	0.100000
1020	1.000000	0.975984	0.100000
1030	1.000000	0.975911	0.100000
1040	1.000000	0.976267	0.100000
1050	1.000000	0.976482	0.100000
1060	1.000000	0.976252	0.100000
1070	1.000000	0.976215	0.100000
1080	1.000000	0.975867	0.100000
1090	1.000000	0.975615	0.100000
1100	1.000000	0.975621	0.100000
1110	1.000000	0.975611	0.100000
1120	1.000000	0.975689	0.100000
1130	1.000000	0.975178	0.100000
1140	1.000000	0.975081	0.100000
1150	1.000000	0.975188	0.100000
1160	1.000000	0.975172	0.100000
1170	1.000000	0.975366	0.100000
1180	1.000000	0.975734	0.100000
1190	1.000000	0.975655	0.100000
1200	1.000000	0.976457	0.100000
1210	1.000000	0.976106	0.100000
1220	1.000000	0.976122	0.100000
1230	1.000000	0.975575	0.100000
1240	1.000000	0.975750	0.100000
1250	1.000000	0.975154	0.100000
1260	1.000000	0.975103	0.100000
1270	1.000000	0.974659	0.100000
1280	1.000000	0.974715	0.100000
1290	1.000000	0.974823	0.100000
1300	1.000000	0.975544	0.100000
1310	1.000000	0.975707	0.100000
1320	1.000000	0.975554	0.100000
1330	1.000000	0.975541	0.100000
1340	1.000000	0.976140	0.100000
1350	1.000000	0.975774	0.100000
1360	1.000000	0.975888	0.100000
1370	1.000000	0.975851	0.100000
1380	1.000000	0.975370	0.100000
1390	1.000000	0.974960	0.100000
1400	1.000000	0.975358	0.100000
1410	1.000000	0.975879	0.100000
1420	1.000000	0.976030	0.100000
1430	1.000000	0.975908	0.100000
1440	1.000000	0.975941	0.100000
1450	1.000000	0.975528	0.100000
1460	1.000000	0.975701	0.100000
1470	1.000000	0.975672	0.100000
1480	1.000000	0.974972	0.100000
1490	1.000000	0.975421	0.100000
1500	1.000000	0.975266	0.100000
1510	1.000000	0.975143	0.100000
1520	1.000000	0.975836	0.100000
1530	1.000000	0.975749	0.100000
1540	1.000000	0.975858	0.100000
1550	1.000000	0.975546	0.100000
1560	1.000000	0.975853	0.100000
1570	1.000000	0.975747	0.100000
1580	1.000000	0.975705	0.100000
1590	1.000000	0.976083	0.100000
1600	1.000000	0.975812	0.100000
1610	1.000000	0.975641	0.100000
1620	1.000000	0.975274	0.100000
1630	1.000000	0.975250	0.100000
1640	1.000000	0.975867	0.100000
1650	1.000000	0.976149	0.100000
1660	1.000000	0.976542	0.100000
1670	1.000000	0.976948	0.100000
1680	1.000000	0.976741	0.100000
1690	1.000000	0.977377	0.100000
1700	1.000000	0.977046	0.100000
1710	1.000000	0.977242	0.100000
1720	1.000000	0.977248	0.100000
1730	1.000000	0.976860	0.100000
1740	1.000000	0.977206	0.100000
1750	1.000000	0.977205	0.100000
1760	1.000000	0.977255	0.100000
1770	1.000000	0.977576	0.100000
1780	1.000000	0.977283	0.100000
1790	1.000000	0.977694	0.100000
1800	1.000000	0.977180	0.100000
1810	1.000000	0.977311	0.100000
1820	1.000000	0.977331	0.100000
1830	1.000000	0.977276	0.100000
1840	1.000000	0.977629	0.100000
1850	1.000000	0.977898	0.100000
1860	1.000000	0.977568	0.100000
1870	1.000000	0.977470	0.100000
1880	1.000000	0.976738	0.100000
1890	1.000000	0.976190	0.100000
1900	1.000000	0.976206	0.100000
1910	1.000000	0.976650	0.100000
1920	1.000000	0.976592	0.100000
1930	1.000000	0.976838	0.100000
1940	1.000000	0.976694	0.100000
1950	1.000000	0.976176	0.100000
1960	1.000000	0.976162	0.100000
1970	1.000000	0.976692	0.100000
1980	1.000000	0.976143	0.100000
1990	1.000000	0.976437	0.100000
0	0.299988	0.200016	0.200000
10	0.322596	0.203346	0.200000
20	0.348305	0.224798	0.200000
30	0.383984	0.265540	0.200000
40	0.431340	0.320821	0.200000
50	0.488203	0.386243	0.200000
60	0.553752	0.460247	0.200000
70	0.621996	0.533945	0.200000
80	0.689233	0.606616	0.200000
90	0.751769	0.672019	0.200000
100	0.806822	0.729788	0.200000
110	0.854446	0.778570	0.200000
120	0.892969	0.817450	0.200000
130	0.923192	0.847381	0.200000
140	0.946439	0.871122	0.200000
150	0.963352	0.888223	0.200000
160	0.975890	0.901703	0.200000
170	0.984817	0.910455	0.200000
180	0.990489	0.916428	0.200000
190	0.994113	0.920030	0.200000
200	0.996539	0.922676	0.200000
210	0.997894	0.924651	0.200000
220	0.998831	0.926231	0.200000
230	0.999324	0.926768	0.200000
240	0.999563	0.926502	0.200000
250	0.999693	0.926853	0.200000
260	0.999786	0.925983	0.200000
270	0.999849	0.925965	0.200000
280	0.999889	0.926110	0.200000
290	0.999961	0.925955	0.200000
300	0.999990	0.926243	0.200000
310	1.000000	0.926826	0.200000
320	1.000000	0.926801	0.200000
330	1.000000	0.926116	0.200000
340	1.000000	0.925989	0.200000
350	1.000000	0.926916	0.200000
360	1.000000	0.926362	0.200000
370	1.000000	0.926376	0.200000
380	1.000000	0.926846	0.200000
390	1.000000	0.926559	0.200000
400	1.000000	0.926768	0.200000
410	1.000000	0.926766	0.200000
420	1.000000	0.926746	0.200000
430	1.000000	0.926292	0.200000
440	1.000000	0.925863	0.200000
450	1.000000	0.925293	0.200000
460	1.000000	0.925257	0.200000
470	1.000000	0.925948	0.200000
480	1.000000	0.925740	0.200000
490	1.000000	0.925439	0.200000
500	1.000000	0.926275	0.200000
510	1.000000	0.926433	0.200000
520	1.000000	0.926544	0.200000
530	1.000000	0.926647	0.200000
540	1.000000	0.926316	0.200000
550	1.000000	0.926215	0.200000
560	1.000000	0.926916	0.200000
570	1.000000	0.927170	0.200000
580	1.000000	0.926948	0.200000
590	1.000000	0.927835	0.200000
600	1.000000	0.928052	0.200000
610	1.000000	0.927674	0.200000
620	1.000000	0.926990	0.200000
630	1.000000	0.926953	0.200000
640	1.000000	0.927246	0.200000
650	1.000000	0.927369	0.200000
660	1.000000	0.928034	0.200000
670	1.000000	0.927562	0.200000
680	1.000000	0.927218	0.200000
690	1.000000	0.927415	0.200000
700	1.000000	0.927160	0.200000
710	1.000000	0.927568	0.200000
720	1.000000	0.926819	0.200000
730	1.000000	0.927754	0.200000
740	1.000000	0.927372	0.200000
750	1.000000	0.927455	0.200000
760	1.000000	0.927451	0.200000
770	1.000000	0.927093	0.200000
780	1.000000	0.927505	0.200000
790	1.000000	0.927416	0.200000
800	1.000000	0.927720	0.200000
810	1.000000	0.927475	0.200000
820	1.000000	0.926417	0.200000
830	1.000000	0.925991	0.200000
840	1.000000	0.927498	0.200000
850	1.000000	0.927962	0.200000
860	1.000000	0.927290	0.200000
870	1.000000	0.927225	0.200000
880	1.000000	0.926958	0.200000
890	1.000000	0.926643	0.200000
900	1.000000	0.927349	0.200000
910	1.000000	0.927815	0.200000
920	1.000000	0.928511	0.200000
930	1.000000	0.928586	0.200000
940	1.000000	0.928870	0.200000
950	1.000000	0.928591	0.200000
960	1.000000	0.928763	0.200000
970	1.000000	0.928949	0.200000
980	1.000000	0.929195	0.200000
990	1.000000	0.928602	0.200000
1000	1.000000	0.929015	0.200000
1010	1.000000	0.928387	0.200000
1020	1.000000	0.929688	0.200000
1030	1.000000	0.929220	0.200000
1040	1.000000	0.929344	0.200000
1050	1.000000	0.929815	0.200000
1060	1.000000	0.929825	0.200000
1070	1.000000	0.930102	0.200000
1080	1.000000	0.930529	0.200000
1090	1.000000	0.930537	0.200000
1100	1.000000	0.931110	0.200000
1110	1.000000	0.931270	0.200000
1120	1.000000	0.930803	0.200000
1130	1.000000	0.931284	0.200000
1140	1.000000	0.930675	0.200000
1150	1.000000	0.930744	0.200000
1160	1.000000	0.930577	0.200000
1170	1.000000	0.931031	0.200000
1180	1.000000	0.931110	0.200000
1190	1.000000	0.930497	0.200000
1200	1.000000	0.930957	0.200000
1210	1.000000	0.930611	0.200000
1220	1.000000	0.931384	0.200000
1230	1.000000	0.931741	0.200000
1240	1.000000	0.931612	0.200000
1250	1.000000	0.930694	0.200000
1260	1.000000	0.930489	0.200000
1270	1.000000	0.930247	0.200000
1280	1.000000	0.930233	0.200000
1290	1.000000	0.930076	0.200000
1300	1.000000	0.929679	0.200000
1310	1.000000	0.929921	0.200000
1320	1.000000	0.929944	0.200000
1330	1.000000	0.929847	0.200000
1340	1.000000	0.929789	0.200000
1350	1.000000	0.930245	0.200000
1360	1.000000	0.930957	0.200000
1370	1.000000	0.931672	0.200000
1380	1.000000	0.931116	0.200000
1390	1.000000	0.930555	0.200000
1400	1.000000	0.931434	0.200000
1410	1.000000	0.931990	0.200000
1420	1.000000	0.932334	0.200000
1430	1.000000	0.931629	0.200000
1440	1.000000	0.931101	0.200000
1450	1.000000	0.930800	0.200000
1460	1.000000	0.930713	0.200000
1470	1.000000	0.931244	0.200000
1480	1.000000	0.931221	0.200000
1490	1.000000	0.931482	0.200000
1500	1.000000	0.931504	0.200000
1510	1.000000	0.931151	0.200000
1520	1.000000	0.931566	0.200000
1530	1.000000	0.931013	0.200000
1540	1.000000	0.931149	0.200000
1550	1.000000	0.930508	0.200000
1560	1.000000	0.929870	0.200000
1570	1.000000	0.929668	0.200000
1580	1.000000	0.928994	0.200000
1590	1.000000	0.928610	0.200000
1600	1.000000	0.929673	0.200000
1610	1.000000	0.930192	0.200000
1620	1.000000	0.929902	0.200000
1630	1.000000	0.929189	0.200000
1640	1.000000	0.928795	0.200000
1650	1.000000	0.929220	0.200000
1660	1.000000	0.929424	0.200000
1670	1.000000	0.929528	0.200000
1680	1.000000	0.929628	0.200000
1690	1.000000	0.929865	0.200000
1700	1.000000	0.931185	0.200000
1710	1.000000	0.930926	0.200000
1720	1.000000	0.930853	0.200000
1730	1.000000	0.930690	0.200000
1740	1.000000	0.931487	0.200000
1750	1.000000	0.930617	0.200000
1760	1.000000	0.930008	0.200000
1770	1.000000	0.930408	0.200000
1780	1.000000	0.929511	0.200000
1790	1.000000	0.928863	0.200000
1800	1.000000	0.929329	0.200000
1810	1.000000	0.929092	0.200000
1820	1.000000	0.928779	0.200000
1830	1.000000	0.928518	0.200000
1840	1.000000	0.927991	0.200000
1850	1.000000	0.928290	0.200000
1860	1.000000	0.927996	0.200000
1870	1.000000	0.927586	0.200000
1880	1.000000	0.927252	0.200000
1890	1.000000	0.927520	0.200000
1900	1.000000	0.927036	0.200000
1910	1.000000	0.926158	0.200000
1920	1.000000	0.926137	0.200000
1930	1.000000	0.926187	0.200000
1940	1.000000	0.926541	0.200000
1950	1.000000	0.926969	0.200000
1960	1.000000	0.926978	0.200000
1970	1.000000	0.926855	0.200000
1980	1.000000	0.926755	0.200000
1990	1.000000	0.926856	0.200000
0	0.298593	0.300594	0.300000
10	0.426403	0.307286	0.300000
20	0.514318	0.341267	0.300000
30	0.581775	0.390965	0.300000
40	0.637398	0.450329	0.300000
50	0.691381	0.513126	0.300000
60	0.741355	0.573490	0.300000
70	0.788047	0.628942	0.300000
80	0.828984	0.677416	0.300000
90	0.867520	0.720193	0.300000
100	0.899817	0.756408	0.300000
110	0.925823	0.784423	0.300000
120	0.946122	0.806612	0.300000
130	0.961981	0.823558	0.300000
140	0.974053	0.836565	0.300000
150	0.983034	0.845187	0.300000
160	0.988755	0.851607	0.300000
170	0.992648	0.855769	0.300000
180	0.995091	0.857515	0.300000
190	0.996862	0.858970	0.300000
200	0.997984	0.860839	0.300000
210	0.998680	0.861506	0.300000
220	0.999145	0.861956	0.300000
230	0.999410	0.861132	0.300000
240	0.999707	0.860660	0.300000
250	0.999829	0.860225	0.300000
260	0.999898	0.860094	0.300000
270	0.999970	0.861536	0.300000
280	0.999963	0.861328	0.300000
290	0.999979	0.862418	0.300000
300	0.999984	0.861899	0.300000
310	0.999991	0.862432	0.300000
320	0.999995	0.862707	0.300000
330	1.000000	0.862044	0.300000
340	1.000000	0.861868	0.300000
350	1.000000	0.861894	0.300000
360	1.000000	0.862711	0.300000
370	1.000000	0.862070	0.300000
380	1.000000	0.862556	0.300000
390	1.000000	0.861557	0.300000
400	1.000000	0.860501	0.300000
410	1.000000	0.859715	0.300000
420	1.000000	0.859606	0.300000
430	1.000000	0.860232	0.300000
440	1.000000	0.860248	0.300000
450	1.000000	0.860766	0.300000
460	1.000000	0.860897	0.300000
470	1.000000	0.859892	0.300000
480	1.000000	0.859609	0.300000
490	1.000000	0.858968	0.300000
500	1.000000	0.859160	0.300000
510	1.000000	0.860813	0.300000
520	1.000000	0.860597	0.300000
530	1.000000	0.860609	0.300000
540	1.000000	0.860286	0.300000
550	1.000000	0.859872	0.300000
560	1.000000	0.860933	0.300000
570	1.000000	0.861464	0.300000
580	1.000000	0.861034	0.300000
590	1.000000	0.862175	0.300000
600	1.000000	0.862615	0.300000
610	1.000000	0.862663	0.300000
620	1.000000	0.862424	0.300000
630	1.000000	0.863368	0.300000
640	1.000000	0.864014	0.300000
650	1.000000	0.863655	0.300000
660	1.000000	0.863616	0.300000
670	1.000000	0.864235	0.300000
680	1.000000	0.863828	0.300000
690	1.000000	0.864033	0.300000
700	1.000000	0.862996	0.300000
710	1.000000	0.863949	0.300000
720	1.000000	0.863462	0.300000
730	1.000000	0.863594	0.300000
740	1.000000	0.863553	0.300000
750	1.000000	0.862926	0.300000
760	1.000000	0.862455	0.300000
770	1.000000	0.862176	0.300000
780	1.000000	0.861633	0.300000
790	1.000000	0.861172	0.300000
800	1.000000	0.861310	0.300000
810	1.000000	0.862012	0.300000
820	1.000000	0.862513	0.300000
830	1.000000	0.862341	0.300000
840	1.000000	0.861825	0.300000
850	1.000000	0.861466	0.300000
860	1.000000	0.862340	0.300000
870	1.000000	0.861643	0.300000
880	1.000000	0.861657	0.300000
890	1.000000	0.861100	0.300000
900	1.000000	0.860106	0.300000
910	1.000000	0.861067	0.300000
920	1.000000	0.860959	0.300000
930	1.000000	0.860310	0.300000
940	1.000000	0.860409	0.300000
950	1.000000	0.860227	0.300000
960	1.000000	0.860706	0.300000
970	1.000000	0.860491	0.300000
980	1.000000	0.859518	0.300000
990	1.000000	0.859380	0.300000
1000	1.000000	0.858947	0.300000
1010	1.000000	0.858839	0.300000
1020	1.000000	0.858988	0.300000
1030	1.000000	0.858851	0.300000
1040	1.000000	0.858129	0.300000
1050	1.000000	0.858464	0.300000
1060	1.000000	0.858090	0.300000
1070	1.000000	0.856842	0.300000
1080	1.000000	0.858240	0.300000
1090	1.000000	0.857535	0.300000
1100	1.000000	0.857463	0.300000
1110	1.000000	0.856383	0.300000
1120	1.000000	0.856465	0.300000
1130	1.000000	0.857623	0.300000
1140	1.000000	0.858135	0.300000
1150	1.000000	0.857774	0.300000
1160	1.000000	0.857721	0.300000
1170	1.000000	0.857252	0.300000
1180	1.000000	0.857423	0.300000
1190	1.000000	0.856947	0.300000
1200	1.000000	0.856528	0.300000
1210	1.000000	0.856523	0.300000
1220	1.000000	0.857077	0.300000
1230	1.000000	0.856542	0.300000
1240	1.000000	0.854533	0.300000
1250	1.000000	0.855127	0.300000
1260	1.000000	0.854155	0.300000
1270	1.000000	0.855056	0.300000
1280	1.000000	0.856076	0.300000
1290	1.000000	0.856134	0.300000
1300	1.000000	0.856702	0.300000
1310	1.000000	0.857144	0.300000
1320	1.000000	0.857589	0.300000
1330	1.000000	0.857281	0.300000
1340	1.000000	0.858407	0.300000
1350	1.000000	0.858597	0.300000
1360	1.000000	0.858758	0.300000
1370	1.000000	0.858360	0.300000
1380	1.000000	0.858495	0.300000
1390	1.000000	0.857689	0.300000
1400	1.000000	0.857363	0.300000
1410	1.000000	0.858599	0.300000
1420	1.000000	0.858857	0.300000
1430	1.000000	0.859488	0.300000
1440	1.000000	0.859586	0.300000
1450	1.000000	0.859809	0.300000
1460	1.000000	0.860724	0.300000
1470	1.000000	0.861843	0.300000
1480	1.000000	0.861482	0.300000
1490	1.000000	0.861327	0.300000
1500	1.000000	0.861360	0.300000
1510	1.000000	0.862286	0.300000
1520	1.000000	0.862044	0.300000
1530	1.000000	0.862489	0.300000
1540	1.000000	0.861909	0.300000
1550	1.000000	0.862074	0.300000
1560	1.000000	0.862942	0.300000
1570	1.000000	0.862221	0.300000
1580	1.000000	0.862477	0.300000
1590	1.000000	0.861619	0.300000
1600	1.000000	0.863171	0.300000
1610	1.000000	0.863423	0.300000
1620	1.000000	0.863944	0.300000
1630	1.000000	0.864271	0.300000
1640	1.000000	0.864252	0.300000
1650	1.000000	0.864527	0.300000
1660	1.000000	0.863324	0.300000
1670	1.000000	0.863235	0.300000
1680	1.000000	0.863778	0.300000
1690	1.000000	0.862918	0.300000
1700	1.000000	0.863914	0.300000
1710	1.000000	0.864151	0.300000
1720	1.000000	0.864685	0.300000
1730	1.000000	0.865208	0.300000
1740	1.000000	0.865134	0.300000
1750	1.000000	0.865274	0.300000
1760	1.000000	0.865556	0.300000
1770	1.000000	0.866611	0.300000
1780	1.000000	0.866685	0.300000
1790	1.000000	0.865531	0.300000
1800	1.000000	0.865681	0.300000
1810	1.000000	0.864139	0.300000
1820	1.000000	0.863194	0.300000
1830	1.000000	0.863467	0.300000
1840	1.000000	0.863500	0.300000
1850	1.000000	0.863715	0.300000
1860	1.000000	0.863152	0.300000
1870	1.000000	0.863568	0.300000
1880	1.000000	0.864024	0.300000
1890	1.000000	0.864352	0.300000
1900	1.000000	0.864764	0.300000
1910	1.000000	0.865774	0.300000
1920	1.000000	0.866248	0.300000
1930	1.000000	0.866706	0.300000
1940	1.000000	0.865833	0.300000
1950	1.000000	0.866806	0.300000
1960	1.000000	0.866307	0.300000
1970	1.000000	0.866289	0.300000
1980	1.000000	0.866035	0.300000
1990	1.000000	0.866105	0.300000
0	0.301103	0.400397	0.400000
10	0.526859	0.412897	0.400000
20	0.663555	0.454455	0.400000
30	0.738129	0.501220	0.400000
40	0.785814	0.549202	0.400000
50	0.820827	0.594111	0.400000
60	0.851408	0.635648	0.400000
70	0.879110	0.672095	0.400000
80	0.902538	0.702761	0.400000
90	0.923255	0.728806	0.400000
100	0.940541	0.747824	0.400000
110	0.954470	0.764549	0.400000
120	0.965005	0.778175	0.400000
130	0.973218	0.786853	0.400000
140	0.979527	0.795620	0.400000
150	0.984139	0.801477	0.400000
160	0.987992	0.805858	0.400000
170	0.990928	0.810827	0.400000
180	0.993128	0.812945	0.400000
190	0.994804	0.815622	0.400000
200	0.996141	0.818263	0.400000
210	0.996924	0.819462	0.400000
220	0.997695	0.820821	0.400000
230	0.998324	0.822251	0.400000
240	0.998663	0.822720	0.400000
250	0.998904	0.823785	0.400000
260	0.999089	0.824197	0.400000
270	0.999154	0.823799	0.400000
280	0.999265	0.824721	0.400000
290	0.999239	0.823910	0.400000
300	0.999512	0.825233	0.400000
310	0.999605	0.826103	0.400000
320	0.999687	0.826643	0.400000
330	0.999772	0.826189	0.400000
340	0.999821	0.825218	0.400000
350	0.999882	0.824365	0.400000
360	0.999933	0.823974	0.400000
370	0.999951	0.825281	0.400000
380	0.999978	0.824400	0.400000
390	0.999975	0.823829	0.400000
400	0.999982	0.823476	0.400000
410	0.999987	0.824093	0.400000
420	0.999998	0.823482	0.400000
430	1.000000	0.822477	0.400000
440	1.000000	0.822609	0.400000
450	1.000000	0.821119	0.400000
460	1.000000	0.821814	0.400000
470	1.000000	0.822064	0.400000
480	1.000000	0.822701	0.400000
490	1.000000	0.822299	0.400000
500	1.000000	0.821303	0.400000
510	1.000000	0.822432	0.400000
520	1.000000	0.823039	0.400000
530	1.000000	0.822705	0.400000
540	1.000000	0.823375	0.400000
550	1.000000	0.822600	0.400000
560	1.000000	0.822249	0.400000
570	1.000000	0.822016	0.400000
580	1.000000	0.821232	0.400000
590	1.000000	0.821221	0.400000
600	1.000000	0.821607	0.400000
610	1.000000	0.821462	0.400000
620	1.000000	0.820837	0.400000
630	1.000000	0.821680	0.400000
640	1.000000	0.821833	0.400000
650	1.000000	0.821621	0.400000
660	1.000000	0.821585	0.400000
670	1.000000	0.821012	0.400000
680	1.000000	0.820948	0.400000
690	1.000000	0.820403	0.400000
700	1.000000	0.820565	0.400000
710	1.000000	0.821266	0.400000
720	1.000000	0.821334	0.400000
730	1.000000	0.821169	0.400000
740	1.000000	0.820934	0.400000
750	1.000000	0.821746	0.400000
760	1.000000	0.821896	0.400000
770	1.000000	0.821509	0.400000
780	1.000000	0.822201	0.400000
790	1.000000	0.822495	0.400000
800	1.000000	0.820942	0.400000
810	1.000000	0.820026	0.400000
820	1.000000	0.819226	0.400000
830	1.000000	0.821180	0.400000
840	1.000000	0.821994	0.400000
850	1.000000	0.820402	0.400000
860	1.000000	0.820121	0.400000
870	1.000000	0.820973	0.400000
880	1.000000	0.820061	0.400000
890	1.000000	0.820499	0.400000
900	1.000000	0.819346	0.400000
910	1.000000	0.818735	0.400000
920	1.000000	0.818735	0.400000
930	1.000000	0.820183	0.400000
940	1.000000	0.819248	0.400000
950	1.000000	0.819597	0.400000
960	1.000000	0.819760	0.400000
970	1.000000	0.821004	0.400000
980	1.000000	0.820389	0.400000
990	1.000000	0.820362	0.400000
1000	1.000000	0.818728	0.400000
1010	1.000000	0.818040	0.400000
1020	1.000000	0.817055	0.400000
1030	1.000000	0.816886	0.400000
1040	1.000000	0.817897	0.400000
1050	1.000000	0.818892	0.400000
1060	1.000000	0.818520	0.400000
1070	1.000000	0.818067	0.400000
1080	1.000000	0.817745	0.400000
1090	1.000000	0.817779	0.400000
1100	1.000000	0.818071	0.400000
1110	1.000000	0.817397	0.400000
1120	1.000000	0.816272	0.400000
1130	1.000000	0.815782	0.400000
1140	1.000000	0.815975	0.400000
1150	1.000000	0.816328	0.400000
1160	1.000000	0.815903	0.400000
1170	1.000000	0.816595	0.400000
1180	1.000000	0.817378	0.400000
1190	1.000000	0.817544	0.400000
1200	1.000000	0.817661	0.400000
1210	1.000000	0.817988	0.400000
1220	1.000000	0.818289	0.400000
1230	1.000000	0.818378	0.400000
1240	1.000000	0.819467	0.400000
1250	1.000000	0.818604	0.400000
1260	1.000000	0.817730	0.400000
1270	1.000000	0.816347	0.400000
1280	1.000000	0.817014	0.400000
1290	1.000000	0.816695	0.400000
1300	1.000000	0.816968	0.400000
1310	1.000000	0.817631	0.400000
1320	1.000000	0.816439	0.400000
1330	1.000000	0.816875	0.400000
1340	1.000000	0.818099	0.400000
1350	1.000000	0.818601	0.400000
1360	1.000000	0.818288	0.400000
1370	1.000000	0.819357	0.400000
1380	1.000000	0.819658	0.400000
1390	1.000000	0.818424	0.400000
1400	1.000000	0.819420	0.400000
1410	1.000000	0.819807	0.400000
1420	1.000000	0.817756	0.400000
1430	1.000000	0.817603	0.400000
1440	1.000000	0.818448	0.400000
1450	1.000000	0.818729	0.400000
1460	1.000000	0.817227	0.400000
1470	1.000000	0.817074	0.400000
1480	1.000000	0.817910	0.400000
1490	1.000000	0.816696	0.400000
1500	1.000000	0.817681	0.400000
1510	1.000000	0.817439	0.400000
1520	1.000000	0.817786	0.400000
1530	1.000000	0.816318	0.400000
1540	1.000000	0.815636	0.400000
1550	1.000000	0.815886	0.400000
1560	1.000000	0.815577	0.400000
1570	1.000000	0.815706	0.400000
1580	1.000000	0.815461	0.400000
1590	1.000000	0.815147	0.400000
1600	1.000000	0.815131	0.400000
1610	1.000000	0.814704	0.400000
1620	1.000000	0.815974	0.400000
1630	1.000000	0.814061	0.400000
1640	1.000000	0.814722	0.400000
1650	1.000000	0.815032	0.400000
1660	1.000000	0.815530	0.400000
1670	1.000000	0.814946	0.400000
1680	1.000000	0.815459	0.400000
1690	1.000000	0.814986	0.400000
1700	1.000000	0.814303	0.400000
1710	1.000000	0.813714	0.400000
1720	1.000000	0.812726	0.400000
1730	1.000000	0.812353	0.400000
1740	1.000000	0.813307	0.400000
1750	1.000000	0.813852	0.400000
1760	1.000000	0.812031	0.400000
1770	1.000000	0.812208	0.400000
1780	1.000000	0.812005	0.400000
1790	1.000000	0.811846	0.400000
1800	1.000000	0.811178	0.400000
1810	1.000000	0.810945	0.400000
1820	1.000000	0.810480	0.400000
1830	1.000000	0.811669	0.400000
1840	1.000000	0.810989	0.400000
1850	1.000000	0.810392	0.400000
1860	1.000000	0.809503	0.400000
1870	1.000000	0.809131	0.400000
1880	1.000000	0.809050	0.400000
1890	1.000000	0.808564	0.400000
1900	1.000000	0.808996	0.400000
1910	1.000000	0.808239	0.400000
1920	1.000000	0.809131	0.400000
1930	1.000000	0.810072	0.400000
1940	1.000000	0.810819	0.400000
1950	1.000000	0.811458	0.400000
1960	1.000000	0.810244	0.400000
1970	1.000000	0.810670	0.400000
1980	1.000000	0.809188	0.400000
1990	1.000000	0.809778	0.400000
0	0.300300	0.499863	0.500000
10	0.624341	0.514787	0.500000
20	0.784347	0.554919	0.500000
30	0.851717	0.592031	0.500000
40	0.885326	0.625137	0.500000
50	0.906474	0.650184	0.500000
60	0.921439	0.672023	0.500000
70	0.933244	0.691766	0.500000
80	0.944038	0.707423	0.500000
90	0.953549	0.723065	0.500000
100	0.962189	0.737181	0.500000
110	0.968737	0.747882	0.500000
120	0.973712	0.755826	0.500000
130	0.977993	0.763399	0.500000
140	0.981855	0.769894	0.500000
150	0.985396	0.775462	0.500000
160	0.988571	0.781127	0.500000
170	0.990960	0.783909	0.500000
180	0.992582	0.785595	0.500000
190	0.993674	0.788009	0.500000
200	0.994742	0.790477	0.500000
210	0.995792	0.791830	0.500000
220	0.996445	0.791855	0.500000
230	0.996927	0.792249	0.500000
240	0.997399	0.792738	0.500000
250	0.997907	0.793040	0.500000
260	0.998356	0.794029	0.500000
270	0.998460	0.795008	0.500000
280	0.998611	0.795710	0.500000
290	0.998765	0.795929	0.500000
300	0.998787	0.796110	0.500000
310	0.998811	0.796388	0.500000
320	0.998962	0.795471	0.500000
330	0.999083	0.794986	0.500000
340	0.999258	0.796092	0.500000
350	0.999336	0.796415	0.500000
360	0.999437	0.796201	0.500000
370	0.999504	0.796839	0.500000
380	0.999503	0.797207	0.500000
390	0.999566	0.797325	0.500000
400	0.999606	0.797228	0.500000
410	0.999664	0.797900	0.500000
420	0.999694	0.798271	0.500000
430	0.999705	0.798228	0.500000
440	0.999741	0.797437	0.500000
450	0.999785	0.798789	0.500000
460	0.999805	0.798539	0.500000
470	0.999860	0.798565	0.500000
480	0.999882	0.798704	0.500000
490	0.999944	0.799771	0.500000
500	0.999959	0.798986	0.500000
510	0.999977	0.798969	0.500000
520	0.999996	0.798270	0.500000
530	0.999997	0.798133	0.500000
540	1.000000	0.797747	0.500000
550	1.000000	0.798781	0.500000
560	1.000000	0.799078	0.500000
570	1.000000	0.799756	0.500000
580	1.000000	0.800768	0.500000
590	1.000000	0.800648	0.500000
600	1.000000	0.800299	0.500000
610	1.000000	0.801717	0.500000
620	1.000000	0.801729	0.500000
630	1.000000	0.800545	0.500000
640	1.000000	0.800914	0.500000
650	1.000000	0.802115	0.500000
660	1.000000	0.801680	0.500000
670	1.000000	0.802539	0.500000
680	1.000000	0.803182	0.500000
690	1.000000	0.803539	0.500000
700	1.000000	0.803231	0.500000
710	1.000000	0.802292	0.500000
720	1.000000	0.801039	0.500000
730	1.000000	0.801988	0.500000
740	1.000000	0.801345	0.500000
750	1.000000	0.802814	0.500000
760	1.000000	0.802649	0.500000
770	1.000000	0.802097	0.500000
780	1.000000	0.802497	0.500000
790	1.000000	0.801950	0.500000
800	1.000000	0.802379	0.500000
810	1.000000	0.802015	0.500000
820	1.000000	0.801689	0.500000
830	1.000000	0.802523	0.500000
840	1.000000	0.802483	0.500000
850	1.000000	0.802331	0.500000
860	1.000000	0.802716	0.500000
870	1.000000	0.801875	0.500000
880	1.000000	0.802335	0.500000
890	1.000000	0.801971	0.500000
900	1.000000	0.801746	0.500000
910	1.000000	0.802607	0.500000
920	1.000000	0.804315	0.500000
930	1.000000	0.802230	0.500000
940	1.000000	0.803076	0.500000
950	1.000000	0.802620	0.500000
960	1.000000	0.803513	0.500000
970	1.000000	0.803553	0.500000
980	1.000000	0.803055	0.500000
990	1.000000	0.803024	0.500000
1000	1.000000	0.803240	0.500000
1010	1.000000	0.803336	0.500000
1020	1.000000	0.803204	0.500000
1030	1.000000	0.803315	0.500000
1040	1.000000	0.803198	0.500000
1050	1.000000	0.804376	0.500000
1060	1.000000	0.804571	0.500000
1070	1.000000	0.804782	0.500000
1080	1.000000	0.804228	0.500000
1090	1.000000	0.804565	0.500000
1100	1.000000	0.804480	0.500000
1110	1.000000	0.803128	0.500000
1120	1.000000	0.803700	0.500000
1130	1.000000	0.802654	0.500000
1140	1.000000	0.803743	0.500000
1150	1.000000	0.803267	0.500000
1160	1.000000	0.803702	0.500000
1170	1.000000	0.802448	0.500000
1180	1.000000	0.802410	0.500000
1190	1.000000	0.804396	0.500000
1200	1.000000	0.803795	0.500000
1210	1.000000	0.803983	0.500000
1220	1.000000	0.803165	0.500000
1230	1.000000	0.803112	0.500000
1240	1.000000	0.803423	0.500000
1250	1.000000	0.804071	0.500000
1260	1.000000	0.804040	0.500000
1270	1.000000	0.805898	0.500000
1280	1.000000	0.804380	0.500000
1290	1.000000	0.803950	0.500000
1300	1.000000	0.803972	0.500000
1310	1.000000	0.804076	0.500000
1320	1.000000	0.804084	0.500000
1330	1.000000	0.804639	0.500000
1340	1.000000	0.804094	0.500000
1350	1.000000	0.803649	0.500000
1360	1.000000	0.803365	0.500000
1370	1.000000	0.802204	0.500000
1380	1.000000	0.802029	0.500000
1390	1.000000	0.801469	0.500000
1400	1.000000	0.801062	0.500000
1410	1.000000	0.801271	0.500000
1420	1.000000	0.801370	0.500000
1430	1.000000	0.800982	0.500000
1440	1.000000	0.801305	0.500000
1450	1.000000	0.800677	0.500000
1460	1.000000	0.800473	0.500000
1470	1.000000	0.801507	0.500000
1480	1.000000	0.801524	0.500000
1490	1.000000	0.800958	0.500000
1500	1.000000	0.800893	0.500000
1510	1.000000	0.801167	0.500000
1520	1.000000	0.800429	0.500000
1530	1.000000	0.800063	0.500000
1540	1.000000	0.799899	0.500000
1550	1.000000	0.800367	0.500000
1560	1.000000	0.799326	0.500000
1570	1.000000	0.800510	0.500000
1580	1.000000	0.801459	0.500000
1590	1.000000	0.799215	0.500000
1600	1.000000	0.799922	0.500000
1610	1.000000	0.800407	0.500000
1620	1.000000	0.800329	0.500000
1630	1.000000	0.799584	0.500000
1640	1.000000	0.800211	0.500000
1650	1.000000	0.798745	0.500000
1660	1.000000	0.796368	0.500000
1670	1.000000	0.796748	0.500000
1680	1.000000	0.797042	0.500000
1690	1.000000	0.797792	0.500000
1700	1.000000	0.797978	0.500000
1710	1.000000	0.797256	0.500000
1720	1.000000	0.798868	0.500000
1730	1.000000	0.798885	0.500000
1740	1.000000	0.799650	0.500000
1750	1.000000	0.799229	0.500000
1760	1.000000	0.800226	0.500000
1770	1.000000	0.800034	0.500000
1780	1.000000	0.801017	0.500000
1790	1.000000	0.801422	0.500000
1800	1.000000	0.801580	0.500000
1810	1.000000	0.800807	0.500000
1820	1.000000	0.801187	0.500000
1830	1.000000	0.800327	0.500000
1840	1.000000	0.799939	0.500000
1850	1.000000	0.800216	0.500000
1860	1.000000	0.801640	0.500000
1870	1.000000	0.801371	0.500000
1880	1.000000	0.802256	0.500000
1890	1.000000	0.803470	0.500000
1900	1.000000	0.803614	0.500000
1910	1.000000	0.803962	0.500000
1920	1.000000	0.803501	0.500000
1930	1.000000	0.803819	0.500000
1940	1.000000	0.804334	0.500000
1950	1.000000	0.803673	0.500000
1960	1.000000	0.804190	0.500000
1970	1.000000	0.803423	0.500000
1980	1.000000	0.802346	0.500000
1990	1.000000	0.801683	0.500000
0	0.299957	0.599605	0.600000
10	0.707707	0.616220	0.600000
20	0.871000	0.650692	0.600000
30	0.926764	0.677492	0.600000
40	0.949171	0.696779	0.600000
50	0.960333	0.709680	0.600000
60	0.967225	0.718667	0.600000
70	0.971832	0.726854	0.600000
80	0.975507	0.733432	0.600000
90	0.978181	0.739237	0.600000
100	0.980719	0.743459	0.600000
110	0.982943	0.748313	0.600000
120	0.984844	0.752049	0.600000
130	0.987130	0.756553	0.600000
140	0.989091	0.760617	0.600000
150	0.991023	0.762983	0.600000
160	0.992309	0.766686	0.600000
170	0.993573	0.770337	0.600000
180	0.994683	0.773376	0.600000
190	0.995621	0.774722	0.600000
200	0.996099	0.775899	0.600000
210	0.996589	0.776371	0.600000
220	0.997053	0.778446	0.600000
230	0.997515	0.777654	0.600000
240	0.997814	0.779519	0.600000
250	0.997998	0.778592	0.600000
260	0.998153	0.778355	0.600000
270	0.998276	0.778703	0.600000
280	0.998463	0.780299	0.600000
290	0.998736	0.779583	0.600000
300	0.998905	0.779266	0.600000
310	0.999152	0.778801	0.600000
320	0.999332	0.778700	0.600000
330	0.999534	0.779155	0.600000
340	0.999717	0.779313	0.600000
350	0.999824	0.780297	0.600000
360	0.999856	0.779699	0.600000
370	0.999840	0.779278	0.600000
380	0.999874	0.779599	0.600000
390	0.999898	0.780083	0.600000
400	0.999900	0.778497	0.600000
410	0.999845	0.779433	0.600000
420	0.999829	0.778740	0.600000
430	0.999817	0.778558	0.600000
440	0.999829	0.777770	0.600000
450	0.999863	0.779240	0.600000
460	0.999898	0.778627	0.600000
470	0.999943	0.778958	0.600000
480	0.999967	0.778645	0.600000
490	0.999967	0.777926	0.600000
500	0.999980	0.777687	0.600000
510	0.999984	0.778203	0.600000
520	0.999988	0.776522	0.600000
530	0.999999	0.777442	0.600000
540	1.000000	0.778691	0.600000
550	1.000000	0.778212	0.600000
560	1.000000	0.777880	0.600000
570	1.000000	0.777461	0.600000
580	1.000000	0.778470	0.600000
590	1.000000	0.779756	0.600000
600	1.000000	0.779584	0.600000
610	1.000000	0.778773	0.600000
620	1.000000	0.778252	0.600000
630	1.000000	0.776108	0.600000
640	1.000000	0.775543	0.600000
650	1.000000	0.775339	0.600000
660	1.000000	0.774025	0.600000
670	1.000000	0.773818	0.600000
680	1.000000	0.774617	0.600000
690	1.000000	0.773620	0.600000
700	1.000000	0.773025	0.600000
710	1.000000	0.774719	0.600000
720	1.000000	0.774060	0.600000
730	1.000000	0.772712	0.600000
740	1.000000	0.774260	0.600000
750	1.000000	0.774296	0.600000
760	1.000000	0.773724	0.600000
770	1.000000	0.774090	0.600000
780	1.000000	0.774213	0.600000
790	1.000000	0.775300	0.600000
800	1.000000	0.773807	0.600000
810	1.000000	0.774122	0.600000
820	1.000000	0.773904	0.600000
830	1.000000	0.773906	0.600000
840	1.000000	0.773621	0.600000
850	1.000000	0.771767	0.600000
860	1.000000	0.771184	0.600000
870	1.000000	0.770152	0.600000
880	1.000000	0.769474	0.600000
890	1.000000	0.769090	0.600000
900	1.000000	0.769057	0.600000
910	1.000000	0.768986	0.600000
920	1.000000	0.768170	0.600000
930	1.000000	0.769528	0.600000
940	1.000000	0.770920	0.600000
950	1.000000	0.771754	0.600000
960	1.000000	0.772172	0.600000
970	1.000000	0.770710	0.600000
980	1.000000	0.770623	0.600000
990	1.000000	0.771311	0.600000
1000	1.000000	0.771319	0.600000
1010	1.000000	0.771370	0.600000
1020	1.000000	0.771864	0.600000
1030	1.000000	0.771125	0.600000
1040	1.000000	0.769758	0.600000
1050	1.000000	0.771134	0.600000
1060	1.000000	0.771932	0.600000
1070	1.000000	0.771626	0.600000
1080	1.000000	0.771963	0.600000
1090	1.000000	0.771512	0.600000
1100	1.000000	0.769996	0.600000
1110	1.000000	0.771080	0.600000
1120	1.000000	0.772335	0.600000
1130	1.000000	0.773158	0.600000
1140	1.000000	0.774580	0.600000
1150	1.000000	0.776468	0.600000
1160	1.000000	0.776392	0.600000
1170	1.000000	0.776324	0.600000
1180	1.000000	0.776153	0.600000
1190	1.000000	0.775972	0.600000
1200	1.000000	0.777144	0.600000
1210	1.000000	0.777757	0.600000
1220	1.000000	0.777678	0.600000
1230	1.000000	0.776354	0.600000
1240	1.000000	0.776168	0.600000
1250	1.000000	0.776576	0.600000
1260	1.000000	0.776386	0.600000
1270	1.000000	0.776898	0.600000
1280	1.000000	0.777844	0.600000
1290	1.000000	0.777156	0.600000
1300	1.000000	0.777933	0.600000
1310	1.000000	0.776634	0.600000
1320	1.000000	0.775796	0.600000
1330	1.000000	0.774969	0.600000
1340	1.000000	0.775131	0.600000
1350	1.000000	0.775672	0.600000
1360	1.000000	0.774858	0.600000
1370	1.000000	0.774188	0.600000
1380	1.000000	0.774967	0.600000
1390	1.000000	0.772414	0.600000
1400	1.000000	0.772873	0.600000
1410	1.000000	0.772391	0.600000
1420	1.000000	0.772177	0.600000
1430	1.000000	0.774051	0.600000
1440	1.000000	0.772756	0.600000
1450	1.000000	0.772324	0.600000
1460	1.000000	0.770948	0.600000
1470	1.000000	0.771427	0.600000
1480	1.000000	0.771634	0.600000
1490	1.000000	0.772550	0.600000
1500	1.000000	0.772250	0.600000
1510	1.000000	0.772754	0.600000
1520	1.000000	0.772103	0.600000
1530	1.000000	0.771764	0.600000
1540	1.000000	0.771721	0.600000
1550	1.000000	0.770061	0.600000
1560	1.000000	0.770521	0.600000
1570	1.000000	0.769146	0.600000
1580	1.000000	0.768946	0.600000
1590	1.000000	0.770487	0.600000
1600	1.000000	0.769078	0.600000
1610	1.000000	0.769359	0.600000
1620	1.000000	0.768691	0.600000
1630	1.000000	0.767902	0.600000
1640	1.000000	0.767357	0.600000
1650	1.000000	0.767693	0.600000
1660	1.000000	0.768643	0.600000
1670	1.000000	0.767845	0.600000
1680	1.000000	0.767550	0.600000
1690	1.000000	0.768356	0.600000
1700	1.000000	0.769669	0.600000
1710	1.000000	0.769505	0.600000
1720	1.000000	0.769897	0.600000
1730	1.000000	0.771158	0.600000
1740	1.000000	0.770099	0.600000
1750	1.000000	0.769721	0.600000
1760	1.000000	0.769250	0.600000
1770	1.000000	0.768395	0.600000
1780	1.000000	0.768226	0.600000
1790	1.000000	0.767330	0.600000
1800	1.000000	0.767759	0.600000
1810	1.000000	0.767706	0.600000
1820	1.000000	0.768247	0.600000
1830	1.000000	0.769622	0.600000
1840	1.000000	0.769728	0.600000
1850	1.000000	0.771483	0.600000
1860	1.000000	0.772224	0.600000
1870	1.000000	0.772665	0.600000
1880	1.000000	0.772429	0.600000
1890	1.000000	0.772562	0.600000
1900	1.000000	0.772107	0.600000
1910	1.000000	0.772915	0.600000
1920	1.000000	0.774057	0.600000
1930	1.000000	0.774231	0.600000
1940	1.000000	0.773486	0.600000
1950	1.000000	0.773477	0.600000
1960	1.000000	0.771126	0.600000
1970	1.000000	0.770262	0.600000
1980	1.000000	0.769247	0.600000
1990	1.000000	0.769249	0.600000
0	0.299892	0.699858	0.700000
10	0.783722	0.715569	0.700000
20	0.931616	0.742422	0.700000
30	0.969352	0.757950	0.700000
40	0.980975	0.766151	0.700000
50	0.986114	0.772502	0.700000
60	0.989066	0.776610	0.700000
70	0.990821	0.779942	0.700000
80	0.992044	0.782737	0.700000
90	0.992949	0.784512	0.700000
100	0.994068	0.787018	0.700000
110	0.994857	0.787513	0.700000
120	0.995152	0.789533	0.700000
130	0.995548	0.790053	0.700000
140	0.996038	0.791997	0.700000
150	0.996505	0.793205	0.700000
160	0.997118	0.793193	0.700000
170	0.997587	0.794205	0.700000
180	0.997999	0.794151	0.700000
190	0.998202	0.795041	0.700000
200	0.998603	0.794938	0.700000
210	0.998905	0.795228	0.700000
220	0.999090	0.795006	0.700000
230	0.999230	0.794928	0.700000
240	0.999350	0.795908	0.700000
250	0.999399	0.795365	0.700000
260	0.999437	0.795814	0.700000
270	0.999441	0.796504	0.700000
280	0.999603	0.796362	0.700000
290	0.999627	0.796043	0.700000
300	0.999611	0.796454	0.700000
310	0.999638	0.797836	0.700000
320	0.999622	0.798192	0.700000
330	0.999651	0.799040	0.700000
340	0.999622	0.798387	0.700000
350	0.999576	0.798727	0.700000
360	0.999526	0.799415	0.700000
370	0.999562	0.800778	0.700000
380	0.999590	0.799769	0.700000
390	0.999659	0.798930	0.700000
400	0.999678	0.800471	0.700000
410	0.999723	0.802066	0.700000
420	0.999798	0.801480	0.700000
430	0.999843	0.801096	0.700000
440	0.999875	0.801055	0.700000
450	0.999931	0.801709	0.700000
460	0.999973	0.802234	0.700000
470	0.999963	0.800476	0.700000
480	0.999961	0.800426	0.700000
490	0.999966	0.799171	0.700000
500	0.999980	0.798686	0.700000
510	0.999991	0.799503	0.700000
520	1.000000	0.799740	0.700000
530	1.000000	0.800780	0.700000
540	1.000000	0.799621	0.700000
550	1.000000	0.800463	0.700000
560	1.000000	0.800725	0.700000
570	1.000000	0.801709	0.700000
580	1.000000	0.801419	0.700000
590	1.000000	0.802357	0.700000
600	1.000000	0.802387	0.700000
610	1.000000	0.802833	0.700000
620	1.000000	0.803791	0.700000
630	1.000000	0.803363	0.700000
640	1.000000	0.802603	0.700000
650	1.000000	0.801455	0.700000
660	1.000000	0.801676	0.700000
670	1.000000	0.801342	0.700000
680	1.000000	0.801168	0.700000
690	1.000000	0.800309	0.700000
700	1.000000	0.799356	0.700000
710	1.000000	0.798128	0.700000
720	1.000000	0.797847	0.700000
730	1.000000	0.797474	0.700000
740	1.000000	0.797044	0.700000
750	1.000000	0.797025	0.700000
760	1.000000	0.797713	0.700000
770	1.000000	0.799412	0.700000
780	1.000000	0.799527	0.700000
790	1.000000	0.800085	0.700000
800	1.000000	0.800274	0.700000
810	1.000000	0.801502	0.700000
820	1.000000	0.801968	0.700000
830	1.000000	0.800803	0.700000
840	1.000000	0.800125	0.700000
850	1.000000	0.798929	0.700000
860	1.000000	0.799016	0.700000
870	1.000000	0.797191	0.700000
880	1.000000	0.797720	0.700000
890	1.000000	0.797697	0.700000
900	1.000000	0.798894	0.700000
910	1.000000	0.799313	0.700000
920	1.000000	0.798607	0.700000
930	1.000000	0.798832	0.700000
940	1.000000	0.799846	0.700000
950	1.000000	0.800441	0.700000
960	1.000000	0.801534	0.700000
970	1.000000	0.801138	0.700000
980	1.000000	0.801409	0.700000
990	1.000000	0.799811	0.700000
1000	1.000000	0.800317	0.700000
1010	1.000000	0.801013	0.700000
1020	1.000000	0.800707	0.700000
1030	1.000000	0.801164	0.700000
1040	1.000000	0.800417	0.700000
1050	1.000000	0.801896	0.700000
1060	1.000000	0.802100	0.700000
1070	1.000000	0.802570	0.700000
1080	1.000000	0.802345	0.700000
1090	1.000000	0.802922	0.700000
1100	1.000000	0.801831	0.700000
1110	1.000000	0.801372	0.700000
1120	1.000000	0.801508	0.700000
1130	1.000000	0.801570	0.700000
1140	1.000000	0.802300	0.700000
1150	1.000000	0.803322	0.700000
1160	1.000000	0.803695	0.700000
1170	1.000000	0.803353	0.700000
1180	1.000000	0.802636	0.700000
1190	1.000000	0.802381	0.700000
1200	1.000000	0.802852	0.700000
1210	1.000000	0.802833	0.700000
1220	1.000000	0.802033	0.700000
1230	1.000000	0.802825	0.700000
1240	1.000000	0.803379	0.700000
1250	1.000000	0.803515	0.700000
1260	1.000000	0.803659	0.700000
1270	1.000000	0.803176	0.700000
1280	1.000000	0.803873	0.700000
1290	1.000000	0.803857	0.700000
1300	1.000000	0.803178	0.700000
1310	1.000000	0.804171	0.700000
1320	1.000000	0.803980	0.700000
1330	1.000000	0.804810	0.700000
1340	1.000000	0.804320	0.700000
1350	1.000000	0.804586	0.700000
1360	1.000000	0.804479	0.700000
1370	1.000000	0.805711	0.700000
1380	1.000000	0.805444	0.700000
1390	1.000000	0.805372	0.700000
1400	1.000000	0.806141	0.700000
1410	1.000000	0.807941	0.700000
1420	1.000000	0.806852	0.700000
1430	1.000000	0.807446	0.700000
1440	1.000000	0.806149	0.700000
1450	1.000000	0.805751	0.700000
1460	1.000000	0.805803	0.700000
1470	1.000000	0.805317	0.700000
1480	1.000000	0.804575	0.700000
1490	1.000000	0.804708	0.700000
1500	1.000000	0.804638	0.700000
1510	1.000000	0.805190	0.700000
1520	1.000000	0.805126	0.700000
1530	1.000000	0.804091	0.700000
1540	1.000000	0.803853	0.700000
1550	1.000000	0.804548	0.700000
1560	1.000000	0.804059	0.700000
1570	1.000000	0.805089	0.700000
1580	1.000000	0.804058	0.700000
1590	1.000000	0.802663	0.700000
1600	1.000000	0.802063	0.700000
1610	1.000000	0.802387	0.700000
1620	1.000000	0.801069	0.700000
1630	1.000000	0.800353	0.700000
1640	1.000000	0.800738	0.700000
1650	1.000000	0.800155	0.700000
1660	1.000000	0.801418	0.700000
1670	1.000000	0.800666	0.700000
1680	1.000000	0.799940	0.700000
1690	1.000000	0.800434	0.700000
1700	1.000000	0.801528	0.700000
1710	1.000000	0.800944	0.700000
1720	1.000000	0.801782	0.700000
1730	1.000000	0.801521	0.700000
1740	1.000000	0.801235	0.700000
1750	1.000000	0.801357	0.700000
1760	1.000000	0.801403	0.700000
1770	1.000000	0.800746	0.700000
1780	1.000000	0.801916	0.700000
1790	1.000000	0.801973	0.700000
1800	1.000000	0.802347	0.700000
1810	1.000000	0.802714	0.700000
1820	1.000000	0.801724	0.700000
1830	1.000000	0.802450	0.700000
1840	1.000000	0.802873	0.700000
1850	1.000000	0.802776	0.700000
1860	1.000000	0.801900	0.700000
1870	1.000000	0.800135	0.700000
1880	1.000000	0.800356	0.700000
1890	1.000000	0.801058	0.700000
1900	1.000000	0.800204	0.700000
1910	1.000000	0.800039	0.700000
1920	1.000000	0.800217	0.700000
1930	1.000000	0.801412	0.700000
1940	1.000000	0.800432	0.700000
1950	1.000000	0.799293	0.700000
1960	1.000000	0.798491	0.700000
1970	1.000000	0.797648	0.700000
1980	1.000000	0.797743	0.700000
1990	1.000000	0.797219	0.700000
0	0.299849	0.800174	0.800000
10	0.847539	0.811997	0.800000
20	0.966862	0.827080	0.800000
30	0.989466	0.835213	0.800000
40	0.995257	0.838578	0.800000
50	0.997361	0.840578	0.800000
60	0.998171	0.841246	0.800000
70	0.998528	0.842196	0.800000
80	0.998941	0.842906	0.800000
90	0.999107	0.842802	0.800000
100	0.999244	0.843067	0.800000
110	0.999328	0.843670	0.800000
120	0.999385	0.844109	0.800000
130	0.999487	0.844428	0.800000
140	0.999552	0.844820	0.800000
150	0.999578	0.845829	0.800000
160	0.999638	0.846274	0.800000
170	0.999680	0.846656	0.800000
180	0.999752	0.847914	0.800000
190	0.999825	0.847948	0.800000
200	0.999948	0.848177	0.800000
210	0.999905	0.848723	0.800000
220	0.999911	0.848921	0.800000
230	0.999895	0.849213	0.800000
240	0.999937	0.849639	0.800000
250	0.999955	0.849458	0.800000
260	0.999960	0.849562	0.800000
270	0.999956	0.850283	0.800000
280	0.999961	0.849126	0.800000
290	0.999972	0.849421	0.800000
300	0.999957	0.849463	0.800000
310	0.999956	0.848434	0.800000
320	0.999971	0.848085	0.800000
330	0.999992	0.847299	0.800000
340	1.000000	0.847533	0.800000
350	1.000000	0.848035	0.800000
360	1.000000	0.848950	0.800000
370	1.000000	0.849236	0.800000
380	1.000000	0.849415	0.800000
390	1.000000	0.848749	0.800000
400	1.000000	0.848006	0.800000
410	1.000000	0.847027	0.800000
420	1.000000	0.847871	0.800000
430	1.000000	0.847627	0.800000
440	1.000000	0.847040	0.800000
450	1.000000	0.848384	0.800000
460	1.000000	0.847628	0.800000
470	1.000000	0.847663	0.800000
480	1.000000	0.847453	0.800000
490	1.000000	0.847907	0.800000
500	1.000000	0.847757	0.800000
510	1.000000	0.848770	0.800000
520	1.000000	0.848294	0.800000
530	1.000000	0.848889	0.800000
540	1.000000	0.848391	0.800000
550	1.000000	0.849106	0.800000
560	1.000000	0.850055	0.800000
570	1.000000	0.849841	0.800000
580	1.000000	0.849709	0.800000
590	1.000000	0.850663	0.800000
600	1.000000	0.851016	0.800000
610	1.000000	0.850314	0.800000
620	1.000000	0.849727	0.800000
630	1.000000	0.850713	0.800000
640	1.000000	0.849975	0.800000
650	1.000000	0.849766	0.800000
660	1.000000	0.849487	0.800000
670	1.000000	0.849001	0.800000
680	1.000000	0.849749	0.800000
690	1.000000	0.848759	0.800000
700	1.000000	0.848927	0.800000
710	1.000000	0.849059	0.800000
720	1.000000	0.848603	0.800000
730	1.000000	0.849285	0.800000
740	1.000000	0.849519	0.800000
750	1.000000	0.849386	0.800000
760	1.000000	0.850653	0.800000
770	1.000000	0.851129	0.800000
780	1.000000	0.849599	0.800000
790	1.000000	0.851011	0.800000
800	1.000000	0.850575	0.800000
810	1.000000	0.850814	0.800000
820	1.000000	0.851025	0.800000
830	1.000000	0.850300	0.800000
840	1.000000	0.850100	0.800000
850	1.000000	0.849761	0.800000
860	1.000000	0.849799	0.800000
870	1.000000	0.849875	0.800000
880	1.000000	0.850004	0.800000
890	1.000000	0.849746	0.800000
900	1.000000	0.848947	0.800000
910	1.000000	0.849698	0.800000
920	1.000000	0.849513	0.800000
930	1.000000	0.849736	0.800000
940	1.000000	0.849746	0.800000
950	1.000000	0.848945	0.800000
960	1.000000	0.849107	0.800000
970	1.000000	0.849578	0.800000
980	1.000000	0.849478	0.800000
990	1.000000	0.848515	0.800000
1000	1.000000	0.848474	0.800000
1010	1.000000	0.848601	0.800000
1020	1.000000	0.848362	0.800000
1030	1.000000	0.848473	0.800000
1040	1.000000	0.849136	0.800000
1050	1.000000	0.849353	0.800000
1060	1.000000	0.849944	0.800000
1070	1.000000	0.849792	0.800000
1080	1.000000	0.850750	0.800000
1090	1.000000	0.849986	0.800000
1100	1.000000	0.850663	0.800000
1110	1.000000	0.850765	0.800000
1120	1.000000	0.851173	0.800000
1130	1.000000	0.850369	0.800000
1140	1.000000	0.850822	0.800000
1150	1.000000	0.851041	0.800000
1160	1.000000	0.849939	0.800000
1170	1.000000	0.849842	0.800000
1180	1.000000	0.849680	0.800000
1190	1.000000	0.849832	0.800000
1200	1.000000	0.850862	0.800000
1210	1.000000	0.850659	0.800000
1220	1.000000	0.850103	0.800000
1230	1.000000	0.851120	0.800000
1240	1.000000	0.851140	0.800000
1250	1.000000	0.851214	0.800000
1260	1.000000	0.851521	0.800000
1270	1.000000	0.851666	0.800000
1280	1.000000	0.850870	0.800000
1290	1.000000	0.851540	0.800000
1300	1.000000	0.851327	0.800000
1310	1.000000	0.850309	0.800000
1320	1.000000	0.849402	0.800000
1330	1.000000	0.849022	0.800000
1340	1.000000	0.848892	0.800000
1350	1.000000	0.847755	0.800000
1360	1.000000	0.846679	0.800000
1370	1.000000	0.846680	0.800000
1380	1.000000	0.847415	0.800000
1390	1.000000	0.847671	0.800000
1400	1.000000	0.846631	0.800000
1410	1.000000	0.847336	0.800000
1420	1.000000	0.848924	0.800000
1430	1.000000	0.847392	0.800000
1440	1.000000	0.846368	0.800000
1450	1.000000	0.846751	0.800000
1460	1.000000	0.846664	0.800000
1470	1.000000	0.848251	0.800000
1480	1.000000	0.848775	0.800000
1490	1.000000	0.849818	0.800000
1500	1.000000	0.849372	0.800000
1510	1.000000	0.849810	0.800000
1520	1.000000	0.849323	0.800000
1530	1.000000	0.850008	0.800000
1540	1.000000	0.850014	0.800000
1550	1.000000	0.848749	0.800000
1560	1.000000	0.849393	0.800000
1570	1.000000	0.849613	0.800000
1580	1.000000	0.850218	0.800000
1590	1.000000	0.850704	0.800000
1600	1.000000	0.849746	0.800000
1610	1.000000	0.849468	0.800000
1620	1.000000	0.848420	0.800000
1630	1.000000	0.848428	0.800000
1640	1.000000	0.849828	0.800000
1650	1.000000	0.849646	0.800000
1660	1.000000	0.849855	0.800000
1670	1.000000	0.848483	0.800000
1680	1.000000	0.849004	0.800000
1690	1.000000	0.848485	0.800000
1700	1.000000	0.849344	0.800000
1710	1.000000	0.849249	0.800000
1720	1.000000	0.849035	0.800000
1730	1.000000	0.849485	0.800000
1740	1.000000	0.849800	0.800000
1750	1.000000	0.849574	0.800000
1760	1.000000	0.849442	0.800000
1770	1.000000	0.849300	0.800000
1780	1.000000	0.849204	0.800000
1790	1.000000	0.848892	0.800000
1800	1.000000	0.848976	0.800000
1810	1.000000	0.849308	0.800000
1820	1.000000	0.849732	0.800000
1830	1.000000	0.850527	0.800000
1840	1.000000	0.849886	0.800000
1850	1.000000	0.849215	0.800000
1860	1.000000	0.850077	0.800000
1870	1.000000	0.849634	0.800000
1880	1.000000	0.849753	0.800000
1890	1.000000	0.849749	0.800000
1900	1.000000	0.849678	0.800000
1910	1.000000	0.849596	0.800000
1920	1.000000	0.849859	0.800000
1930	1.000000	0.848877	0.800000
1940	1.000000	0.848716	0.800000
1950	1.000000	0.849255	0.800000
1960	1.000000	0.849275	0.800000
1970	1.000000	0.849015	0.800000
1980	1.000000	0.850899	0.800000
1990	1.000000	0.852036	0.800000
0	0.300503	0.900253	0.900000
10	0.896954	0.908228	0.900000
20	0.987108	0.916413	0.900000
30	0.997568	0.918653	0.900000
40	0.999146	0.919010	0.900000
50	0.999610	0.919761	0.900000
60	0.999699	0.918386	0.900000
70	0.999751	0.919195	0.900000
80	0.999784	0.919334	0.900000
90	0.999835	0.920067	0.900000
100	0.999880	0.919175	0.900000
110	0.999931	0.920532	0.900000
120	0.999964	0.920461	0.900000
130	0.999968	0.920637	0.900000
140	0.999991	0.920817	0.900000
150	0.999982	0.921288	0.900000
160	0.999978	0.920064	0.900000
170	0.999986	0.920619	0.900000
180	0.999989	0.920497	0.900000
190	1.000000	0.920789	0.900000
200	1.000000	0.920952	0.900000
210	1.000000	0.921348	0.900000
220	1.000000	0.921891	0.900000
230	1.000000	0.921295	0.900000
240	1.000000	0.921271	0.900000
250	1.000000	0.921130	0.900000
260	1.000000	0.921378	0.900000
270	1.000000	0.920546	0.900000
280	1.000000	0.920553	0.900000
290	1.000000	0.920369	0.900000
300	1.000000	0.920896	0.900000
310	1.000000	0.920542	0.900000
320	1.000000	0.922052	0.900000
330	1.000000	0.921364	0.900000
340	1.000000	0.920709	0.900000
350	1.000000	0.920892	0.900000
360	1.000000	0.920182	0.900000
370	1.000000	0.920674	0.900000
380	1.000000	0.920793	0.900000
390	1.000000	0.920427	0.900000
400	1.000000	0.920214	0.900000
410	1.000000	0.920281	0.900000
420	1.000000	0.920398	0.900000
430	1.000000	0.920412	0.900000
440	1.000000	0.920965	0.900000
450	1.000000	0.921561	0.900000
460	1.000000	0.921986	0.900000
470	1.000000	0.922906	0.900000
480	1.000000	0.922564	0.900000
490	1.000000	0.922744	0.900000
500	1.000000	0.922549	0.900000
510	1.000000	0.923492	0.900000
520	1.000000	0.923375	0.900000
530	1.000000	0.923386	0.900000
540	1.000000	0.923258	0.900000
550	1.000000	0.923261	0.900000
560	1.000000	0.923280	0.900000
570	1.000000	0.923801	0.900000
580	1.000000	0.925108	0.900000
590	1.000000	0.925076	0.900000
600	1.000000	0.925484	0.900000
610	1.000000	0.926021	0.900000
620	1.000000	0.926773	0.900000
630	1.000000	0.926837	0.900000
640	1.000000	0.926708	0.900000
650	1.000000	0.925944	0.900000
660	1.000000	0.925568	0.900000
670	1.000000	0.926081	0.900000
680	1.000000	0.926014	0.900000
690	1.000000	0.925993	0.900000
700	1.000000	0.926438	0.900000
710	1.000000	0.925437	0.900000
720	1.000000	0.925815	0.900000
730	1.000000	0.926084	0.900000
740	1.000000	0.926089	0.900000
750	1.000000	0.925685	0.900000
760	1.000000	0.925629	0.900000
770	1.000000	0.925265	0.900000
780	1.000000	0.925297	0.900000
790	1.000000	0.925744	0.900000
800	1.000000	0.925378	0.900000
810	1.000000	0.925496	0.900000
820	1.000000	0.925868	0.900000
830	1.000000	0.925127	0.900000
840	1.000000	0.925596	0.900000
850	1.000000	0.925468	0.900000
860	1.000000	0.925983	0.900000
870	1.000000	0.926389	0.900000
880	1.000000	0.927033	0.900000
890	1.000000	0.926213	0.900000
900	1.000000	0.926513	0.900000
910	1.000000	0.926105	0.900000
920	1.000000	0.926574	0.900000
930	1.000000	0.926538	0.900000
940	1.000000	0.927170	0.900000
950	1.000000	0.927459	0.900000
960	1.000000	0.927399	0.900000
970	1.000000	0.927957	0.900000
980	1.000000	0.928485	0.900000
990	1.000000	0.928208	0.900000
1000	1.000000	0.928558	0.900000
1010	1.000000	0.928273	0.900000
1020	1.000000	0.929677	0.900000
1030	1.000000	0.928514	0.900000
1040	1.000000	0.928614	0.900000
1050	1.000000	0.928627	0.900000
1060	1.000000	0.928381	0.900000
1070	1.000000	0.928110	0.900000
1080	1.000000	0.926558	0.900000
1090	1.000000	0.926834	0.900000
1100	1.000000	0.927068	0.900000
1110	1.000000	0.926833	0.900000
1120	1.000000	0.925866	0.900000
1130	1.000000	0.925037	0.900000
1140	1.000000	0.924681	0.900000
1150	1.000000	0.923915	0.900000
1160	1.000000	0.924937	0.900000
1170	1.000000	0.924567	0.900000
1180	1.000000	0.924229	0.900000
1190	1.000000	0.924823	0.900000
1200	1.000000	0.924576	0.900000
1210	1.000000	0.924488	0.900000
1220	1.000000	0.924003	0.900000
1230	1.000000	0.923554	0.900000
1240	1.000000	0.923466	0.900000
1250	1.000000	0.923430	0.900000
1260	1.000000	0.923790	0.900000
1270	1.000000	0.923676	0.900000
1280	1.000000	0.923943	0.900000
1290	1.000000	0.923174	0.900000
1300	1.000000	0.923858	0.900000
1310	1.000000	0.923675	0.900000
1320	1.000000	0.923531	0.900000
1330	1.000000	0.923758	0.900000
1340	1.000000	0.924193	0.900000
1350	1.000000	0.924105	0.900000
1360	1.000000	0.923529	0.900000
1370	1.000000	0.923300	0.900000
1380	1.000000	0.923161	0.900000
1390	1.000000	0.922907	0.900000
1400	1.000000	0.922631	0.900000
1410	1.000000	0.923636	0.900000
1420	1.000000	0.923398	0.900000
1430	1.000000	0.923913	0.900000
1440	1.000000	0.923467	0.900000
1450	1.000000	0.923842	0.900000
1460	1.000000	0.924107	0.900000
1470	1.000000	0.924341	0.900000
1480	1.000000	0.923689	0.900000
1490	1.000000	0.923819	0.900000
1500	1.000000	0.923151	0.900000
1510	1.000000	0.923305	0.900000
1520	1.000000	0.923017	0.900000
1530	1.000000	0.922486	0.900000
1540	1.000000	0.922134	0.900000
1550	1.000000	0.921684	0.900000
1560	1.000000	0.921955	0.900000
1570	1.000000	0.921222	0.900000
1580	1.000000	0.922203	0.900000
1590	1.000000	0.923622	0.900000
1600	1.000000	0.924100	0.900000
1610	1.000000	0.924722	0.900000
1620	1.000000	0.925138	0.900000
1630	1.000000	0.925375	0.900000
1640	1.000000	0.925612	0.900000
1650	1.000000	0.925805	0.900000
1660	1.000000	0.926137	0.900000
1670	1.000000	0.925699	0.900000
1680	1.000000	0.925853	0.900000
1690	1.000000	0.926527	0.900000
1700	1.000000	0.926727	0.900000
1710	1.000000	0.925464	0.900000
1720	1.000000	0.925592	0.900000
1730	1.000000	0.925596	0.900000
1740	1.000000	0.926103	0.900000
1750	1.000000	0.926249	0.900000
1760	1.000000	0.927014	0.900000
1770	1.000000	0.927277	0.900000
1780	1.000000	0.927910	0.900000
1790	1.000000	0.928147	0.900000
1800	1.000000	0.928774	0.900000
1810	1.000000	0.929256	0.900000
1820	1.000000	0.929115	0.900000
1830	1.000000	0.928876	0.900000
1840	1.000000	0.928492	0.900000
1850	1.000000	0.928474	0.900000
1860	1.000000	0.927278	0.900000
1870	1.000000	0.927565	0.900000
1880	1.000000	0.926246	0.900000
1890	1.000000	0.926057	0.900000
1900	1.000000	0.926389	0.900000
1910	1.000000	0.925727	0.900000
1920	1.000000	0.925668	0.900000
1930	1.000000	0.925539	0.900000
1940	1.000000	0.925324	0.900000
1950	1.000000	0.925555	0.900000
1960	1.000000	0.925721	0.900000
1970	1.000000	0.925600	0.900000
1980	1.000000	0.925635	0.900000
1990	1.000000	0.925848	0.900000
