0.299422	0.100076	0.168913	0.100016
0.168913	0.100016	0.121782	0.105891
0.121782	0.105891	0.118160	0.121945
0.118160	0.121945	0.137592	0.147753
0.137592	0.147753	0.172881	0.184462
0.172881	0.184462	0.217431	0.226853
0.217431	0.226853	0.270585	0.277094
0.270585	0.277094	0.329338	0.333212
0.329338	0.333212	0.389042	0.390650
0.389042	0.390650	0.448805	0.448984
0.448805	0.448984	0.507040	0.506153
0.507040	0.506153	0.562337	0.560831
0.562337	0.560831	0.615152	0.613198
0.615152	0.613198	0.663550	0.661111
0.663550	0.661111	0.707550	0.704780
0.707550	0.704780	0.747982	0.744732
0.747982	0.744732	0.783918	0.780542
0.783918	0.780542	0.816243	0.812894
0.816243	0.812894	0.844231	0.840863
0.844231	0.840863	0.869479	0.866116
0.869479	0.866116	0.891744	0.888427
0.891744	0.888427	0.911273	0.907966
0.911273	0.907966	0.927379	0.924051
0.927379	0.924051	0.942021	0.938752
0.942021	0.938752	0.953279	0.950036
0.953279	0.950036	0.962480	0.959442
0.962480	0.959442	0.970409	0.967237
0.970409	0.967237	0.977199	0.973916
0.977199	0.973916	0.982011	0.978823
0.982011	0.978823	0.986364	0.983188
0.986364	0.983188	0.989869	0.986649
0.989869	0.986649	0.992581	0.989185
0.992581	0.989185	0.994684	0.991228
0.994684	0.991228	0.996212	0.992719
0.996212	0.992719	0.997283	0.993892
0.997283	0.993892	0.998033	0.994542
0.998033	0.994542	0.998589	0.994783
0.998589	0.994783	0.999198	0.995175
0.999198	0.995175	0.999459	0.995699
0.999459	0.995699	0.999653	0.995961
0.999653	0.995961	0.999842	0.996392
0.999842	0.996392	0.999925	0.996472
0.999925	0.996472	0.999980	0.996679
0.999980	0.996679	0.999981	0.996684
0.999981	0.996684	0.999986	0.996692
0.999986	0.996692	0.999999	0.996625
0.999999	0.996625	1.000000	0.996574
1.000000	0.996574	1.000000	0.996828
1.000000	0.996828	1.000000	0.996949
1.000000	0.996949	1.000000	0.996939
1.000000	0.996939	1.000000	0.996813
1.000000	0.996813	1.000000	0.996763
1.000000	0.996763	1.000000	0.996811
1.000000	0.996811	1.000000	0.996833
1.000000	0.996833	1.000000	0.996740
1.000000	0.996740	1.000000	0.996695
1.000000	0.996695	1.000000	0.996684
1.000000	0.996684	1.000000	0.996393
1.000000	0.996393	1.000000	0.996412
1.000000	0.996412	1.000000	0.996354
1.000000	0.996354	1.000000	0.996363
1.000000	0.996363	1.000000	0.996620
1.000000	0.996620	1.000000	0.996557
1.000000	0.996557	1.000000	0.996508
1.000000	0.996508	1.000000	0.996634
1.000000	0.996634	1.000000	0.996818
1.000000	0.996818	1.000000	0.996696
1.000000	0.996696	1.000000	0.996351
1.000000	0.996351	1.000000	0.996354
1.000000	0.996354	1.000000	0.996326
1.000000	0.996326	1.000000	0.996374
1.000000	0.996374	1.000000	0.996227
1.000000	0.996227	1.000000	0.996208
1.000000	0.996208	1.000000	0.996232
1.000000	0.996232	1.000000	0.996135
1.000000	0.996135	1.000000	0.996110
1.000000	0.996110	1.000000	0.996242
1.000000	0.996242	1.000000	0.996159
1.000000	0.996159	1.000000	0.996248
1.000000	0.996248	1.000000	0.996165
1.000000	0.996165	1.000000	0.996064
1.000000	0.996064	1.000000	0.996229
1.000000	0.996229	1.000000	0.996195
1.000000	0.996195	1.000000	0.995937
1.000000	0.995937	1.000000	0.995833
1.000000	0.995833	1.000000	0.995897
1.000000	0.995897	1.000000	0.995998
1.000000	0.995998	1.000000	0.995911
1.000000	0.995911	1.000000	0.995984
1.000000	0.995984	1.000000	0.995598
1.000000	0.995598	1.000000	0.995557
1.000000	0.995557	1.000000	0.995606
1.000000	0.995606	1.000000	0.995747
1.000000	0.995747	1.000000	0.995658
1.000000	0.995658	1.000000	0.995737
1.000000	0.995737	1.000000	0.995827
1.000000	0.995827	1.000000	0.995704
1.000000	0.995704	1.000000	0.995771
1.000000	0.995771	1.000000	0.995875
1.000000	0.995875	1.000000	0.995808
1.000000	0.995808	1.000000	0.995736
1.000000	0.995736	1.000000	0.995748
1.000000	0.995748	1.000000	0.995597
1.000000	0.995597	1.000000	0.995631
1.000000	0.995631	1.000000	0.995952
1.000000	0.995952	1.000000	0.995918
1.000000	0.995918	1.000000	0.995807
1.000000	0.995807	1.000000	0.995809
1.000000	0.995809	1.000000	0.995730
1.000000	0.995730	1.000000	0.995680
1.000000	0.995680	1.000000	0.995860
1.000000	0.995860	1.000000	0.996027
1.000000	0.996027	1.000000	0.995806
1.000000	0.995806	1.000000	0.995801
1.000000	0.995801	1.000000	0.995745
1.000000	0.995745	1.000000	0.995451
1.000000	0.995451	1.000000	0.995259
1.000000	0.995259	1.000000	0.995268
1.000000	0.995268	1.000000	0.995277
1.000000	0.995277	1.000000	0.995209
1.000000	0.995209	1.000000	0.995258
1.000000	0.995258	1.000000	0.995335
1.000000	0.995335	1.000000	0.995451
1.000000	0.995451	1.000000	0.995509
1.000000	0.995509	1.000000	0.995609
1.000000	0.995609	1.000000	0.995667
1.000000	0.995667	1.000000	0.995634
1.000000	0.995634	1.000000	0.995645
1.000000	0.995645	1.000000	0.995667
1.000000	0.995667	1.000000	0.995631
1.000000	0.995631	1.000000	0.995472
1.000000	0.995472	1.000000	0.995673
1.000000	0.995673	1.000000	0.995659
1.000000	0.995659	1.000000	0.995769
1.000000	0.995769	1.000000	0.995780
1.000000	0.995780	1.000000	0.995847
1.000000	0.995847	1.000000	0.995764
1.000000	0.995764	1.000000	0.995828
1.000000	0.995828	1.000000	0.995735
1.000000	0.995735	1.000000	0.995756
1.000000	0.995756	1.000000	0.995686
1.000000	0.995686	1.000000	0.995793
1.000000	0.995793	1.000000	0.995789
1.000000	0.995789	1.000000	0.995857
1.000000	0.995857	1.000000	0.995651
1.000000	0.995651	1.000000	0.995370
1.000000	0.995370	1.000000	0.995499
1.000000	0.995499	1.000000	0.995433
1.000000	0.995433	1.000000	0.995311
1.000000	0.995311	1.000000	0.995330
1.000000	0.995330	1.000000	0.995388
1.000000	0.995388	1.000000	0.995259
1.000000	0.995259	1.000000	0.995258
1.000000	0.995258	1.000000	0.995258
1.000000	0.995258	1.000000	0.995378
1.000000	0.995378	1.000000	0.995430
1.000000	0.995430	1.000000	0.995590
1.000000	0.995590	1.000000	0.995860
1.000000	0.995860	1.000000	0.995995
1.000000	0.995995	1.000000	0.996074
1.000000	0.996074	1.000000	0.996182
1.000000	0.996182	1.000000	0.996164
1.000000	0.996164	1.000000	0.996120
1.000000	0.996120	1.000000	0.996191
1.000000	0.996191	1.000000	0.996131
1.000000	0.996131	1.000000	0.996078
1.000000	0.996078	1.000000	0.995999
1.000000	0.995999	1.000000	0.995715
1.000000	0.995715	1.000000	0.995703
1.000000	0.995703	1.000000	0.995791
1.000000	0.995791	1.000000	0.995800
1.000000	0.995800	1.000000	0.995716
1.000000	0.995716	1.000000	0.995828
1.000000	0.995828	1.000000	0.995786
1.000000	0.995786	1.000000	0.995829
1.000000	0.995829	1.000000	0.995698
1.000000	0.995698	1.000000	0.995757
1.000000	0.995757	1.000000	0.995661
1.000000	0.995661	1.000000	0.995908
1.000000	0.995908	1.000000	0.996019
1.000000	0.996019	1.000000	0.996040
1.000000	0.996040	1.000000	0.995946
1.000000	0.995946	1.000000	0.995987
1.000000	0.995987	1.000000	0.996176
1.000000	0.996176	1.000000	0.996165
1.000000	0.996165	1.000000	0.996188
1.000000	0.996188	1.000000	0.995905
1.000000	0.995905	1.000000	0.996091
1.000000	0.996091	1.000000	0.996154
1.000000	0.996154	1.000000	0.996150
1.000000	0.996150	1.000000	0.995980
1.000000	0.995980	1.000000	0.996012
1.000000	0.996012	1.000000	0.995901
1.000000	0.995901	1.000000	0.995876
1.000000	0.995876	1.000000	0.996017
1.000000	0.996017	1.000000	0.996008
1.000000	0.996008	1.000000	0.995762
1.000000	0.995762	1.000000	0.995840
1.000000	0.995840	1.000000	0.995920
0.299195	0.199738	0.267237	0.200549
0.267237	0.200549	0.267097	0.220144
0.267097	0.220144	0.294487	0.258255
0.294487	0.258255	0.347664	0.315606
0.347664	0.315606	0.413373	0.383256
0.413373	0.383256	0.486774	0.459048
0.486774	0.459048	0.562827	0.535290
0.562827	0.535290	0.638301	0.611861
0.638301	0.611861	0.705938	0.680680
0.705938	0.680680	0.765215	0.740436
0.765215	0.740436	0.815200	0.790757
0.815200	0.790757	0.856908	0.833340
0.856908	0.833340	0.892003	0.869041
0.892003	0.869041	0.918565	0.895649
0.918565	0.895649	0.939621	0.916397
0.939621	0.916397	0.956098	0.933186
0.956098	0.933186	0.968789	0.945849
0.968789	0.945849	0.978675	0.955412
0.978675	0.955412	0.985410	0.961972
0.985410	0.961972	0.990185	0.967063
0.990185	0.967063	0.993350	0.970331
0.993350	0.970331	0.995439	0.972204
0.995439	0.972204	0.997062	0.973729
0.997062	0.973729	0.998278	0.974825
0.998278	0.974825	0.999060	0.975809
0.999060	0.975809	0.999503	0.976467
0.999503	0.976467	0.999723	0.977018
0.999723	0.977018	0.999838	0.976999
0.999838	0.976999	0.999918	0.977312
0.999918	0.977312	0.999961	0.977158
0.999961	0.977158	0.999987	0.977209
0.999987	0.977209	0.999998	0.977057
0.999998	0.977057	1.000000	0.976857
1.000000	0.976857	1.000000	0.977052
1.000000	0.977052	1.000000	0.976849
1.000000	0.976849	1.000000	0.976724
1.000000	0.976724	1.000000	0.976883
1.000000	0.976883	1.000000	0.976859
1.000000	0.976859	1.000000	0.977344
1.000000	0.977344	1.000000	0.976829
1.000000	0.976829	1.000000	0.977069
1.000000	0.977069	1.000000	0.977602
1.000000	0.977602	1.000000	0.977890
1.000000	0.977890	1.000000	0.977169
1.000000	0.977169	1.000000	0.977157
1.000000	0.977157	1.000000	0.976878
1.000000	0.976878	1.000000	0.976611
1.000000	0.976611	1.000000	0.976840
1.000000	0.976840	1.000000	0.977009
1.000000	0.977009	1.000000	0.976742
1.000000	0.976742	1.000000	0.977059
1.000000	0.977059	1.000000	0.976348
1.000000	0.976348	1.000000	0.976764
1.000000	0.976764	1.000000	0.976718
1.000000	0.976718	1.000000	0.977290
1.000000	0.977290	1.000000	0.977149
1.000000	0.977149	1.000000	0.977450
1.000000	0.977450	1.000000	0.977396
1.000000	0.977396	1.000000	0.977643
1.000000	0.977643	1.000000	0.977548
1.000000	0.977548	1.000000	0.977351
1.000000	0.977351	1.000000	0.977499
1.000000	0.977499	1.000000	0.977785
1.000000	0.977785	1.000000	0.977766
1.000000	0.977766	1.000000	0.977723
1.000000	0.977723	1.000000	0.977544
1.000000	0.977544	1.000000	0.977824
1.000000	0.977824	1.000000	0.977872
1.000000	0.977872	1.000000	0.978176
1.000000	0.978176	1.000000	0.977697
1.000000	0.977697	1.000000	0.977901
1.000000	0.977901	1.000000	0.977938
1.000000	0.977938	1.000000	0.977978
1.000000	0.977978	1.000000	0.978245
1.000000	0.978245	1.000000	0.978417
1.000000	0.978417	1.000000	0.978284
1.000000	0.978284	1.000000	0.978331
1.000000	0.978331	1.000000	0.977795
1.000000	0.977795	1.000000	0.978216
1.000000	0.978216	1.000000	0.977713
1.000000	0.977713	1.000000	0.977591
1.000000	0.977591	1.000000	0.977587
1.000000	0.977587	1.000000	0.977227
1.000000	0.977227	1.000000	0.977556
1.000000	0.977556	1.000000	0.977844
1.000000	0.977844	1.000000	0.977627
1.000000	0.977627	1.000000	0.977053
1.000000	0.977053	1.000000	0.977003
1.000000	0.977003	1.000000	0.977119
1.000000	0.977119	1.000000	0.976629
1.000000	0.976629	1.000000	0.976810
1.000000	0.976810	1.000000	0.976768
1.000000	0.976768	1.000000	0.976692
1.000000	0.976692	1.000000	0.976439
1.000000	0.976439	1.000000	0.976986
1.000000	0.976986	1.000000	0.976678
1.000000	0.976678	1.000000	0.976676
1.000000	0.976676	1.000000	0.977031
1.000000	0.977031	1.000000	0.976858
1.000000	0.976858	1.000000	0.977095
1.000000	0.977095	1.000000	0.976757
1.000000	0.976757	1.000000	0.977107
1.000000	0.977107	1.000000	0.977680
1.000000	0.977680	1.000000	0.977942
1.000000	0.977942	1.000000	0.978186
1.000000	0.978186	1.000000	0.978186
1.000000	0.978186	1.000000	0.978087
1.000000	0.978087	1.000000	0.977999
1.000000	0.977999	1.000000	0.978304
1.000000	0.978304	1.000000	0.978083
1.000000	0.978083	1.000000	0.978167
1.000000	0.978167	1.000000	0.978017
1.000000	0.978017	1.000000	0.977986
1.000000	0.977986	1.000000	0.977739
1.000000	0.977739	1.000000	0.977519
1.000000	0.977519	1.000000	0.978124
1.000000	0.978124	1.000000	0.978460
1.000000	0.978460	1.000000	0.978319
1.000000	0.978319	1.000000	0.978463
1.000000	0.978463	1.000000	0.978616
1.000000	0.978616	1.000000	0.978543
1.000000	0.978543	1.000000	0.978404
1.000000	0.978404	1.000000	0.978883
1.000000	0.978883	1.000000	0.979316
1.000000	0.979316	1.000000	0.979486
1.000000	0.979486	1.000000	0.979538
1.000000	0.979538	1.000000	0.979669
1.000000	0.979669	1.000000	0.979349
1.000000	0.979349	1.000000	0.979541
1.000000	0.979541	1.000000	0.979588
1.000000	0.979588	1.000000	0.979531
1.000000	0.979531	1.000000	0.979274
1.000000	0.979274	1.000000	0.978559
1.000000	0.978559	1.000000	0.978691
1.000000	0.978691	1.000000	0.978946
1.000000	0.978946	1.000000	0.978476
1.000000	0.978476	1.000000	0.978562
1.000000	0.978562	1.000000	0.978791
1.000000	0.978791	1.000000	0.978656
1.000000	0.978656	1.000000	0.978623
1.000000	0.978623	1.000000	0.978583
1.000000	0.978583	1.000000	0.978605
1.000000	0.978605	1.000000	0.978654
1.000000	0.978654	1.000000	0.978780
1.000000	0.978780	1.000000	0.978459
1.000000	0.978459	1.000000	0.978462
1.000000	0.978462	1.000000	0.978894
1.000000	0.978894	1.000000	0.979643
1.000000	0.979643	1.000000	0.979888
1.000000	0.979888	1.000000	0.980244
1.000000	0.980244	1.000000	0.980105
1.000000	0.980105	1.000000	0.980223
1.000000	0.980223	1.000000	0.979731
1.000000	0.979731	1.000000	0.979949
1.000000	0.979949	1.000000	0.980480
1.000000	0.980480	1.000000	0.980254
1.000000	0.980254	1.000000	0.980454
1.000000	0.980454	1.000000	0.980353
1.000000	0.980353	1.000000	0.980452
1.000000	0.980452	1.000000	0.980853
1.000000	0.980853	1.000000	0.981466
1.000000	0.981466	1.000000	0.981380
1.000000	0.981380	1.000000	0.981482
1.000000	0.981482	1.000000	0.981665
1.000000	0.981665	1.000000	0.981209
1.000000	0.981209	1.000000	0.981210
1.000000	0.981210	1.000000	0.980991
1.000000	0.980991	1.000000	0.981460
1.000000	0.981460	1.000000	0.981615
1.000000	0.981615	1.000000	0.981801
1.000000	0.981801	1.000000	0.981831
1.000000	0.981831	1.000000	0.981831
1.000000	0.981831	1.000000	0.981514
1.000000	0.981514	1.000000	0.981240
1.000000	0.981240	1.000000	0.981071
1.000000	0.981071	1.000000	0.981512
1.000000	0.981512	1.000000	0.981407
1.000000	0.981407	1.000000	0.981122
1.000000	0.981122	1.000000	0.981077
1.000000	0.981077	1.000000	0.981268
1.000000	0.981268	1.000000	0.981192
1.000000	0.981192	1.000000	0.981288
1.000000	0.981288	1.000000	0.981193
1.000000	0.981193	1.000000	0.981218
1.000000	0.981218	1.000000	0.981203
1.000000	0.981203	1.000000	0.981104
1.000000	0.981104	1.000000	0.981548
1.000000	0.981548	1.000000	0.981476
1.000000	0.981476	1.000000	0.981712
1.000000	0.981712	1.000000	0.981639
1.000000	0.981639	1.000000	0.981612
1.000000	0.981612	1.000000	0.981608
1.000000	0.981608	1.000000	0.981801
1.000000	0.981801	1.000000	0.981882
1.000000	0.981882	1.000000	0.981552
1.000000	0.981552	1.000000	0.981539
1.000000	0.981539	1.000000	0.981991
1.000000	0.981991	1.000000	0.981734
1.000000	0.981734	1.000000	0.981489
0.299539	0.298966	0.377268	0.307162
0.377268	0.307162	0.436394	0.339287
0.436394	0.339287	0.493193	0.391508
0.493193	0.391508	0.552635	0.457593
0.552635	0.457593	0.616076	0.529394
0.616076	0.529394	0.680692	0.601943
0.680692	0.601943	0.742914	0.670778
0.742914	0.670778	0.798901	0.732484
0.798901	0.732484	0.848782	0.785201
0.848782	0.785201	0.889480	0.828380
0.889480	0.828380	0.920318	0.860170
0.920318	0.860170	0.943643	0.884363
0.943643	0.884363	0.961324	0.903486
0.961324	0.903486	0.973849	0.916411
0.973849	0.916411	0.982625	0.925266
0.982625	0.925266	0.988496	0.931386
0.988496	0.931386	0.992604	0.934433
0.992604	0.934433	0.994937	0.937399
0.994937	0.937399	0.996497	0.939358
0.996497	0.939358	0.997681	0.940869
0.997681	0.940869	0.998400	0.942116
0.998400	0.942116	0.998939	0.942497
0.998939	0.942497	0.999320	0.942459
0.999320	0.942459	0.999648	0.942384
0.999648	0.942384	0.999764	0.941723
0.999764	0.941723	0.999899	0.942757
0.999899	0.942757	0.999927	0.943058
0.999927	0.943058	0.999951	0.942598
0.999951	0.942598	0.999953	0.943199
0.999953	0.943199	0.999966	0.943949
0.999966	0.943949	0.999984	0.944101
0.999984	0.944101	0.999986	0.944550
0.999986	0.944550	0.999984	0.944701
0.999984	0.944701	0.999996	0.944454
0.999996	0.944454	1.000000	0.944507
1.000000	0.944507	1.000000	0.944780
1.000000	0.944780	1.000000	0.945342
1.000000	0.945342	1.000000	0.944999
1.000000	0.944999	1.000000	0.945027
1.000000	0.945027	1.000000	0.945406
1.000000	0.945406	1.000000	0.945801
1.000000	0.945801	1.000000	0.945659
1.000000	0.945659	1.000000	0.945487
1.000000	0.945487	1.000000	0.945828
1.000000	0.945828	1.000000	0.944684
1.000000	0.944684	1.000000	0.944603
1.000000	0.944603	1.000000	0.944629
1.000000	0.944629	1.000000	0.944775
1.000000	0.944775	1.000000	0.944299
1.000000	0.944299	1.000000	0.943814
1.000000	0.943814	1.000000	0.943468
1.000000	0.943468	1.000000	0.943395
1.000000	0.943395	1.000000	0.943155
1.000000	0.943155	1.000000	0.943415
1.000000	0.943415	1.000000	0.943468
1.000000	0.943468	1.000000	0.944183
1.000000	0.944183	1.000000	0.944239
1.000000	0.944239	1.000000	0.944119
1.000000	0.944119	1.000000	0.943377
1.000000	0.943377	1.000000	0.943364
1.000000	0.943364	1.000000	0.943126
1.000000	0.943126	1.000000	0.942928
1.000000	0.942928	1.000000	0.942738
1.000000	0.942738	1.000000	0.942941
1.000000	0.942941	1.000000	0.943094
1.000000	0.943094	1.000000	0.943046
1.000000	0.943046	1.000000	0.942786
1.000000	0.942786	1.000000	0.942915
1.000000	0.942915	1.000000	0.942525
1.000000	0.942525	1.000000	0.942401
1.000000	0.942401	1.000000	0.943220
1.000000	0.943220	1.000000	0.943281
1.000000	0.943281	1.000000	0.942772
1.000000	0.942772	1.000000	0.942849
1.000000	0.942849	1.000000	0.942523
1.000000	0.942523	1.000000	0.942558
1.000000	0.942558	1.000000	0.942390
1.000000	0.942390	1.000000	0.943109
1.000000	0.943109	1.000000	0.942676
1.000000	0.942676	1.000000	0.942472
1.000000	0.942472	1.000000	0.943101
1.000000	0.943101	1.000000	0.943423
1.000000	0.943423	1.000000	0.943754
1.000000	0.943754	1.000000	0.943224
1.000000	0.943224	1.000000	0.942862
1.000000	0.942862	1.000000	0.942611
1.000000	0.942611	1.000000	0.943327
1.000000	0.943327	1.000000	0.943269
1.000000	0.943269	1.000000	0.943564
1.000000	0.943564	1.000000	0.943397
1.000000	0.943397	1.000000	0.944080
1.000000	0.944080	1.000000	0.943805
1.000000	0.943805	1.000000	0.944032
1.000000	0.944032	1.000000	0.944395
1.000000	0.944395	1.000000	0.945094
1.000000	0.945094	1.000000	0.944942
1.000000	0.944942	1.000000	0.944899
1.000000	0.944899	1.000000	0.944157
1.000000	0.944157	1.000000	0.943609
1.000000	0.943609	1.000000	0.943839
1.000000	0.943839	1.000000	0.944444
1.000000	0.944444	1.000000	0.944859
1.000000	0.944859	1.000000	0.944958
1.000000	0.944958	1.000000	0.944385
1.000000	0.944385	1.000000	0.944669
1.000000	0.944669	1.000000	0.944755
1.000000	0.944755	1.000000	0.944530
1.000000	0.944530	1.000000	0.944912
1.000000	0.944912	1.000000	0.944793
1.000000	0.944793	1.000000	0.946211
1.000000	0.946211	1.000000	0.946270
1.000000	0.946270	1.000000	0.945823
1.000000	0.945823	1.000000	0.945728
1.000000	0.945728	1.000000	0.946310
1.000000	0.946310	1.000000	0.946348
1.000000	0.946348	1.000000	0.946844
1.000000	0.946844	1.000000	0.947162
1.000000	0.947162	1.000000	0.947627
1.000000	0.947627	1.000000	0.947607
1.000000	0.947607	1.000000	0.947720
1.000000	0.947720	1.000000	0.947259
1.000000	0.947259	1.000000	0.947680
1.000000	0.947680	1.000000	0.948106
1.000000	0.948106	1.000000	0.948016
1.000000	0.948016	1.000000	0.947826
1.000000	0.947826	1.000000	0.947281
1.000000	0.947281	1.000000	0.947610
1.000000	0.947610	1.000000	0.947658
1.000000	0.947658	1.000000	0.947361
1.000000	0.947361	1.000000	0.947366
1.000000	0.947366	1.000000	0.947083
1.000000	0.947083	1.000000	0.946649
1.000000	0.946649	1.000000	0.946550
1.000000	0.946550	1.000000	0.946917
1.000000	0.946917	1.000000	0.946537
1.000000	0.946537	1.000000	0.946885
1.000000	0.946885	1.000000	0.947475
1.000000	0.947475	1.000000	0.947271
1.000000	0.947271	1.000000	0.946874
1.000000	0.946874	1.000000	0.947032
1.000000	0.947032	1.000000	0.946634
1.000000	0.946634	1.000000	0.946492
1.000000	0.946492	1.000000	0.946754
1.000000	0.946754	1.000000	0.947076
1.000000	0.947076	1.000000	0.947446
1.000000	0.947446	1.000000	0.947320
1.000000	0.947320	1.000000	0.948060
1.000000	0.948060	1.000000	0.947616
1.000000	0.947616	1.000000	0.948060
1.000000	0.948060	1.000000	0.947835
1.000000	0.947835	1.000000	0.947435
1.000000	0.947435	1.000000	0.946888
1.000000	0.946888	1.000000	0.947323
1.000000	0.947323	1.000000	0.947767
1.000000	0.947767	1.000000	0.947682
1.000000	0.947682	1.000000	0.947276
1.000000	0.947276	1.000000	0.946551
1.000000	0.946551	1.000000	0.947141
1.000000	0.947141	1.000000	0.947100
1.000000	0.947100	1.000000	0.947908
1.000000	0.947908	1.000000	0.947827
1.000000	0.947827	1.000000	0.948001
1.000000	0.948001	1.000000	0.948637
1.000000	0.948637	1.000000	0.948096
1.000000	0.948096	1.000000	0.948499
1.000000	0.948499	1.000000	0.948825
1.000000	0.948825	1.000000	0.948904
1.000000	0.948904	1.000000	0.949115
1.000000	0.949115	1.000000	0.948928
1.000000	0.948928	1.000000	0.949385
1.000000	0.949385	1.000000	0.948725
1.000000	0.948725	1.000000	0.948604
1.000000	0.948604	1.000000	0.948330
1.000000	0.948330	1.000000	0.947825
1.000000	0.947825	1.000000	0.948111
1.000000	0.948111	1.000000	0.948358
1.000000	0.948358	1.000000	0.949017
1.000000	0.949017	1.000000	0.948887
1.000000	0.948887	1.000000	0.949246
1.000000	0.949246	1.000000	0.949963
1.000000	0.949963	1.000000	0.948968
1.000000	0.948968	1.000000	0.948423
1.000000	0.948423	1.000000	0.949188
1.000000	0.949188	1.000000	0.949012
1.000000	0.949012	1.000000	0.948318
1.000000	0.948318	1.000000	0.947897
1.000000	0.947897	1.000000	0.948426
1.000000	0.948426	1.000000	0.948203
1.000000	0.948203	1.000000	0.947710
1.000000	0.947710	1.000000	0.947924
1.000000	0.947924	1.000000	0.948128
1.000000	0.948128	1.000000	0.947746
1.000000	0.947746	1.000000	0.947030
1.000000	0.947030	1.000000	0.947598
1.000000	0.947598	1.000000	0.947052
1.000000	0.947052	1.000000	0.947093
1.000000	0.947093	1.000000	0.946058
1.000000	0.946058	1.000000	0.945765
1.000000	0.945765	1.000000	0.945889
0.300555	0.399710	0.495138	0.413160
0.495138	0.413160	0.603698	0.453157
0.603698	0.453157	0.667431	0.505106
0.667431	0.505106	0.713481	0.559654
0.713481	0.559654	0.756119	0.616989
0.756119	0.616989	0.797488	0.669980
0.797488	0.669980	0.837273	0.720024
0.837273	0.720024	0.872515	0.762262
0.872515	0.762262	0.901816	0.796766
0.901816	0.796766	0.926110	0.825304
0.926110	0.825304	0.945534	0.847492
0.945534	0.847492	0.960705	0.864884
0.960705	0.864884	0.972919	0.877287
0.972919	0.877287	0.981109	0.887353
0.981109	0.887353	0.986431	0.893997
0.986431	0.893997	0.990638	0.899244
0.990638	0.899244	0.993553	0.902206
0.993553	0.902206	0.995674	0.904932
0.995674	0.904932	0.997027	0.907337
0.997027	0.907337	0.997936	0.907656
0.997936	0.907656	0.998487	0.907113
0.998487	0.907113	0.998788	0.907594
0.998788	0.907594	0.999066	0.908496
0.999066	0.908496	0.999213	0.909296
0.999213	0.909296	0.999441	0.909379
0.999441	0.909379	0.999589	0.908810
0.999589	0.908810	0.999682	0.908605
0.999682	0.908605	0.999786	0.909931
0.999786	0.909931	0.999862	0.910684
0.999862	0.910684	0.999907	0.910381
0.999907	0.910381	0.999876	0.909685
0.999876	0.909685	0.999871	0.909388
0.999871	0.909388	0.999860	0.909326
0.999860	0.909326	0.999860	0.908611
0.999860	0.908611	0.999873	0.908772
0.999873	0.908772	0.999902	0.908406
0.999902	0.908406	0.999933	0.908576
0.999933	0.908576	0.999981	0.909187
0.999981	0.909187	0.999987	0.909014
0.999987	0.909014	0.999989	0.908909
0.999989	0.908909	1.000000	0.908830
1.000000	0.908830	1.000000	0.909474
1.000000	0.909474	1.000000	0.908258
1.000000	0.908258	1.000000	0.909178
1.000000	0.909178	1.000000	0.908704
1.000000	0.908704	1.000000	0.907643
1.000000	0.907643	1.000000	0.907403
1.000000	0.907403	1.000000	0.907111
1.000000	0.907111	1.000000	0.906821
1.000000	0.906821	1.000000	0.906857
1.000000	0.906857	1.000000	0.907057
1.000000	0.907057	1.000000	0.907438
1.000000	0.907438	1.000000	0.907033
1.000000	0.907033	1.000000	0.907618
1.000000	0.907618	1.000000	0.907888
1.000000	0.907888	1.000000	0.908683
1.000000	0.908683	1.000000	0.908649
1.000000	0.908649	1.000000	0.909135
1.000000	0.909135	1.000000	0.909594
1.000000	0.909594	1.000000	0.909420
1.000000	0.909420	1.000000	0.909889
1.000000	0.909889	1.000000	0.909269
1.000000	0.909269	1.000000	0.909234
1.000000	0.909234	1.000000	0.908935
1.000000	0.908935	1.000000	0.907921
1.000000	0.907921	1.000000	0.907599
1.000000	0.907599	1.000000	0.908162
1.000000	0.908162	1.000000	0.907678
1.000000	0.907678	1.000000	0.908232
1.000000	0.908232	1.000000	0.908012
1.000000	0.908012	1.000000	0.908009
1.000000	0.908009	1.000000	0.907958
1.000000	0.907958	1.000000	0.907857
1.000000	0.907857	1.000000	0.907665
1.000000	0.907665	1.000000	0.908016
1.000000	0.908016	1.000000	0.907848
1.000000	0.907848	1.000000	0.908247
1.000000	0.908247	1.000000	0.909324
1.000000	0.909324	1.000000	0.910370
1.000000	0.910370	1.000000	0.910621
1.000000	0.910621	1.000000	0.909900
1.000000	0.909900	1.000000	0.909285
1.000000	0.909285	1.000000	0.909846
1.000000	0.909846	1.000000	0.910150
1.000000	0.910150	1.000000	0.910001
1.000000	0.910001	1.000000	0.909865
1.000000	0.909865	1.000000	0.909444
1.000000	0.909444	1.000000	0.909190
1.000000	0.909190	1.000000	0.909528
1.000000	0.909528	1.000000	0.909331
1.000000	0.909331	1.000000	0.909306
1.000000	0.909306	1.000000	0.910084
1.000000	0.910084	1.000000	0.910159
1.000000	0.910159	1.000000	0.911246
1.000000	0.911246	1.000000	0.911773
1.000000	0.911773	1.000000	0.910261
1.000000	0.910261	1.000000	0.910379
1.000000	0.910379	1.000000	0.909999
1.000000	0.909999	1.000000	0.909592
1.000000	0.909592	1.000000	0.910743
1.000000	0.910743	1.000000	0.910758
1.000000	0.910758	1.000000	0.910467
1.000000	0.910467	1.000000	0.910154
1.000000	0.910154	1.000000	0.909809
1.000000	0.909809	1.000000	0.910552
1.000000	0.910552	1.000000	0.909967
1.000000	0.909967	1.000000	0.910542
1.000000	0.910542	1.000000	0.910747
1.000000	0.910747	1.000000	0.910854
1.000000	0.910854	1.000000	0.910038
1.000000	0.910038	1.000000	0.909603
1.000000	0.909603	1.000000	0.909690
1.000000	0.909690	1.000000	0.909990
1.000000	0.909990	1.000000	0.910270
1.000000	0.910270	1.000000	0.910313
1.000000	0.910313	1.000000	0.910037
1.000000	0.910037	1.000000	0.910818
1.000000	0.910818	1.000000	0.911001
1.000000	0.911001	1.000000	0.910011
1.000000	0.910011	1.000000	0.910771
1.000000	0.910771	1.000000	0.911004
1.000000	0.911004	1.000000	0.911256
1.000000	0.911256	1.000000	0.911570
1.000000	0.911570	1.000000	0.911391
1.000000	0.911391	1.000000	0.911855
1.000000	0.911855	1.000000	0.911905
1.000000	0.911905	1.000000	0.911895
1.000000	0.911895	1.000000	0.911745
1.000000	0.911745	1.000000	0.911473
1.000000	0.911473	1.000000	0.911217
1.000000	0.911217	1.000000	0.911274
1.000000	0.911274	1.000000	0.910461
1.000000	0.910461	1.000000	0.911018
1.000000	0.911018	1.000000	0.911290
1.000000	0.911290	1.000000	0.910951
1.000000	0.910951	1.000000	0.910814
1.000000	0.910814	1.000000	0.911690
1.000000	0.911690	1.000000	0.912152
1.000000	0.912152	1.000000	0.911952
1.000000	0.911952	1.000000	0.912401
1.000000	0.912401	1.000000	0.912316
1.000000	0.912316	1.000000	0.911596
1.000000	0.911596	1.000000	0.911378
1.000000	0.911378	1.000000	0.910697
1.000000	0.910697	1.000000	0.910420
1.000000	0.910420	1.000000	0.909074
1.000000	0.909074	1.000000	0.908725
1.000000	0.908725	1.000000	0.908449
1.000000	0.908449	1.000000	0.908282
1.000000	0.908282	1.000000	0.908137
1.000000	0.908137	1.000000	0.909088
1.000000	0.909088	1.000000	0.908647
1.000000	0.908647	1.000000	0.908639
1.000000	0.908639	1.000000	0.908755
1.000000	0.908755	1.000000	0.909055
1.000000	0.909055	1.000000	0.909863
1.000000	0.909863	1.000000	0.910616
1.000000	0.910616	1.000000	0.910360
1.000000	0.910360	1.000000	0.910984
1.000000	0.910984	1.000000	0.910628
1.000000	0.910628	1.000000	0.910206
1.000000	0.910206	1.000000	0.910266
1.000000	0.910266	1.000000	0.910380
1.000000	0.910380	1.000000	0.909226
1.000000	0.909226	1.000000	0.909377
1.000000	0.909377	1.000000	0.909304
1.000000	0.909304	1.000000	0.909292
1.000000	0.909292	1.000000	0.909474
1.000000	0.909474	1.000000	0.909907
1.000000	0.909907	1.000000	0.910132
1.000000	0.910132	1.000000	0.910018
1.000000	0.910018	1.000000	0.910110
1.000000	0.910110	1.000000	0.911136
1.000000	0.911136	1.000000	0.912486
1.000000	0.912486	1.000000	0.911863
1.000000	0.911863	1.000000	0.912350
1.000000	0.912350	1.000000	0.912253
1.000000	0.912253	1.000000	0.912352
1.000000	0.912352	1.000000	0.912847
1.000000	0.912847	1.000000	0.912401
1.000000	0.912401	1.000000	0.912246
1.000000	0.912246	1.000000	0.912589
1.000000	0.912589	1.000000	0.912522
1.000000	0.912522	1.000000	0.912315
1.000000	0.912315	1.000000	0.911819
1.000000	0.911819	1.000000	0.912131
1.000000	0.912131	1.000000	0.911559
1.000000	0.911559	1.000000	0.912571
1.000000	0.912571	1.000000	0.911850
1.000000	0.911850	1.000000	0.912114
1.000000	0.912114	1.000000	0.912548
1.000000	0.912548	1.000000	0.912277
1.000000	0.912277	1.000000	0.912314
1.000000	0.912314	1.000000	0.912226
1.000000	0.912226	1.000000	0.912745
1.000000	0.912745	1.000000	0.913290
1.000000	0.913290	1.000000	0.912921
1.000000	0.912921	1.000000	0.913760
1.000000	0.913760	1.000000	0.913137
0.299565	0.501148	0.605433	0.516781
0.605433	0.516781	0.744568	0.559103
0.744568	0.559103	0.803970	0.602512
0.803970	0.602512	0.838592	0.644231
0.838592	0.644231	0.862859	0.681079
0.862859	0.681079	0.884346	0.713358
0.884346	0.713358	0.902245	0.740898
0.902245	0.740898	0.918888	0.765339
0.918888	0.765339	0.933494	0.785359
0.933494	0.785359	0.945949	0.801661
0.945949	0.801661	0.956923	0.816120
0.956923	0.816120	0.965547	0.827637
0.965547	0.827637	0.972277	0.836541
0.972277	0.836541	0.977392	0.842498
0.977392	0.842498	0.981569	0.847663
0.981569	0.847663	0.985183	0.852340
0.985183	0.852340	0.988243	0.857140
0.988243	0.857140	0.990363	0.860690
0.990363	0.860690	0.992424	0.862422
0.992424	0.862422	0.993692	0.864033
0.993692	0.864033	0.994953	0.865044
0.994953	0.865044	0.995687	0.865387
0.995687	0.865387	0.996626	0.867028
0.996626	0.867028	0.997033	0.866801
0.997033	0.866801	0.997589	0.867553
0.997589	0.867553	0.998095	0.868946
0.998095	0.868946	0.998389	0.869490
0.998389	0.869490	0.998657	0.870228
0.998657	0.870228	0.998802	0.870698
0.998802	0.870698	0.998816	0.870095
0.998816	0.870095	0.998847	0.870608
0.998847	0.870608	0.998916	0.869992
0.998916	0.869992	0.998970	0.869455
0.998970	0.869455	0.999062	0.868623
0.999062	0.868623	0.999107	0.870786
0.999107	0.870786	0.999226	0.869690
0.999226	0.869690	0.999308	0.869376
0.999308	0.869376	0.999400	0.869731
0.999400	0.869731	0.999541	0.870223
0.999541	0.870223	0.999609	0.871250
0.999609	0.871250	0.999700	0.871849
0.999700	0.871849	0.999762	0.871363
0.999762	0.871363	0.999822	0.869477
0.999822	0.869477	0.999836	0.868567
0.999836	0.868567	0.999875	0.868453
0.999875	0.868453	0.999912	0.867993
0.999912	0.867993	0.999929	0.868316
0.999929	0.868316	0.999938	0.867691
0.999938	0.867691	0.999948	0.868209
0.999948	0.868209	0.999967	0.867236
0.999967	0.867236	0.999980	0.868338
0.999980	0.868338	0.999994	0.868434
0.999994	0.868434	0.999994	0.867590
0.999994	0.867590	1.000000	0.867650
1.000000	0.867650	1.000000	0.867102
1.000000	0.867102	1.000000	0.867588
1.000000	0.867588	1.000000	0.867365
1.000000	0.867365	1.000000	0.867134
1.000000	0.867134	1.000000	0.867123
1.000000	0.867123	1.000000	0.867812
1.000000	0.867812	1.000000	0.867792
1.000000	0.867792	1.000000	0.867718
1.000000	0.867718	1.000000	0.868309
1.000000	0.868309	1.000000	0.869496
1.000000	0.869496	1.000000	0.869099
1.000000	0.869099	1.000000	0.868461
1.000000	0.868461	1.000000	0.868055
1.000000	0.868055	1.000000	0.868043
1.000000	0.868043	1.000000	0.868218
1.000000	0.868218	1.000000	0.868390
1.000000	0.868390	1.000000	0.868705
1.000000	0.868705	1.000000	0.868948
1.000000	0.868948	1.000000	0.868999
1.000000	0.868999	1.000000	0.869275
1.000000	0.869275	1.000000	0.868703
1.000000	0.868703	1.000000	0.868002
1.000000	0.868002	1.000000	0.869119
1.000000	0.869119	1.000000	0.869041
1.000000	0.869041	1.000000	0.869422
1.000000	0.869422	1.000000	0.869610
1.000000	0.869610	1.000000	0.869256
1.000000	0.869256	1.000000	0.869121
1.000000	0.869121	1.000000	0.868217
1.000000	0.868217	1.000000	0.868423
1.000000	0.868423	1.000000	0.867450
1.000000	0.867450	1.000000	0.867740
1.000000	0.867740	1.000000	0.867957
1.000000	0.867957	1.000000	0.868549
1.000000	0.868549	1.000000	0.868723
1.000000	0.868723	1.000000	0.867923
1.000000	0.867923	1.000000	0.867167
1.000000	0.867167	1.000000	0.867419
1.000000	0.867419	1.000000	0.866692
1.000000	0.866692	1.000000	0.867534
1.000000	0.867534	1.000000	0.867035
1.000000	0.867035	1.000000	0.866730
1.000000	0.866730	1.000000	0.868529
1.000000	0.868529	1.000000	0.867795
1.000000	0.867795	1.000000	0.867993
1.000000	0.867993	1.000000	0.869749
1.000000	0.869749	1.000000	0.869468
1.000000	0.869468	1.000000	0.868720
1.000000	0.868720	1.000000	0.868567
1.000000	0.868567	1.000000	0.869503
1.000000	0.869503	1.000000	0.869228
1.000000	0.869228	1.000000	0.868119
1.000000	0.868119	1.000000	0.867395
1.000000	0.867395	1.000000	0.866736
1.000000	0.866736	1.000000	0.866701
1.000000	0.866701	1.000000	0.866231
1.000000	0.866231	1.000000	0.866968
1.000000	0.866968	1.000000	0.865708
1.000000	0.865708	1.000000	0.865442
1.000000	0.865442	1.000000	0.865671
1.000000	0.865671	1.000000	0.865324
1.000000	0.865324	1.000000	0.866398
1.000000	0.866398	1.000000	0.865995
1.000000	0.865995	1.000000	0.865690
1.000000	0.865690	1.000000	0.866312
1.000000	0.866312	1.000000	0.867339
1.000000	0.867339	1.000000	0.867187
1.000000	0.867187	1.000000	0.868761
1.000000	0.868761	1.000000	0.870209
1.000000	0.870209	1.000000	0.869990
1.000000	0.869990	1.000000	0.869814
1.000000	0.869814	1.000000	0.870816
1.000000	0.870816	1.000000	0.871525
1.000000	0.871525	1.000000	0.871023
1.000000	0.871023	1.000000	0.871025
1.000000	0.871025	1.000000	0.871044
1.000000	0.871044	1.000000	0.869973
1.000000	0.869973	1.000000	0.868719
1.000000	0.868719	1.000000	0.867375
1.000000	0.867375	1.000000	0.868605
1.000000	0.868605	1.000000	0.868832
1.000000	0.868832	1.000000	0.868716
1.000000	0.868716	1.000000	0.869136
1.000000	0.869136	1.000000	0.870783
1.000000	0.870783	1.000000	0.870669
1.000000	0.870669	1.000000	0.871447
1.000000	0.871447	1.000000	0.872398
1.000000	0.872398	1.000000	0.872908
1.000000	0.872908	1.000000	0.873338
1.000000	0.873338	1.000000	0.872944
1.000000	0.872944	1.000000	0.873414
1.000000	0.873414	1.000000	0.872873
1.000000	0.872873	1.000000	0.871884
1.000000	0.871884	1.000000	0.871669
1.000000	0.871669	1.000000	0.872065
1.000000	0.872065	1.000000	0.870907
1.000000	0.870907	1.000000	0.870808
1.000000	0.870808	1.000000	0.872055
1.000000	0.872055	1.000000	0.871544
1.000000	0.871544	1.000000	0.872834
1.000000	0.872834	1.000000	0.871865
1.000000	0.871865	1.000000	0.871957
1.000000	0.871957	1.000000	0.871450
1.000000	0.871450	1.000000	0.870436
1.000000	0.870436	1.000000	0.870711
1.000000	0.870711	1.000000	0.871622
1.000000	0.871622	1.000000	0.871094
1.000000	0.871094	1.000000	0.871145
1.000000	0.871145	1.000000	0.870683
1.000000	0.870683	1.000000	0.870764
1.000000	0.870764	1.000000	0.870349
1.000000	0.870349	1.000000	0.870795
1.000000	0.870795	1.000000	0.870766
1.000000	0.870766	1.000000	0.870934
1.000000	0.870934	1.000000	0.871536
1.000000	0.871536	1.000000	0.872642
1.000000	0.872642	1.000000	0.872753
1.000000	0.872753	1.000000	0.872679
1.000000	0.872679	1.000000	0.872350
1.000000	0.872350	1.000000	0.872052
1.000000	0.872052	1.000000	0.871883
1.000000	0.871883	1.000000	0.870873
1.000000	0.870873	1.000000	0.870601
1.000000	0.870601	1.000000	0.871359
1.000000	0.871359	1.000000	0.872073
1.000000	0.872073	1.000000	0.872024
1.000000	0.872024	1.000000	0.872840
1.000000	0.872840	1.000000	0.872852
1.000000	0.872852	1.000000	0.872973
1.000000	0.872973	1.000000	0.872812
1.000000	0.872812	1.000000	0.872678
1.000000	0.872678	1.000000	0.873163
1.000000	0.873163	1.000000	0.873555
1.000000	0.873555	1.000000	0.872365
1.000000	0.872365	1.000000	0.871913
1.000000	0.871913	1.000000	0.871462
1.000000	0.871462	1.000000	0.871325
1.000000	0.871325	1.000000	0.870257
1.000000	0.870257	1.000000	0.871161
1.000000	0.871161	1.000000	0.870638
1.000000	0.870638	1.000000	0.870361
1.000000	0.870361	1.000000	0.869353
1.000000	0.869353	1.000000	0.869708
1.000000	0.869708	1.000000	0.870447
1.000000	0.870447	1.000000	0.870685
0.299789	0.599322	0.706404	0.617638
0.706404	0.617638	0.848687	0.654088
0.848687	0.654088	0.898269	0.685492
0.898269	0.685492	0.920556	0.708974
0.920556	0.708974	0.933418	0.728924
0.933418	0.728924	0.942513	0.746561
0.942513	0.746561	0.950053	0.760410
0.950053	0.760410	0.955758	0.771872
0.955758	0.771872	0.960801	0.781604
0.960801	0.781604	0.965610	0.790131
0.965610	0.790131	0.970094	0.798221
0.970094	0.798221	0.974439	0.805577
0.974439	0.805577	0.978096	0.812830
0.978096	0.812830	0.981011	0.816792
0.981011	0.816792	0.984074	0.821343
0.984074	0.821343	0.986985	0.825561
0.986985	0.825561	0.988905	0.827487
0.988905	0.827487	0.990520	0.830582
0.990520	0.830582	0.992184	0.834002
0.992184	0.834002	0.993500	0.837463
0.993500	0.837463	0.994253	0.840030
0.994253	0.840030	0.994968	0.840730
0.994968	0.840730	0.995544	0.840683
0.995544	0.840683	0.996303	0.839950
0.996303	0.839950	0.997058	0.839963
0.997058	0.839963	0.997531	0.840147
0.997531	0.840147	0.997830	0.842175
0.997830	0.842175	0.998124	0.842065
0.998124	0.842065	0.998354	0.842106
0.998354	0.842106	0.998515	0.843000
0.998515	0.843000	0.998709	0.843683
0.998709	0.843683	0.998927	0.844025
0.998927	0.844025	0.998980	0.844908
0.998980	0.844908	0.999197	0.846124
0.999197	0.846124	0.999428	0.844939
0.999428	0.844939	0.999507	0.844300
0.999507	0.844300	0.999576	0.843258
0.999576	0.843258	0.999543	0.842755
0.999543	0.842755	0.999585	0.843095
0.999585	0.843095	0.999549	0.843992
0.999549	0.843992	0.999559	0.843924
0.999559	0.843924	0.999539	0.844700
0.999539	0.844700	0.999602	0.845242
0.999602	0.845242	0.999681	0.845898
0.999681	0.845898	0.999654	0.846371
0.999654	0.846371	0.999640	0.846642
0.999640	0.846642	0.999677	0.846566
0.999677	0.846566	0.999646	0.847941
0.999646	0.847941	0.999670	0.848514
0.999670	0.848514	0.999708	0.847967
0.999708	0.847967	0.999722	0.847743
0.999722	0.847743	0.999789	0.847784
0.999789	0.847784	0.999866	0.849466
0.999866	0.849466	0.999921	0.850265
0.999921	0.850265	0.999901	0.849946
0.999901	0.849946	0.999931	0.849221
0.999931	0.849221	0.999927	0.849573
0.999927	0.849573	0.999931	0.850091
0.999931	0.850091	0.999941	0.850199
0.999941	0.850199	0.999960	0.850919
0.999960	0.850919	0.999976	0.851653
0.999976	0.851653	0.999959	0.851481
0.999959	0.851481	0.999966	0.850181
0.999966	0.850181	0.999969	0.849965
0.999969	0.849965	0.999993	0.849605
0.999993	0.849605	0.999997	0.849407
0.999997	0.849407	1.000000	0.849167
1.000000	0.849167	1.000000	0.849752
1.000000	0.849752	1.000000	0.849030
1.000000	0.849030	1.000000	0.849097
1.000000	0.849097	1.000000	0.850223
1.000000	0.850223	1.000000	0.851053
1.000000	0.851053	1.000000	0.851498
1.000000	0.851498	1.000000	0.852140
1.000000	0.852140	1.000000	0.852390
1.000000	0.852390	1.000000	0.853007
1.000000	0.853007	1.000000	0.853492
1.000000	0.853492	1.000000	0.853967
1.000000	0.853967	1.000000	0.853206
1.000000	0.853206	1.000000	0.853788
1.000000	0.853788	1.000000	0.852910
1.000000	0.852910	1.000000	0.852109
1.000000	0.852109	1.000000	0.852081
1.000000	0.852081	1.000000	0.852707
1.000000	0.852707	1.000000	0.853759
1.000000	0.853759	1.000000	0.854553
1.000000	0.854553	1.000000	0.854779
1.000000	0.854779	1.000000	0.854701
1.000000	0.854701	1.000000	0.854051
1.000000	0.854051	1.000000	0.853941
1.000000	0.853941	1.000000	0.853572
1.000000	0.853572	1.000000	0.854703
1.000000	0.854703	1.000000	0.854976
1.000000	0.854976	1.000000	0.853716
1.000000	0.853716	1.000000	0.854197
1.000000	0.854197	1.000000	0.853432
1.000000	0.853432	1.000000	0.853436
1.000000	0.853436	1.000000	0.852435
1.000000	0.852435	1.000000	0.852431
1.000000	0.852431	1.000000	0.852156
1.000000	0.852156	1.000000	0.852709
1.000000	0.852709	1.000000	0.853811
1.000000	0.853811	1.000000	0.854641
1.000000	0.854641	1.000000	0.854893
1.000000	0.854893	1.000000	0.854423
1.000000	0.854423	1.000000	0.853911
1.000000	0.853911	1.000000	0.854379
1.000000	0.854379	1.000000	0.854556
1.000000	0.854556	1.000000	0.853829
1.000000	0.853829	1.000000	0.853530
1.000000	0.853530	1.000000	0.853758
1.000000	0.853758	1.000000	0.853729
1.000000	0.853729	1.000000	0.853518
1.000000	0.853518	1.000000	0.853066
1.000000	0.853066	1.000000	0.853285
1.000000	0.853285	1.000000	0.853046
1.000000	0.853046	1.000000	0.853958
1.000000	0.853958	1.000000	0.854127
1.000000	0.854127	1.000000	0.855088
1.000000	0.855088	1.000000	0.856631
1.000000	0.856631	1.000000	0.855758
1.000000	0.855758	1.000000	0.854771
1.000000	0.854771	1.000000	0.853290
1.000000	0.853290	1.000000	0.852308
1.000000	0.852308	1.000000	0.852925
1.000000	0.852925	1.000000	0.852324
1.000000	0.852324	1.000000	0.850876
1.000000	0.850876	1.000000	0.850684
1.000000	0.850684	1.000000	0.851403
1.000000	0.851403	1.000000	0.851336
1.000000	0.851336	1.000000	0.850895
1.000000	0.850895	1.000000	0.850761
1.000000	0.850761	1.000000	0.851562
1.000000	0.851562	1.000000	0.852693
1.000000	0.852693	1.000000	0.852099
1.000000	0.852099	1.000000	0.851706
1.000000	0.851706	1.000000	0.851236
1.000000	0.851236	1.000000	0.852352
1.000000	0.852352	1.000000	0.851173
1.000000	0.851173	1.000000	0.850956
1.000000	0.850956	1.000000	0.850057
1.000000	0.850057	1.000000	0.850356
1.000000	0.850356	1.000000	0.850232
1.000000	0.850232	1.000000	0.851549
1.000000	0.851549	1.000000	0.850626
1.000000	0.850626	1.000000	0.850167
1.000000	0.850167	1.000000	0.849362
1.000000	0.849362	1.000000	0.849835
1.000000	0.849835	1.000000	0.849828
1.000000	0.849828	1.000000	0.849503
1.000000	0.849503	1.000000	0.850003
1.000000	0.850003	1.000000	0.849876
1.000000	0.849876	1.000000	0.849511
1.000000	0.849511	1.000000	0.848054
1.000000	0.848054	1.000000	0.848321
1.000000	0.848321	1.000000	0.847273
1.000000	0.847273	1.000000	0.847091
1.000000	0.847091	1.000000	0.845767
1.000000	0.845767	1.000000	0.846394
1.000000	0.846394	1.000000	0.846031
1.000000	0.846031	1.000000	0.845295
1.000000	0.845295	1.000000	0.845232
1.000000	0.845232	1.000000	0.846105
1.000000	0.846105	1.000000	0.845957
1.000000	0.845957	1.000000	0.846006
1.000000	0.846006	1.000000	0.846169
1.000000	0.846169	1.000000	0.846711
1.000000	0.846711	1.000000	0.847297
1.000000	0.847297	1.000000	0.846016
1.000000	0.846016	1.000000	0.847108
1.000000	0.847108	1.000000	0.846543
1.000000	0.846543	1.000000	0.847094
1.000000	0.847094	1.000000	0.848327
1.000000	0.848327	1.000000	0.848669
1.000000	0.848669	1.000000	0.848544
1.000000	0.848544	1.000000	0.849121
1.000000	0.849121	1.000000	0.848501
1.000000	0.848501	1.000000	0.848583
1.000000	0.848583	1.000000	0.848156
1.000000	0.848156	1.000000	0.847880
1.000000	0.847880	1.000000	0.847261
1.000000	0.847261	1.000000	0.847066
1.000000	0.847066	1.000000	0.847786
1.000000	0.847786	1.000000	0.848250
1.000000	0.848250	1.000000	0.848374
1.000000	0.848374	1.000000	0.848700
1.000000	0.848700	1.000000	0.849068
1.000000	0.849068	1.000000	0.847959
1.000000	0.847959	1.000000	0.848090
1.000000	0.848090	1.000000	0.848988
1.000000	0.848988	1.000000	0.848261
1.000000	0.848261	1.000000	0.847671
1.000000	0.847671	1.000000	0.846979
1.000000	0.846979	1.000000	0.847193
1.000000	0.847193	1.000000	0.847627
1.000000	0.847627	1.000000	0.847008
1.000000	0.847008	1.000000	0.846812
1.000000	0.846812	1.000000	0.847039
1.000000	0.847039	1.000000	0.846209
0.300700	0.699934	0.790166	0.716954
0.790166	0.716954	0.923138	0.746138
0.923138	0.746138	0.957292	0.764790
0.957292	0.764790	0.970420	0.778127
0.970420	0.778127	0.976266	0.785832
0.976266	0.785832	0.979940	0.792366
0.979940	0.792366	0.982559	0.796403
0.982559	0.796403	0.984651	0.800596
0.984651	0.800596	0.986867	0.803674
0.986867	0.803674	0.988530	0.807431
0.988530	0.807431	0.990232	0.812102
0.990232	0.812102	0.991383	0.815411
0.991383	0.815411	0.992501	0.818057
0.992501	0.818057	0.993360	0.819357
0.993360	0.819357	0.994185	0.820847
0.994185	0.820847	0.994931	0.822257
0.994931	0.822257	0.995589	0.823990
0.995589	0.823990	0.996067	0.823301
0.996067	0.823301	0.996646	0.825696
0.996646	0.825696	0.996937	0.826294
0.996937	0.826294	0.997364	0.827721
0.997364	0.827721	0.997804	0.828885
0.997804	0.828885	0.997991	0.828822
0.997991	0.828822	0.998172	0.828960
0.998172	0.828960	0.998453	0.829281
0.998453	0.829281	0.998532	0.829400
0.998532	0.829400	0.998538	0.830648
0.998538	0.830648	0.998796	0.829677
0.998796	0.829677	0.999034	0.829723
0.999034	0.829723	0.999147	0.829980
0.999147	0.829980	0.999208	0.830606
0.999208	0.830606	0.999311	0.829423
0.999311	0.829423	0.999353	0.829896
0.999353	0.829896	0.999466	0.829269
0.999466	0.829269	0.999521	0.829292
0.999521	0.829292	0.999557	0.828991
0.999557	0.828991	0.999629	0.829295
0.999629	0.829295	0.999657	0.829269
0.999657	0.829269	0.999731	0.828001
0.999731	0.828001	0.999803	0.828621
0.999803	0.828621	0.999876	0.827598
0.999876	0.827598	0.999930	0.827475
0.999930	0.827475	0.999936	0.828253
0.999936	0.828253	0.999974	0.828179
0.999974	0.828179	0.999996	0.828170
0.999996	0.828170	1.000000	0.828649
1.000000	0.828649	1.000000	0.827736
1.000000	0.827736	1.000000	0.828038
1.000000	0.828038	1.000000	0.827586
1.000000	0.827586	1.000000	0.827662
1.000000	0.827662	1.000000	0.828536
1.000000	0.828536	1.000000	0.829503
1.000000	0.829503	1.000000	0.829752
1.000000	0.829752	1.000000	0.829934
1.000000	0.829934	1.000000	0.830023
1.000000	0.830023	1.000000	0.829201
1.000000	0.829201	1.000000	0.830258
1.000000	0.830258	1.000000	0.830975
1.000000	0.830975	1.000000	0.831072
1.000000	0.831072	1.000000	0.830014
1.000000	0.830014	1.000000	0.830171
1.000000	0.830171	1.000000	0.830255
1.000000	0.830255	1.000000	0.831224
1.000000	0.831224	1.000000	0.831337
1.000000	0.831337	1.000000	0.830463
1.000000	0.830463	1.000000	0.830242
1.000000	0.830242	1.000000	0.830714
1.000000	0.830714	1.000000	0.829809
1.000000	0.829809	1.000000	0.829224
1.000000	0.829224	1.000000	0.828924
1.000000	0.828924	1.000000	0.829814
1.000000	0.829814	1.000000	0.828069
1.000000	0.828069	1.000000	0.827569
1.000000	0.827569	1.000000	0.826056
1.000000	0.826056	1.000000	0.825384
1.000000	0.825384	1.000000	0.825714
1.000000	0.825714	1.000000	0.826251
1.000000	0.826251	1.000000	0.825569
1.000000	0.825569	1.000000	0.824873
1.000000	0.824873	1.000000	0.825183
1.000000	0.825183	1.000000	0.825630
1.000000	0.825630	1.000000	0.824884
1.000000	0.824884	1.000000	0.826174
1.000000	0.826174	1.000000	0.826647
1.000000	0.826647	1.000000	0.825995
1.000000	0.825995	1.000000	0.827039
1.000000	0.827039	1.000000	0.826669
1.000000	0.826669	1.000000	0.826350
1.000000	0.826350	1.000000	0.826654
1.000000	0.826654	1.000000	0.826475
1.000000	0.826475	1.000000	0.826776
1.000000	0.826776	1.000000	0.826743
1.000000	0.826743	1.000000	0.826704
1.000000	0.826704	1.000000	0.828041
1.000000	0.828041	1.000000	0.827711
1.000000	0.827711	1.000000	0.827525
1.000000	0.827525	1.000000	0.827286
1.000000	0.827286	1.000000	0.826755
1.000000	0.826755	1.000000	0.827995
1.000000	0.827995	1.000000	0.827831
1.000000	0.827831	1.000000	0.828936
1.000000	0.828936	1.000000	0.829371
1.000000	0.829371	1.000000	0.829698
1.000000	0.829698	1.000000	0.828874
1.000000	0.828874	1.000000	0.829459
1.000000	0.829459	1.000000	0.828406
1.000000	0.828406	1.000000	0.828122
1.000000	0.828122	1.000000	0.827784
1.000000	0.827784	1.000000	0.827012
1.000000	0.827012	1.000000	0.827080
1.000000	0.827080	1.000000	0.827107
1.000000	0.827107	1.000000	0.826876
1.000000	0.826876	1.000000	0.826738
1.000000	0.826738	1.000000	0.827185
1.000000	0.827185	1.000000	0.828280
1.000000	0.828280	1.000000	0.829275
1.000000	0.829275	1.000000	0.829540
1.000000	0.829540	1.000000	0.829023
1.000000	0.829023	1.000000	0.830041
1.000000	0.830041	1.000000	0.830118
1.000000	0.830118	1.000000	0.829948
1.000000	0.829948	1.000000	0.830597
1.000000	0.830597	1.000000	0.830369
1.000000	0.830369	1.000000	0.830693
1.000000	0.830693	1.000000	0.829787
1.000000	0.829787	1.000000	0.829894
1.000000	0.829894	1.000000	0.830374
1.000000	0.830374	1.000000	0.831299
1.000000	0.831299	1.000000	0.831266
1.000000	0.831266	1.000000	0.830008
1.000000	0.830008	1.000000	0.829673
1.000000	0.829673	1.000000	0.829788
1.000000	0.829788	1.000000	0.829773
1.000000	0.829773	1.000000	0.829159
1.000000	0.829159	1.000000	0.829471
1.000000	0.829471	1.000000	0.831194
1.000000	0.831194	1.000000	0.831234
1.000000	0.831234	1.000000	0.830408
1.000000	0.830408	1.000000	0.831457
1.000000	0.831457	1.000000	0.831253
1.000000	0.831253	1.000000	0.831232
1.000000	0.831232	1.000000	0.833266
1.000000	0.833266	1.000000	0.832832
1.000000	0.832832	1.000000	0.833313
1.000000	0.833313	1.000000	0.832520
1.000000	0.832520	1.000000	0.833283
1.000000	0.833283	1.000000	0.833801
1.000000	0.833801	1.000000	0.833296
1.000000	0.833296	1.000000	0.832867
1.000000	0.832867	1.000000	0.834411
1.000000	0.834411	1.000000	0.834678
1.000000	0.834678	1.000000	0.835098
1.000000	0.835098	1.000000	0.835953
1.000000	0.835953	1.000000	0.835425
1.000000	0.835425	1.000000	0.836440
1.000000	0.836440	1.000000	0.836333
1.000000	0.836333	1.000000	0.835579
1.000000	0.835579	1.000000	0.834742
1.000000	0.834742	1.000000	0.835043
1.000000	0.835043	1.000000	0.835301
1.000000	0.835301	1.000000	0.834560
1.000000	0.834560	1.000000	0.836597
1.000000	0.836597	1.000000	0.835581
1.000000	0.835581	1.000000	0.835598
1.000000	0.835598	1.000000	0.836574
1.000000	0.836574	1.000000	0.836513
1.000000	0.836513	1.000000	0.835423
1.000000	0.835423	1.000000	0.834935
1.000000	0.834935	1.000000	0.834793
1.000000	0.834793	1.000000	0.834128
1.000000	0.834128	1.000000	0.834744
1.000000	0.834744	1.000000	0.834678
1.000000	0.834678	1.000000	0.835923
1.000000	0.835923	1.000000	0.836126
1.000000	0.836126	1.000000	0.836218
1.000000	0.836218	1.000000	0.836768
1.000000	0.836768	1.000000	0.837072
1.000000	0.837072	1.000000	0.837077
1.000000	0.837077	1.000000	0.837122
1.000000	0.837122	1.000000	0.838529
1.000000	0.838529	1.000000	0.836350
1.000000	0.836350	1.000000	0.835850
1.000000	0.835850	1.000000	0.835759
1.000000	0.835759	1.000000	0.836528
1.000000	0.836528	1.000000	0.836895
1.000000	0.836895	1.000000	0.837347
1.000000	0.837347	1.000000	0.836772
1.000000	0.836772	1.000000	0.837103
1.000000	0.837103	1.000000	0.838705
1.000000	0.838705	1.000000	0.838661
1.000000	0.838661	1.000000	0.839120
1.000000	0.839120	1.000000	0.839152
1.000000	0.839152	1.000000	0.839369
1.000000	0.839369	1.000000	0.839194
1.000000	0.839194	1.000000	0.839032
1.000000	0.839032	1.000000	0.838730
1.000000	0.838730	1.000000	0.839590
1.000000	0.839590	1.000000	0.840517
1.000000	0.840517	1.000000	0.840037
0.299571	0.800511	0.859734	0.815524
0.859734	0.815524	0.966326	0.832623
0.966326	0.832623	0.986214	0.840868
0.986214	0.840868	0.991971	0.844741
0.991971	0.844741	0.994331	0.848330
0.994331	0.848330	0.995442	0.849442
0.995442	0.849442	0.996301	0.849412
0.996301	0.849412	0.996834	0.848884
0.996834	0.848884	0.997272	0.849032
0.997272	0.849032	0.997601	0.848939
0.997601	0.848939	0.998004	0.848300
0.998004	0.848300	0.998244	0.848735
0.998244	0.848735	0.998368	0.847888
0.998368	0.847888	0.998412	0.847784
0.998412	0.847784	0.998611	0.846815
0.998611	0.846815	0.998724	0.846644
0.998724	0.846644	0.998821	0.846383
0.998821	0.846383	0.998971	0.846370
0.998971	0.846370	0.999091	0.846780
0.999091	0.846780	0.999212	0.847793
0.999212	0.847793	0.999457	0.848371
0.999457	0.848371	0.999545	0.847913
0.999545	0.847913	0.999706	0.847644
0.999706	0.847644	0.999795	0.847698
0.999795	0.847698	0.999825	0.847715
0.999825	0.847715	0.999848	0.848255
0.999848	0.848255	0.999877	0.849729
0.999877	0.849729	0.999889	0.849683
0.999889	0.849683	0.999882	0.849978
0.999882	0.849978	0.999895	0.850409
0.999895	0.850409	0.999888	0.849190
0.999888	0.849190	0.999881	0.849349
0.999881	0.849349	0.999865	0.848595
0.999865	0.848595	0.999904	0.848610
0.999904	0.848610	0.999939	0.848510
0.999939	0.848510	0.999961	0.849705
0.999961	0.849705	0.999983	0.849486
0.999983	0.849486	0.999992	0.850622
0.999992	0.850622	1.000000	0.851162
1.000000	0.851162	1.000000	0.851850
1.000000	0.851850	1.000000	0.851318
1.000000	0.851318	1.000000	0.851927
1.000000	0.851927	1.000000	0.851681
1.000000	0.851681	1.000000	0.852146
1.000000	0.852146	1.000000	0.851365
1.000000	0.851365	1.000000	0.849706
1.000000	0.849706	1.000000	0.850818
1.000000	0.850818	1.000000	0.850291
1.000000	0.850291	1.000000	0.850538
1.000000	0.850538	1.000000	0.850561
1.000000	0.850561	1.000000	0.849989
1.000000	0.849989	1.000000	0.850522
1.000000	0.850522	1.000000	0.850495
1.000000	0.850495	1.000000	0.849538
1.000000	0.849538	1.000000	0.848908
1.000000	0.848908	1.000000	0.848719
1.000000	0.848719	1.000000	0.848996
1.000000	0.848996	1.000000	0.849987
1.000000	0.849987	1.000000	0.850073
1.000000	0.850073	1.000000	0.850354
1.000000	0.850354	1.000000	0.849665
1.000000	0.849665	1.000000	0.848483
1.000000	0.848483	1.000000	0.848884
1.000000	0.848884	1.000000	0.850040
1.000000	0.850040	1.000000	0.849638
1.000000	0.849638	1.000000	0.850042
1.000000	0.850042	1.000000	0.851365
1.000000	0.851365	1.000000	0.850354
1.000000	0.850354	1.000000	0.850180
1.000000	0.850180	1.000000	0.849615
1.000000	0.849615	1.000000	0.849260
1.000000	0.849260	1.000000	0.849422
1.000000	0.849422	1.000000	0.848478
1.000000	0.848478	1.000000	0.847590
1.000000	0.847590	1.000000	0.847019
1.000000	0.847019	1.000000	0.847699
1.000000	0.847699	1.000000	0.847491
1.000000	0.847491	1.000000	0.846691
1.000000	0.846691	1.000000	0.846763
1.000000	0.846763	1.000000	0.845960
1.000000	0.845960	1.000000	0.846070
1.000000	0.846070	1.000000	0.845838
1.000000	0.845838	1.000000	0.844128
1.000000	0.844128	1.000000	0.843517
1.000000	0.843517	1.000000	0.843039
1.000000	0.843039	1.000000	0.844122
1.000000	0.844122	1.000000	0.844388
1.000000	0.844388	1.000000	0.843978
1.000000	0.843978	1.000000	0.844103
1.000000	0.844103	1.000000	0.843558
1.000000	0.843558	1.000000	0.844195
1.000000	0.844195	1.000000	0.843484
1.000000	0.843484	1.000000	0.844172
1.000000	0.844172	1.000000	0.843976
1.000000	0.843976	1.000000	0.843887
1.000000	0.843887	1.000000	0.844679
1.000000	0.844679	1.000000	0.844454
1.000000	0.844454	1.000000	0.844211
1.000000	0.844211	1.000000	0.843984
1.000000	0.843984	1.000000	0.844039
1.000000	0.844039	1.000000	0.844295
1.000000	0.844295	1.000000	0.843280
1.000000	0.843280	1.000000	0.842617
1.000000	0.842617	1.000000	0.842293
1.000000	0.842293	1.000000	0.842784
1.000000	0.842784	1.000000	0.841804
1.000000	0.841804	1.000000	0.841793
1.000000	0.841793	1.000000	0.841447
1.000000	0.841447	1.000000	0.841349
1.000000	0.841349	1.000000	0.841503
1.000000	0.841503	1.000000	0.841870
1.000000	0.841870	1.000000	0.841692
1.000000	0.841692	1.000000	0.841199
1.000000	0.841199	1.000000	0.841471
1.000000	0.841471	1.000000	0.840212
1.000000	0.840212	1.000000	0.840229
1.000000	0.840229	1.000000	0.841014
1.000000	0.841014	1.000000	0.840963
1.000000	0.840963	1.000000	0.841222
1.000000	0.841222	1.000000	0.842328
1.000000	0.842328	1.000000	0.843678
1.000000	0.843678	1.000000	0.843225
1.000000	0.843225	1.000000	0.842774
1.000000	0.842774	1.000000	0.841639
1.000000	0.841639	1.000000	0.841628
1.000000	0.841628	1.000000	0.842123
1.000000	0.842123	1.000000	0.842291
1.000000	0.842291	1.000000	0.842697
1.000000	0.842697	1.000000	0.843047
1.000000	0.843047	1.000000	0.841676
1.000000	0.841676	1.000000	0.842774
1.000000	0.842774	1.000000	0.842714
1.000000	0.842714	1.000000	0.842556
1.000000	0.842556	1.000000	0.843632
1.000000	0.843632	1.000000	0.844812
1.000000	0.844812	1.000000	0.845034
1.000000	0.845034	1.000000	0.844882
1.000000	0.844882	1.000000	0.844698
1.000000	0.844698	1.000000	0.844439
1.000000	0.844439	1.000000	0.843808
1.000000	0.843808	1.000000	0.842601
1.000000	0.842601	1.000000	0.841699
1.000000	0.841699	1.000000	0.841812
1.000000	0.841812	1.000000	0.842322
1.000000	0.842322	1.000000	0.841181
1.000000	0.841181	1.000000	0.840524
1.000000	0.840524	1.000000	0.839655
1.000000	0.839655	1.000000	0.840102
1.000000	0.840102	1.000000	0.839921
1.000000	0.839921	1.000000	0.840059
1.000000	0.840059	1.000000	0.840451
1.000000	0.840451	1.000000	0.840015
1.000000	0.840015	1.000000	0.839219
1.000000	0.839219	1.000000	0.838952
1.000000	0.838952	1.000000	0.839441
1.000000	0.839441	1.000000	0.840282
1.000000	0.840282	1.000000	0.839808
1.000000	0.839808	1.000000	0.839665
1.000000	0.839665	1.000000	0.839149
1.000000	0.839149	1.000000	0.839699
1.000000	0.839699	1.000000	0.839182
1.000000	0.839182	1.000000	0.838555
1.000000	0.838555	1.000000	0.838693
1.000000	0.838693	1.000000	0.838974
1.000000	0.838974	1.000000	0.839025
1.000000	0.839025	1.000000	0.839529
1.000000	0.839529	1.000000	0.838468
1.000000	0.838468	1.000000	0.837269
1.000000	0.837269	1.000000	0.837343
1.000000	0.837343	1.000000	0.837934
1.000000	0.837934	1.000000	0.839179
1.000000	0.839179	1.000000	0.839611
1.000000	0.839611	1.000000	0.840789
1.000000	0.840789	1.000000	0.841835
1.000000	0.841835	1.000000	0.841075
1.000000	0.841075	1.000000	0.839774
1.000000	0.839774	1.000000	0.839272
1.000000	0.839272	1.000000	0.840191
1.000000	0.840191	1.000000	0.841031
1.000000	0.841031	1.000000	0.841808
1.000000	0.841808	1.000000	0.841535
1.000000	0.841535	1.000000	0.842520
1.000000	0.842520	1.000000	0.842256
1.000000	0.842256	1.000000	0.841000
1.000000	0.841000	1.000000	0.840376
1.000000	0.840376	1.000000	0.839570
1.000000	0.839570	1.000000	0.840027
1.000000	0.840027	1.000000	0.839608
1.000000	0.839608	1.000000	0.838986
1.000000	0.838986	1.000000	0.838526
1.000000	0.838526	1.000000	0.837714
1.000000	0.837714	1.000000	0.838423
1.000000	0.838423	1.000000	0.839526
1.000000	0.839526	1.000000	0.838485
1.000000	0.838485	1.000000	0.840479
1.000000	0.840479	1.000000	0.840800
1.000000	0.840800	1.000000	0.840452
1.000000	0.840452	1.000000	0.840782
1.000000	0.840782	1.000000	0.840865
0.300277	0.900036	0.914176	0.908157
0.914176	0.908157	0.989020	0.915218
0.989020	0.915218	0.997436	0.917397
0.997436	0.917397	0.998859	0.916385
0.998859	0.916385	0.999233	0.916880
0.999233	0.916880	0.999520	0.916855
0.999520	0.916855	0.999693	0.917618
0.999693	0.917618	0.999797	0.917859
0.999797	0.917859	0.999862	0.918289
0.999862	0.918289	0.999913	0.918799
0.999913	0.918799	0.999957	0.918594
0.999957	0.918594	0.999956	0.918125
0.999956	0.918125	0.999989	0.918103
0.999989	0.918103	0.999999	0.916252
0.999999	0.916252	1.000000	0.914989
1.000000	0.914989	1.000000	0.914310
1.000000	0.914310	1.000000	0.914317
1.000000	0.914317	1.000000	0.914114
1.000000	0.914114	1.000000	0.913817
1.000000	0.913817	1.000000	0.913360
1.000000	0.913360	1.000000	0.912706
1.000000	0.912706	1.000000	0.911874
1.000000	0.911874	1.000000	0.912353
1.000000	0.912353	1.000000	0.911362
1.000000	0.911362	1.000000	0.911701
1.000000	0.911701	1.000000	0.912617
1.000000	0.912617	1.000000	0.913052
1.000000	0.913052	1.000000	0.914357
1.000000	0.914357	1.000000	0.913670
1.000000	0.913670	1.000000	0.913736
1.000000	0.913736	1.000000	0.914143
1.000000	0.914143	1.000000	0.914211
1.000000	0.914211	1.000000	0.914038
1.000000	0.914038	1.000000	0.914159
1.000000	0.914159	1.000000	0.914125
1.000000	0.914125	1.000000	0.914671
1.000000	0.914671	1.000000	0.915368
1.000000	0.915368	1.000000	0.915487
1.000000	0.915487	1.000000	0.915206
1.000000	0.915206	1.000000	0.916521
1.000000	0.916521	1.000000	0.915333
1.000000	0.915333	1.000000	0.915134
1.000000	0.915134	1.000000	0.914617
1.000000	0.914617	1.000000	0.915371
1.000000	0.915371	1.000000	0.914907
1.000000	0.914907	1.000000	0.915325
1.000000	0.915325	1.000000	0.915019
1.000000	0.915019	1.000000	0.915760
1.000000	0.915760	1.000000	0.915505
1.000000	0.915505	1.000000	0.916110
1.000000	0.916110	1.000000	0.915480
1.000000	0.915480	1.000000	0.915547
1.000000	0.915547	1.000000	0.915384
1.000000	0.915384	1.000000	0.914342
1.000000	0.914342	1.000000	0.914835
1.000000	0.914835	1.000000	0.914614
1.000000	0.914614	1.000000	0.914186
1.000000	0.914186	1.000000	0.914229
1.000000	0.914229	1.000000	0.914282
1.000000	0.914282	1.000000	0.914393
1.000000	0.914393	1.000000	0.914979
1.000000	0.914979	1.000000	0.914843
1.000000	0.914843	1.000000	0.914313
1.000000	0.914313	1.000000	0.914074
1.000000	0.914074	1.000000	0.914294
1.000000	0.914294	1.000000	0.915690
1.000000	0.915690	1.000000	0.914850
1.000000	0.914850	1.000000	0.915387
1.000000	0.915387	1.000000	0.915613
1.000000	0.915613	1.000000	0.914858
1.000000	0.914858	1.000000	0.913979
1.000000	0.913979	1.000000	0.913869
1.000000	0.913869	1.000000	0.913343
1.000000	0.913343	1.000000	0.913652
1.000000	0.913652	1.000000	0.913396
1.000000	0.913396	1.000000	0.912895
1.000000	0.912895	1.000000	0.913029
1.000000	0.913029	1.000000	0.913347
1.000000	0.913347	1.000000	0.912540
1.000000	0.912540	1.000000	0.913276
1.000000	0.913276	1.000000	0.913107
1.000000	0.913107	1.000000	0.913283
1.000000	0.913283	1.000000	0.912345
1.000000	0.912345	1.000000	0.912589
1.000000	0.912589	1.000000	0.913137
1.000000	0.913137	1.000000	0.913095
1.000000	0.913095	1.000000	0.912752
1.000000	0.912752	1.000000	0.912606
1.000000	0.912606	1.000000	0.914046
1.000000	0.914046	1.000000	0.914362
1.000000	0.914362	1.000000	0.915352
1.000000	0.915352	1.000000	0.916440
1.000000	0.916440	1.000000	0.915204
1.000000	0.915204	1.000000	0.915338
1.000000	0.915338	1.000000	0.915792
1.000000	0.915792	1.000000	0.915756
1.000000	0.915756	1.000000	0.915946
1.000000	0.915946	1.000000	0.915809
1.000000	0.915809	1.000000	0.915825
1.000000	0.915825	1.000000	0.914857
1.000000	0.914857	1.000000	0.915678
1.000000	0.915678	1.000000	0.915834
1.000000	0.915834	1.000000	0.916164
1.000000	0.916164	1.000000	0.917505
1.000000	0.917505	1.000000	0.917506
1.000000	0.917506	1.000000	0.918041
1.000000	0.918041	1.000000	0.918202
1.000000	0.918202	1.000000	0.918247
1.000000	0.918247	1.000000	0.918577
1.000000	0.918577	1.000000	0.919314
1.000000	0.919314	1.000000	0.918564
1.000000	0.918564	1.000000	0.918464
1.000000	0.918464	1.000000	0.918970
1.000000	0.918970	1.000000	0.918934
1.000000	0.918934	1.000000	0.919080
1.000000	0.919080	1.000000	0.919461
1.000000	0.919461	1.000000	0.919163
1.000000	0.919163	1.000000	0.918361
1.000000	0.918361	1.000000	0.918496
1.000000	0.918496	1.000000	0.917885
1.000000	0.917885	1.000000	0.917572
1.000000	0.917572	1.000000	0.917296
1.000000	0.917296	1.000000	0.916951
1.000000	0.916951	1.000000	0.917385
1.000000	0.917385	1.000000	0.917666
1.000000	0.917666	1.000000	0.917705
1.000000	0.917705	1.000000	0.918867
1.000000	0.918867	1.000000	0.918946
1.000000	0.918946	1.000000	0.918732
1.000000	0.918732	1.000000	0.918245
1.000000	0.918245	1.000000	0.918423
1.000000	0.918423	1.000000	0.918113
1.000000	0.918113	1.000000	0.918534
1.000000	0.918534	1.000000	0.919898
1.000000	0.919898	1.000000	0.919321
1.000000	0.919321	1.000000	0.918391
1.000000	0.918391	1.000000	0.918214
1.000000	0.918214	1.000000	0.918329
1.000000	0.918329	1.000000	0.918465
1.000000	0.918465	1.000000	0.918810
1.000000	0.918810	1.000000	0.918618
1.000000	0.918618	1.000000	0.919441
1.000000	0.919441	1.000000	0.919579
1.000000	0.919579	1.000000	0.919589
1.000000	0.919589	1.000000	0.919404
1.000000	0.919404	1.000000	0.919639
1.000000	0.919639	1.000000	0.919801
1.000000	0.919801	1.000000	0.920549
1.000000	0.920549	1.000000	0.920259
1.000000	0.920259	1.000000	0.920688
1.000000	0.920688	1.000000	0.920820
1.000000	0.920820	1.000000	0.921358
1.000000	0.921358	1.000000	0.920994
1.000000	0.920994	1.000000	0.920364
1.000000	0.920364	1.000000	0.920319
1.000000	0.920319	1.000000	0.920738
1.000000	0.920738	1.000000	0.921085
1.000000	0.921085	1.000000	0.921899
1.000000	0.921899	1.000000	0.922034
1.000000	0.922034	1.000000	0.922278
1.000000	0.922278	1.000000	0.922514
1.000000	0.922514	1.000000	0.922564
1.000000	0.922564	1.000000	0.922648
1.000000	0.922648	1.000000	0.922366
1.000000	0.922366	1.000000	0.922301
1.000000	0.922301	1.000000	0.922544
1.000000	0.922544	1.000000	0.922027
1.000000	0.922027	1.000000	0.921980
1.000000	0.921980	1.000000	0.921228
1.000000	0.921228	1.000000	0.921481
1.000000	0.921481	1.000000	0.921837
1.000000	0.921837	1.000000	0.921513
1.000000	0.921513	1.000000	0.921251
1.000000	0.921251	1.000000	0.920816
1.000000	0.920816	1.000000	0.920599
1.000000	0.920599	1.000000	0.920767
1.000000	0.920767	1.000000	0.921640
1.000000	0.921640	1.000000	0.922307
1.000000	0.922307	1.000000	0.921962
1.000000	0.921962	1.000000	0.921767
1.000000	0.921767	1.000000	0.921180
1.000000	0.921180	1.000000	0.920161
1.000000	0.920161	1.000000	0.919765
1.000000	0.919765	1.000000	0.919649
1.000000	0.919649	1.000000	0.920380
1.000000	0.920380	1.000000	0.921568
1.000000	0.921568	1.000000	0.921089
1.000000	0.921089	1.000000	0.922103
1.000000	0.922103	1.000000	0.922520
1.000000	0.922520	1.000000	0.922282
1.000000	0.922282	1.000000	0.920673
1.000000	0.920673	1.000000	0.921467
1.000000	0.921467	1.000000	0.922437
1.000000	0.922437	1.000000	0.921836
1.000000	0.921836	1.000000	0.921579
1.000000	0.921579	1.000000	0.920528
1.000000	0.920528	1.000000	0.919820
1.000000	0.919820	1.000000	0.920154
1.000000	0.920154	1.000000	0.921055
