0.350419	0.449089	0.155019	0.439992
0.155019	0.439992	0.062573	0.420077
0.062573	0.420077	0.030871	0.406246
0.030871	0.406246	0.017287	0.398260
0.017287	0.398260	0.011384	0.394088
0.011384	0.394088	0.007899	0.391624
0.007899	0.391624	0.005588	0.391062
0.005588	0.391062	0.004294	0.388830
0.004294	0.388830	0.003121	0.389181
0.003121	0.389181	0.002475	0.387545
0.002475	0.387545	0.002042	0.385730
0.002042	0.385730	0.001607	0.385446
0.001607	0.385446	0.001334	0.386600
0.001334	0.386600	0.001217	0.387169
0.001217	0.387169	0.001114	0.386795
0.001114	0.386795	0.001007	0.385390
0.001007	0.385390	0.001002	0.386147
0.001002	0.386147	0.000921	0.386318
0.000921	0.386318	0.000854	0.386881
0.000854	0.386881	0.000769	0.387487
0.000769	0.387487	0.000596	0.386575
0.000596	0.386575	0.000485	0.386076
0.000485	0.386076	0.000451	0.386858
0.000451	0.386858	0.000382	0.385011
0.000382	0.385011	0.000324	0.385365
0.000324	0.385365	0.000327	0.384919
0.000327	0.384919	0.000370	0.383611
0.000370	0.383611	0.000328	0.383906
0.000328	0.383906	0.000274	0.385970
0.000274	0.385970	0.000198	0.386387
0.000198	0.386387	0.000175	0.386289
0.000175	0.386289	0.000091	0.387403
0.000091	0.387403	0.000088	0.388728
0.000088	0.388728	0.000088	0.388623
0.000088	0.388623	0.000075	0.389988
0.000075	0.389988	0.000041	0.389871
0.000041	0.389871	0.000020	0.390025
0.000020	0.390025	0.000035	0.389952
0.000035	0.389952	0.000056	0.390427
0.000056	0.390427	0.000050	0.389686
0.000050	0.389686	0.000049	0.389547
0.000049	0.389547	0.000081	0.389762
0.000081	0.389762	0.000084	0.389256
0.000084	0.389256	0.000106	0.389067
0.000106	0.389067	0.000110	0.388164
0.000110	0.388164	0.000131	0.387870
0.000131	0.387870	0.000136	0.388801
0.000136	0.388801	0.000121	0.387919
0.000121	0.387919	0.000182	0.387293
0.000182	0.387293	0.000173	0.387643
0.000173	0.387643	0.000207	0.387424
0.000207	0.387424	0.000254	0.387306
0.000254	0.387306	0.000214	0.387742
0.000214	0.387742	0.000195	0.389128
0.000195	0.389128	0.000154	0.389021
0.000154	0.389021	0.000128	0.389063
0.000128	0.389063	0.000133	0.388133
0.000133	0.388133	0.000103	0.387728
0.000103	0.387728	0.000095	0.386837
0.000095	0.386837	0.000102	0.386681
0.000102	0.386681	0.000089	0.385689
0.000089	0.385689	0.000070	0.385762
0.000070	0.385762	0.000068	0.385264
0.000068	0.385264	0.000079	0.385105
0.000079	0.385105	0.000060	0.386389
0.000060	0.386389	0.000047	0.387415
0.000047	0.387415	0.000032	0.387768
0.000032	0.387768	0.000040	0.388640
0.000040	0.388640	0.000061	0.387564
0.000061	0.387564	0.000066	0.389127
0.000066	0.389127	0.000070	0.389383
0.000070	0.389383	0.000050	0.390524
0.000050	0.390524	0.000024	0.390846
0.000024	0.390846	0.000020	0.392546
0.000020	0.392546	0.000017	0.391200
0.000017	0.391200	0.000041	0.390543
0.000041	0.390543	0.000050	0.389269
0.000050	0.389269	0.000045	0.389789
0.000045	0.389789	0.000040	0.390335
0.000040	0.390335	0.000023	0.390569
0.000023	0.390569	0.000006	0.390435
0.000006	0.390435	0.000000	0.391415
0.000000	0.391415	0.000000	0.392640
0.000000	0.392640	0.000000	0.392972
0.000000	0.392972	0.000000	0.392780
0.000000	0.392780	0.000000	0.391375
0.000000	0.391375	0.000000	0.391512
0.000000	0.391512	0.000000	0.392242
0.000000	0.392242	0.000000	0.392331
0.000000	0.392331	0.000000	0.393581
0.000000	0.393581	0.000000	0.393669
0.000000	0.393669	0.000000	0.394268
0.000000	0.394268	0.000000	0.395005
0.000000	0.395005	0.000000	0.395342
0.000000	0.395342	0.000000	0.396660
0.000000	0.396660	0.000000	0.396131
0.000000	0.396131	0.000000	0.396221
0.000000	0.396221	0.000000	0.395071
0.000000	0.395071	0.000000	0.395243
0.000000	0.395243	0.000000	0.394940
0.000000	0.394940	0.000000	0.396236
0.000000	0.396236	0.000000	0.396361
0.000000	0.396361	0.000000	0.396775
0.000000	0.396775	0.000000	0.396052
0.000000	0.396052	0.000000	0.395071
0.000000	0.395071	0.000000	0.396839
0.000000	0.396839	0.000000	0.396874
0.000000	0.396874	0.000000	0.396305
0.000000	0.396305	0.000000	0.397865
0.000000	0.397865	0.000000	0.397916
0.000000	0.397916	0.000000	0.397857
0.000000	0.397857	0.000000	0.396738
0.000000	0.396738	0.000000	0.397006
0.000000	0.397006	0.000000	0.397932
0.000000	0.397932	0.000000	0.397595
0.000000	0.397595	0.000000	0.397712
0.000000	0.397712	0.000000	0.398378
0.000000	0.398378	0.000000	0.399039
0.000000	0.399039	0.000000	0.399049
0.000000	0.399049	0.000000	0.400569
0.000000	0.400569	0.000000	0.400916
0.000000	0.400916	0.000000	0.399609
0.000000	0.399609	0.000000	0.399601
0.000000	0.399601	0.000000	0.399793
0.000000	0.399793	0.000000	0.400417
0.000000	0.400417	0.000000	0.400013
0.000000	0.400013	0.000000	0.400632
0.000000	0.400632	0.000000	0.402637
0.000000	0.402637	0.000000	0.404377
0.000000	0.404377	0.000000	0.404408
0.000000	0.404408	0.000000	0.404709
0.000000	0.404709	0.000000	0.404922
0.000000	0.404922	0.000000	0.404323
0.000000	0.404323	0.000000	0.402961
0.000000	0.402961	0.000000	0.402734
0.000000	0.402734	0.000000	0.403175
0.000000	0.403175	0.000000	0.400778
0.000000	0.400778	0.000000	0.401205
0.000000	0.401205	0.000000	0.402097
0.000000	0.402097	0.000000	0.401941
0.000000	0.401941	0.000000	0.401996
0.000000	0.401996	0.000000	0.401202
0.000000	0.401202	0.000000	0.400667
0.000000	0.400667	0.000000	0.400876
0.000000	0.400876	0.000000	0.400920
0.000000	0.400920	0.000000	0.401420
0.000000	0.401420	0.000000	0.402541
0.000000	0.402541	0.000000	0.400298
0.000000	0.400298	0.000000	0.400416
0.000000	0.400416	0.000000	0.400627
0.000000	0.400627	0.000000	0.399481
0.000000	0.399481	0.000000	0.399355
0.000000	0.399355	0.000000	0.398876
0.000000	0.398876	0.000000	0.399215
0.000000	0.399215	0.000000	0.398730
0.000000	0.398730	0.000000	0.398912
0.000000	0.398912	0.000000	0.399615
0.000000	0.399615	0.000000	0.399114
0.000000	0.399114	0.000000	0.399911
0.000000	0.399911	0.000000	0.399660
0.000000	0.399660	0.000000	0.400235
0.000000	0.400235	0.000000	0.399748
0.000000	0.399748	0.000000	0.401064
0.000000	0.401064	0.000000	0.400783
0.000000	0.400783	0.000000	0.400934
0.000000	0.400934	0.000000	0.400684
0.000000	0.400684	0.000000	0.400363
0.000000	0.400363	0.000000	0.399964
0.000000	0.399964	0.000000	0.398432
0.000000	0.398432	0.000000	0.397454
0.000000	0.397454	0.000000	0.397135
0.000000	0.397135	0.000000	0.397529
0.000000	0.397529	0.000000	0.396607
0.000000	0.396607	0.000000	0.398457
0.000000	0.398457	0.000000	0.396583
0.000000	0.396583	0.000000	0.396675
0.000000	0.396675	0.000000	0.397091
0.000000	0.397091	0.000000	0.396591
0.000000	0.396591	0.000000	0.395486
0.000000	0.395486	0.000000	0.394923
0.000000	0.394923	0.000000	0.395447
0.000000	0.395447	0.000000	0.395780
0.000000	0.395780	0.000000	0.395295
0.000000	0.395295	0.000000	0.393963
0.000000	0.393963	0.000000	0.393384
0.000000	0.393384	0.000000	0.394514
0.000000	0.394514	0.000000	0.393738
0.000000	0.393738	0.000000	0.393691
0.000000	0.393691	0.000000	0.395449
0.000000	0.395449	0.000000	0.394186
0.000000	0.394186	0.000000	0.394368
0.000000	0.394368	0.000000	0.394163
0.000000	0.394163	0.000000	0.394115
0.000000	0.394115	0.000000	0.393833
0.000000	0.393833	0.000000	0.393327
0.000000	0.393327	0.000000	0.392763
0.000000	0.392763	0.000000	0.392435
0.000000	0.392435	0.000000	0.392224
0.000000	0.392224	0.000000	0.392600
0.350006	0.400040	0.125664	0.394126
0.125664	0.394126	0.046531	0.380505
0.046531	0.380505	0.021453	0.373598
0.021453	0.373598	0.012284	0.371386
0.012284	0.371386	0.007703	0.371567
0.007703	0.371567	0.005456	0.370458
0.005456	0.370458	0.004204	0.371422
0.004204	0.371422	0.003218	0.370915
0.003218	0.370915	0.002554	0.374531
0.002554	0.374531	0.002255	0.375385
0.002255	0.375385	0.002050	0.376718
0.002050	0.376718	0.001642	0.376683
0.001642	0.376683	0.001416	0.379193
0.001416	0.379193	0.001230	0.378356
0.001230	0.378356	0.001106	0.379680
0.001106	0.379680	0.001046	0.381209
0.001046	0.381209	0.000975	0.381411
0.000975	0.381411	0.000840	0.382389
0.000840	0.382389	0.000696	0.381286
0.000696	0.381286	0.000564	0.381802
0.000564	0.381802	0.000603	0.382010
0.000603	0.382010	0.000527	0.383174
0.000527	0.383174	0.000528	0.382971
0.000528	0.382971	0.000465	0.382066
0.000465	0.382066	0.000423	0.382142
0.000423	0.382142	0.000375	0.382493
0.000375	0.382493	0.000318	0.383814
0.000318	0.383814	0.000229	0.385187
0.000229	0.385187	0.000183	0.385753
0.000183	0.385753	0.000153	0.384012
0.000153	0.384012	0.000117	0.383938
0.000117	0.383938	0.000097	0.383986
0.000097	0.383986	0.000067	0.384487
0.000067	0.384487	0.000050	0.383994
0.000050	0.383994	0.000074	0.383148
0.000074	0.383148	0.000072	0.383899
0.000072	0.383899	0.000072	0.386077
0.000072	0.386077	0.000063	0.385726
0.000063	0.385726	0.000074	0.385966
0.000074	0.385966	0.000063	0.387140
0.000063	0.387140	0.000030	0.384517
0.000030	0.384517	0.000013	0.384910
0.000013	0.384910	0.000035	0.384632
0.000035	0.384632	0.000037	0.384484
0.000037	0.384484	0.000030	0.384265
0.000030	0.384265	0.000022	0.383827
0.000022	0.383827	0.000022	0.383737
0.000022	0.383737	0.000006	0.383916
0.000006	0.383916	0.000018	0.383687
0.000018	0.383687	0.000015	0.383746
0.000015	0.383746	0.000013	0.385112
0.000013	0.385112	0.000011	0.383949
0.000011	0.383949	0.000019	0.384128
0.000019	0.384128	0.000014	0.383123
0.000014	0.383123	0.000020	0.383004
0.000020	0.383004	0.000057	0.381316
0.000057	0.381316	0.000058	0.381349
0.000058	0.381349	0.000076	0.381116
0.000076	0.381116	0.000110	0.380490
0.000110	0.380490	0.000091	0.380550
0.000091	0.380550	0.000106	0.381056
0.000106	0.381056	0.000123	0.380285
0.000123	0.380285	0.000133	0.379154
0.000133	0.379154	0.000199	0.378968
0.000199	0.378968	0.000229	0.377608
0.000229	0.377608	0.000233	0.377462
0.000233	0.377462	0.000183	0.377484
0.000183	0.377484	0.000165	0.378579
0.000165	0.378579	0.000171	0.378454
0.000171	0.378454	0.000191	0.379188
0.000191	0.379188	0.000150	0.379792
0.000150	0.379792	0.000122	0.380315
0.000122	0.380315	0.000064	0.381400
0.000064	0.381400	0.000057	0.380600
0.000057	0.380600	0.000039	0.381741
0.000039	0.381741	0.000032	0.381258
0.000032	0.381258	0.000016	0.380744
0.000016	0.380744	0.000007	0.380090
0.000007	0.380090	0.000011	0.379767
0.000011	0.379767	0.000004	0.378788
0.000004	0.378788	0.000000	0.379543
0.000000	0.379543	0.000000	0.379555
0.000000	0.379555	0.000000	0.380212
0.000000	0.380212	0.000000	0.380853
0.000000	0.380853	0.000000	0.381550
0.000000	0.381550	0.000000	0.381565
0.000000	0.381565	0.000000	0.380429
0.000000	0.380429	0.000000	0.379601
0.000000	0.379601	0.000000	0.379764
0.000000	0.379764	0.000000	0.378292
0.000000	0.378292	0.000000	0.378399
0.000000	0.378399	0.000000	0.378288
0.000000	0.378288	0.000000	0.377869
0.000000	0.377869	0.000000	0.378064
0.000000	0.378064	0.000000	0.378307
0.000000	0.378307	0.000000	0.376854
0.000000	0.376854	0.000000	0.377220
0.000000	0.377220	0.000000	0.377991
0.000000	0.377991	0.000000	0.379857
0.000000	0.379857	0.000000	0.380071
0.000000	0.380071	0.000000	0.380359
0.000000	0.380359	0.000000	0.379755
0.000000	0.379755	0.000000	0.379972
0.000000	0.379972	0.000000	0.379829
0.000000	0.379829	0.000000	0.378782
0.000000	0.378782	0.000000	0.377340
0.000000	0.377340	0.000000	0.378256
0.000000	0.378256	0.000000	0.378296
0.000000	0.378296	0.000000	0.377812
0.000000	0.377812	0.000000	0.377225
0.000000	0.377225	0.000000	0.377283
0.000000	0.377283	0.000000	0.377087
0.000000	0.377087	0.000000	0.378038
0.000000	0.378038	0.000000	0.377829
0.000000	0.377829	0.000000	0.376993
0.000000	0.376993	0.000000	0.375547
0.000000	0.375547	0.000000	0.374981
0.000000	0.374981	0.000000	0.377248
0.000000	0.377248	0.000000	0.377531
0.000000	0.377531	0.000000	0.378609
0.000000	0.378609	0.000000	0.378740
0.000000	0.378740	0.000000	0.378246
0.000000	0.378246	0.000000	0.379298
0.000000	0.379298	0.000000	0.379622
0.000000	0.379622	0.000000	0.380032
0.000000	0.380032	0.000000	0.380305
0.000000	0.380305	0.000000	0.379129
0.000000	0.379129	0.000000	0.378565
0.000000	0.378565	0.000000	0.378681
0.000000	0.378681	0.000000	0.379189
0.000000	0.379189	0.000000	0.380083
0.000000	0.380083	0.000000	0.380829
0.000000	0.380829	0.000000	0.381610
0.000000	0.381610	0.000000	0.382975
0.000000	0.382975	0.000000	0.384592
0.000000	0.384592	0.000000	0.384808
0.000000	0.384808	0.000000	0.383586
0.000000	0.383586	0.000000	0.383231
0.000000	0.383231	0.000000	0.382423
0.000000	0.382423	0.000000	0.382023
0.000000	0.382023	0.000000	0.384145
0.000000	0.384145	0.000000	0.385505
0.000000	0.385505	0.000000	0.386663
0.000000	0.386663	0.000000	0.385775
0.000000	0.385775	0.000000	0.386390
0.000000	0.386390	0.000000	0.386524
0.000000	0.386524	0.000000	0.385966
0.000000	0.385966	0.000000	0.386811
0.000000	0.386811	0.000000	0.387395
0.000000	0.387395	0.000000	0.387713
0.000000	0.387713	0.000000	0.389035
0.000000	0.389035	0.000000	0.388497
0.000000	0.388497	0.000000	0.387845
0.000000	0.387845	0.000000	0.389485
0.000000	0.389485	0.000000	0.388656
0.000000	0.388656	0.000000	0.388538
0.000000	0.388538	0.000000	0.388072
0.000000	0.388072	0.000000	0.389368
0.000000	0.389368	0.000000	0.389174
0.000000	0.389174	0.000000	0.389481
0.000000	0.389481	0.000000	0.390428
0.000000	0.390428	0.000000	0.391961
0.000000	0.391961	0.000000	0.392131
0.000000	0.392131	0.000000	0.390959
0.000000	0.390959	0.000000	0.390700
0.000000	0.390700	0.000000	0.389206
0.000000	0.389206	0.000000	0.386970
0.000000	0.386970	0.000000	0.386695
0.000000	0.386695	0.000000	0.387114
0.000000	0.387114	0.000000	0.389316
0.000000	0.389316	0.000000	0.388301
0.000000	0.388301	0.000000	0.387531
0.000000	0.387531	0.000000	0.387308
0.000000	0.387308	0.000000	0.387909
0.000000	0.387909	0.000000	0.388015
0.000000	0.388015	0.000000	0.388219
0.000000	0.388219	0.000000	0.387639
0.000000	0.387639	0.000000	0.387622
0.000000	0.387622	0.000000	0.388538
0.000000	0.388538	0.000000	0.387052
0.000000	0.387052	0.000000	0.388818
0.000000	0.388818	0.000000	0.387527
0.000000	0.387527	0.000000	0.386511
0.000000	0.386511	0.000000	0.388671
0.000000	0.388671	0.000000	0.388296
0.000000	0.388296	0.000000	0.387166
0.000000	0.387166	0.000000	0.386492
0.000000	0.386492	0.000000	0.386769
0.000000	0.386769	0.000000	0.384968
0.000000	0.384968	0.000000	0.384096
0.000000	0.384096	0.000000	0.386868
0.000000	0.386868	0.000000	0.387153
0.000000	0.387153	0.000000	0.387534
0.000000	0.387534	0.000000	0.388342
0.000000	0.388342	0.000000	0.388156
0.000000	0.388156	0.000000	0.389342
0.000000	0.389342	0.000000	0.388707
0.000000	0.388707	0.000000	0.389083
0.000000	0.389083	0.000000	0.389380
0.349560	0.350569	0.098479	0.343680
0.098479	0.343680	0.032722	0.336050
0.032722	0.336050	0.014497	0.339253
0.014497	0.339253	0.007884	0.343593
0.007884	0.343593	0.004782	0.348626
0.004782	0.348626	0.003262	0.356202
0.003262	0.356202	0.002347	0.362629
0.002347	0.362629	0.001761	0.369202
0.001761	0.369202	0.001191	0.372983
0.001191	0.372983	0.001019	0.377109
0.001019	0.377109	0.000803	0.382110
0.000803	0.382110	0.000659	0.385839
0.000659	0.385839	0.000623	0.388674
0.000623	0.388674	0.000613	0.392274
0.000613	0.392274	0.000564	0.393892
0.000564	0.393892	0.000505	0.397013
0.000505	0.397013	0.000413	0.398624
0.000413	0.398624	0.000384	0.399609
0.000384	0.399609	0.000274	0.401073
0.000274	0.401073	0.000263	0.403678
0.000263	0.403678	0.000272	0.405617
0.000272	0.405617	0.000261	0.406565
0.000261	0.406565	0.000245	0.406745
0.000245	0.406745	0.000240	0.406552
0.000240	0.406552	0.000210	0.409279
0.000210	0.409279	0.000200	0.411064
0.000200	0.411064	0.000178	0.411784
0.000178	0.411784	0.000140	0.412744
0.000140	0.412744	0.000103	0.412751
0.000103	0.412751	0.000118	0.414513
0.000118	0.414513	0.000160	0.416187
0.000160	0.416187	0.000155	0.417484
0.000155	0.417484	0.000146	0.416906
0.000146	0.416906	0.000178	0.417579
0.000178	0.417579	0.000191	0.417799
0.000191	0.417799	0.000168	0.416656
0.000168	0.416656	0.000201	0.415838
0.000201	0.415838	0.000178	0.417385
0.000178	0.417385	0.000162	0.418329
0.000162	0.418329	0.000187	0.418977
0.000187	0.418977	0.000175	0.418885
0.000175	0.418885	0.000106	0.419429
0.000106	0.419429	0.000080	0.418318
0.000080	0.418318	0.000088	0.416836
0.000088	0.416836	0.000119	0.416666
0.000119	0.416666	0.000100	0.417329
0.000100	0.417329	0.000082	0.418302
0.000082	0.418302	0.000062	0.417904
0.000062	0.417904	0.000060	0.416874
0.000060	0.416874	0.000045	0.415456
0.000045	0.415456	0.000027	0.416581
0.000027	0.416581	0.000044	0.416271
0.000044	0.416271	0.000067	0.416421
0.000067	0.416421	0.000096	0.416306
0.000096	0.416306	0.000123	0.417207
0.000123	0.417207	0.000115	0.417895
0.000115	0.417895	0.000134	0.418511
0.000134	0.418511	0.000106	0.416232
0.000106	0.416232	0.000117	0.418483
0.000117	0.418483	0.000115	0.419803
0.000115	0.419803	0.000121	0.419916
0.000121	0.419916	0.000108	0.419534
0.000108	0.419534	0.000134	0.419917
0.000134	0.419917	0.000092	0.421045
0.000092	0.421045	0.000109	0.419522
0.000109	0.419522	0.000138	0.419673
0.000138	0.419673	0.000100	0.420091
0.000100	0.420091	0.000083	0.417817
0.000083	0.417817	0.000078	0.419189
0.000078	0.419189	0.000065	0.419887
0.000065	0.419887	0.000078	0.419170
0.000078	0.419170	0.000088	0.420439
0.000088	0.420439	0.000074	0.418649
0.000074	0.418649	0.000054	0.418824
0.000054	0.418824	0.000040	0.420037
0.000040	0.420037	0.000027	0.419443
0.000027	0.419443	0.000035	0.419028
0.000035	0.419028	0.000057	0.419007
0.000057	0.419007	0.000106	0.419847
0.000106	0.419847	0.000109	0.420581
0.000109	0.420581	0.000121	0.419557
0.000121	0.419557	0.000149	0.419000
0.000149	0.419000	0.000162	0.419525
0.000162	0.419525	0.000203	0.419025
0.000203	0.419025	0.000141	0.421267
0.000141	0.421267	0.000117	0.423351
0.000117	0.423351	0.000083	0.423684
0.000083	0.423684	0.000094	0.423920
0.000094	0.423920	0.000073	0.423921
0.000073	0.423921	0.000095	0.424354
0.000095	0.424354	0.000111	0.423301
0.000111	0.423301	0.000102	0.424687
0.000102	0.424687	0.000069	0.425651
0.000069	0.425651	0.000076	0.426764
0.000076	0.426764	0.000033	0.425776
0.000033	0.425776	0.000020	0.425694
0.000020	0.425694	0.000019	0.426692
0.000019	0.426692	0.000015	0.426857
0.000015	0.426857	0.000010	0.426900
0.000010	0.426900	0.000006	0.427566
0.000006	0.427566	0.000000	0.427649
0.000000	0.427649	0.000000	0.428043
0.000000	0.428043	0.000000	0.427069
0.000000	0.427069	0.000000	0.427258
0.000000	0.427258	0.000000	0.426529
0.000000	0.426529	0.000000	0.426458
0.000000	0.426458	0.000000	0.426654
0.000000	0.426654	0.000000	0.426256
0.000000	0.426256	0.000000	0.426759
0.000000	0.426759	0.000000	0.426655
0.000000	0.426655	0.000000	0.426154
0.000000	0.426154	0.000000	0.425477
0.000000	0.425477	0.000000	0.425253
0.000000	0.425253	0.000000	0.423285
0.000000	0.423285	0.000000	0.422328
0.000000	0.422328	0.000000	0.422661
0.000000	0.422661	0.000000	0.421328
0.000000	0.421328	0.000000	0.421181
0.000000	0.421181	0.000000	0.421183
0.000000	0.421183	0.000000	0.423308
0.000000	0.423308	0.000000	0.424664
0.000000	0.424664	0.000000	0.424774
0.000000	0.424774	0.000000	0.425514
0.000000	0.425514	0.000000	0.425505
0.000000	0.425505	0.000000	0.425612
0.000000	0.425612	0.000000	0.423814
0.000000	0.423814	0.000000	0.424855
0.000000	0.424855	0.000000	0.424591
0.000000	0.424591	0.000000	0.423458
0.000000	0.423458	0.000000	0.423908
0.000000	0.423908	0.000000	0.422804
0.000000	0.422804	0.000000	0.425577
0.000000	0.425577	0.000000	0.426608
0.000000	0.426608	0.000000	0.425984
0.000000	0.425984	0.000000	0.426178
0.000000	0.426178	0.000000	0.426444
0.000000	0.426444	0.000000	0.427223
0.000000	0.427223	0.000000	0.428207
0.000000	0.428207	0.000000	0.426565
0.000000	0.426565	0.000000	0.426691
0.000000	0.426691	0.000000	0.427605
0.000000	0.427605	0.000000	0.427301
0.000000	0.427301	0.000000	0.427776
0.000000	0.427776	0.000000	0.427823
0.000000	0.427823	0.000000	0.429216
0.000000	0.429216	0.000000	0.430372
0.000000	0.430372	0.000000	0.429346
0.000000	0.429346	0.000000	0.429280
0.000000	0.429280	0.000000	0.428804
0.000000	0.428804	0.000000	0.428777
0.000000	0.428777	0.000000	0.429440
0.000000	0.429440	0.000000	0.430937
0.000000	0.430937	0.000000	0.428323
0.000000	0.428323	0.000000	0.429646
0.000000	0.429646	0.000000	0.430050
0.000000	0.430050	0.000000	0.428114
0.000000	0.428114	0.000000	0.427554
0.000000	0.427554	0.000000	0.427602
0.000000	0.427602	0.000000	0.427638
0.000000	0.427638	0.000000	0.428385
0.000000	0.428385	0.000000	0.429392
0.000000	0.429392	0.000000	0.430275
0.000000	0.430275	0.000000	0.430509
0.000000	0.430509	0.000000	0.430321
0.000000	0.430321	0.000000	0.431210
0.000000	0.431210	0.000000	0.429545
0.000000	0.429545	0.000000	0.429029
0.000000	0.429029	0.000000	0.428569
0.000000	0.428569	0.000000	0.428709
0.000000	0.428709	0.000000	0.429407
0.000000	0.429407	0.000000	0.429729
0.000000	0.429729	0.000000	0.430218
0.000000	0.430218	0.000000	0.427953
0.000000	0.427953	0.000000	0.428427
0.000000	0.428427	0.000000	0.430091
0.000000	0.430091	0.000000	0.429302
0.000000	0.429302	0.000000	0.429960
0.000000	0.429960	0.000000	0.429319
0.000000	0.429319	0.000000	0.428733
0.000000	0.428733	0.000000	0.429814
0.000000	0.429814	0.000000	0.428941
0.000000	0.428941	0.000000	0.429245
0.000000	0.429245	0.000000	0.429322
0.000000	0.429322	0.000000	0.430018
0.000000	0.430018	0.000000	0.429744
0.000000	0.429744	0.000000	0.430488
0.000000	0.430488	0.000000	0.430526
0.000000	0.430526	0.000000	0.429439
0.000000	0.429439	0.000000	0.428144
0.000000	0.428144	0.000000	0.428456
0.000000	0.428456	0.000000	0.428375
0.000000	0.428375	0.000000	0.429745
0.000000	0.429745	0.000000	0.429783
0.000000	0.429783	0.000000	0.430419
0.000000	0.430419	0.000000	0.429912
0.000000	0.429912	0.000000	0.428027
0.000000	0.428027	0.000000	0.428595
0.000000	0.428595	0.000000	0.430671
0.000000	0.430671	0.000000	0.430444
0.349630	0.299810	0.074313	0.294821
0.074313	0.294821	0.020589	0.292679
0.020589	0.292679	0.008390	0.302345
0.008390	0.302345	0.004474	0.314428
0.004474	0.314428	0.002803	0.328912
0.002803	0.328912	0.002095	0.344059
0.002095	0.344059	0.001784	0.361317
0.001784	0.361317	0.001510	0.376332
0.001510	0.376332	0.001380	0.387887
0.001380	0.387887	0.001174	0.397320
0.001174	0.397320	0.001103	0.406002
0.001103	0.406002	0.001031	0.411951
0.001031	0.411951	0.000964	0.416453
0.000964	0.416453	0.000941	0.419419
0.000941	0.419419	0.000777	0.422421
0.000777	0.422421	0.000677	0.423798
0.000677	0.423798	0.000604	0.425176
0.000604	0.425176	0.000503	0.426755
0.000503	0.426755	0.000442	0.425685
0.000442	0.425685	0.000409	0.426392
0.000409	0.426392	0.000400	0.427564
0.000400	0.427564	0.000371	0.426011
0.000371	0.426011	0.000349	0.426619
0.000349	0.426619	0.000310	0.424876
0.000310	0.424876	0.000274	0.426582
0.000274	0.426582	0.000242	0.426830
0.000242	0.426830	0.000233	0.425272
0.000233	0.425272	0.000200	0.424762
0.000200	0.424762	0.000197	0.425503
0.000197	0.425503	0.000137	0.424710
0.000137	0.424710	0.000099	0.426409
0.000099	0.426409	0.000130	0.427737
0.000130	0.427737	0.000092	0.427976
0.000092	0.427976	0.000100	0.427643
0.000100	0.427643	0.000080	0.426959
0.000080	0.426959	0.000065	0.426837
0.000065	0.426837	0.000047	0.426213
0.000047	0.426213	0.000064	0.426635
0.000064	0.426635	0.000072	0.427820
0.000072	0.427820	0.000068	0.428211
0.000068	0.428211	0.000056	0.429063
0.000056	0.429063	0.000065	0.426813
0.000065	0.426813	0.000073	0.426713
0.000073	0.426713	0.000125	0.424814
0.000125	0.424814	0.000140	0.425709
0.000140	0.425709	0.000101	0.426849
0.000101	0.426849	0.000127	0.426246
0.000127	0.426246	0.000147	0.425575
0.000147	0.425575	0.000110	0.424526
0.000110	0.424526	0.000108	0.425399
0.000108	0.425399	0.000073	0.425507
0.000073	0.425507	0.000054	0.424881
0.000054	0.424881	0.000039	0.425723
0.000039	0.425723	0.000023	0.425669
0.000023	0.425669	0.000039	0.427741
0.000039	0.427741	0.000056	0.425988
0.000056	0.425988	0.000046	0.425075
0.000046	0.425075	0.000055	0.426168
0.000055	0.426168	0.000054	0.426577
0.000054	0.426577	0.000059	0.426594
0.000059	0.426594	0.000062	0.425767
0.000062	0.425767	0.000085	0.425611
0.000085	0.425611	0.000115	0.426081
0.000115	0.426081	0.000170	0.427169
0.000170	0.427169	0.000213	0.424861
0.000213	0.424861	0.000248	0.424131
0.000248	0.424131	0.000233	0.424566
0.000233	0.424566	0.000218	0.423386
0.000218	0.423386	0.000216	0.421906
0.000216	0.421906	0.000240	0.421494
0.000240	0.421494	0.000179	0.420994
0.000179	0.420994	0.000185	0.421496
0.000185	0.421496	0.000171	0.421544
0.000171	0.421544	0.000157	0.421081
0.000157	0.421081	0.000164	0.422292
0.000164	0.422292	0.000212	0.421553
0.000212	0.421553	0.000191	0.421723
0.000191	0.421723	0.000220	0.421166
0.000220	0.421166	0.000266	0.422036
0.000266	0.422036	0.000286	0.422973
0.000286	0.422973	0.000258	0.423716
0.000258	0.423716	0.000268	0.423455
0.000268	0.423455	0.000262	0.422186
0.000262	0.422186	0.000231	0.420736
0.000231	0.420736	0.000189	0.419168
0.000189	0.419168	0.000178	0.418735
0.000178	0.418735	0.000176	0.417611
0.000176	0.417611	0.000136	0.416624
0.000136	0.416624	0.000084	0.416213
0.000084	0.416213	0.000056	0.416836
0.000056	0.416836	0.000057	0.414479
0.000057	0.414479	0.000055	0.415444
0.000055	0.415444	0.000051	0.416594
0.000051	0.416594	0.000021	0.416249
0.000021	0.416249	0.000002	0.417326
0.000002	0.417326	0.000000	0.416817
0.000000	0.416817	0.000000	0.415572
0.000000	0.415572	0.000000	0.415637
0.000000	0.415637	0.000000	0.415575
0.000000	0.415575	0.000000	0.417012
0.000000	0.417012	0.000000	0.415900
0.000000	0.415900	0.000000	0.416165
0.000000	0.416165	0.000000	0.415190
0.000000	0.415190	0.000000	0.414666
0.000000	0.414666	0.000000	0.414260
0.000000	0.414260	0.000000	0.414954
0.000000	0.414954	0.000000	0.415650
0.000000	0.415650	0.000000	0.415598
0.000000	0.415598	0.000000	0.414613
0.000000	0.414613	0.000000	0.414631
0.000000	0.414631	0.000000	0.412945
0.000000	0.412945	0.000000	0.412428
0.000000	0.412428	0.000000	0.413900
0.000000	0.413900	0.000000	0.413106
0.000000	0.413106	0.000000	0.413081
0.000000	0.413081	0.000000	0.414431
0.000000	0.414431	0.000000	0.414780
0.000000	0.414780	0.000000	0.413557
0.000000	0.413557	0.000000	0.414607
0.000000	0.414607	0.000000	0.414992
0.000000	0.414992	0.000000	0.414426
0.000000	0.414426	0.000000	0.414330
0.000000	0.414330	0.000000	0.413108
0.000000	0.413108	0.000000	0.412048
0.000000	0.412048	0.000000	0.412487
0.000000	0.412487	0.000000	0.413105
0.000000	0.413105	0.000000	0.411608
0.000000	0.411608	0.000000	0.410062
0.000000	0.410062	0.000000	0.409637
0.000000	0.409637	0.000000	0.409070
0.000000	0.409070	0.000000	0.408841
0.000000	0.408841	0.000000	0.408317
0.000000	0.408317	0.000000	0.408420
0.000000	0.408420	0.000000	0.407782
0.000000	0.407782	0.000000	0.407969
0.000000	0.407969	0.000000	0.407452
0.000000	0.407452	0.000000	0.406056
0.000000	0.406056	0.000000	0.405212
0.000000	0.405212	0.000000	0.405813
0.000000	0.405813	0.000000	0.406024
0.000000	0.406024	0.000000	0.406138
0.000000	0.406138	0.000000	0.404015
0.000000	0.404015	0.000000	0.402903
0.000000	0.402903	0.000000	0.404579
0.000000	0.404579	0.000000	0.405200
0.000000	0.405200	0.000000	0.405073
0.000000	0.405073	0.000000	0.404299
0.000000	0.404299	0.000000	0.403973
0.000000	0.403973	0.000000	0.404238
0.000000	0.404238	0.000000	0.403572
0.000000	0.403572	0.000000	0.403729
0.000000	0.403729	0.000000	0.403752
0.000000	0.403752	0.000000	0.404149
0.000000	0.404149	0.000000	0.404955
0.000000	0.404955	0.000000	0.405352
0.000000	0.405352	0.000000	0.405733
0.000000	0.405733	0.000000	0.404489
0.000000	0.404489	0.000000	0.405358
0.000000	0.405358	0.000000	0.408135
0.000000	0.408135	0.000000	0.408377
0.000000	0.408377	0.000000	0.408152
0.000000	0.408152	0.000000	0.409289
0.000000	0.409289	0.000000	0.410112
0.000000	0.410112	0.000000	0.409423
0.000000	0.409423	0.000000	0.409695
0.000000	0.409695	0.000000	0.410334
0.000000	0.410334	0.000000	0.412566
0.000000	0.412566	0.000000	0.411813
0.000000	0.411813	0.000000	0.411553
0.000000	0.411553	0.000000	0.412443
0.000000	0.412443	0.000000	0.413629
0.000000	0.413629	0.000000	0.414803
0.000000	0.414803	0.000000	0.413471
0.000000	0.413471	0.000000	0.414288
0.000000	0.414288	0.000000	0.415514
0.000000	0.415514	0.000000	0.415840
0.000000	0.415840	0.000000	0.415435
0.000000	0.415435	0.000000	0.416208
0.000000	0.416208	0.000000	0.417152
0.000000	0.417152	0.000000	0.418821
0.000000	0.418821	0.000000	0.418254
0.000000	0.418254	0.000000	0.418946
0.000000	0.418946	0.000000	0.420213
0.000000	0.420213	0.000000	0.421816
0.000000	0.421816	0.000000	0.423263
0.000000	0.423263	0.000000	0.424952
0.000000	0.424952	0.000000	0.426279
0.000000	0.426279	0.000000	0.425785
0.000000	0.425785	0.000000	0.426339
0.000000	0.426339	0.000000	0.426653
0.000000	0.426653	0.000000	0.426223
0.000000	0.426223	0.000000	0.425248
0.000000	0.425248	0.000000	0.425418
0.000000	0.425418	0.000000	0.424924
0.000000	0.424924	0.000000	0.424978
0.000000	0.424978	0.000000	0.425964
0.000000	0.425964	0.000000	0.427303
0.000000	0.427303	0.000000	0.425622
0.000000	0.425622	0.000000	0.426016
0.349952	0.250038	0.054081	0.244865
0.054081	0.244865	0.013307	0.246793
0.013307	0.246793	0.005005	0.259231
0.005005	0.259231	0.002692	0.278366
0.002692	0.278366	0.001732	0.299750
0.001732	0.299750	0.001097	0.324623
0.001097	0.324623	0.000812	0.349066
0.000812	0.349066	0.000677	0.370890
0.000677	0.370890	0.000660	0.389617
0.000660	0.389617	0.000642	0.402870
0.000642	0.402870	0.000619	0.415032
0.000619	0.415032	0.000437	0.423502
0.000437	0.423502	0.000384	0.427747
0.000384	0.427747	0.000391	0.429395
0.000391	0.429395	0.000377	0.431593
0.000377	0.431593	0.000357	0.433436
0.000357	0.433436	0.000323	0.434086
0.000323	0.434086	0.000293	0.435251
0.000293	0.435251	0.000263	0.434626
0.000263	0.434626	0.000217	0.435694
0.000217	0.435694	0.000143	0.436418
0.000143	0.436418	0.000094	0.437297
0.000094	0.437297	0.000126	0.437183
0.000126	0.437183	0.000167	0.436010
0.000167	0.436010	0.000152	0.435413
0.000152	0.435413	0.000134	0.434478
0.000134	0.434478	0.000154	0.433540
0.000154	0.433540	0.000135	0.432133
0.000135	0.432133	0.000098	0.433345
0.000098	0.433345	0.000082	0.434194
0.000082	0.434194	0.000090	0.434386
0.000090	0.434386	0.000103	0.433979
0.000103	0.433979	0.000087	0.435366
0.000087	0.435366	0.000065	0.435483
0.000065	0.435483	0.000043	0.434686
0.000043	0.434686	0.000030	0.434695
0.000030	0.434695	0.000027	0.433255
0.000027	0.433255	0.000016	0.433931
0.000016	0.433931	0.000003	0.435267
0.000003	0.435267	0.000001	0.434774
0.000001	0.434774	0.000000	0.434500
0.000000	0.434500	0.000000	0.434388
0.000000	0.434388	0.000000	0.434774
0.000000	0.434774	0.000000	0.435366
0.000000	0.435366	0.000000	0.436523
0.000000	0.436523	0.000000	0.438036
0.000000	0.438036	0.000000	0.437756
0.000000	0.437756	0.000000	0.435263
0.000000	0.435263	0.000000	0.435811
0.000000	0.435811	0.000000	0.436537
0.000000	0.436537	0.000000	0.435836
0.000000	0.435836	0.000000	0.436293
0.000000	0.436293	0.000000	0.436426
0.000000	0.436426	0.000000	0.437543
0.000000	0.437543	0.000000	0.438332
0.000000	0.438332	0.000000	0.440115
0.000000	0.440115	0.000000	0.438946
0.000000	0.438946	0.000000	0.439776
0.000000	0.439776	0.000000	0.439193
0.000000	0.439193	0.000000	0.438523
0.000000	0.438523	0.000000	0.437834
0.000000	0.437834	0.000000	0.437320
0.000000	0.437320	0.000000	0.438469
0.000000	0.438469	0.000000	0.437597
0.000000	0.437597	0.000000	0.437285
0.000000	0.437285	0.000000	0.438277
0.000000	0.438277	0.000000	0.438319
0.000000	0.438319	0.000000	0.439255
0.000000	0.439255	0.000000	0.440237
0.000000	0.440237	0.000000	0.441456
0.000000	0.441456	0.000000	0.442698
0.000000	0.442698	0.000000	0.442596
0.000000	0.442596	0.000000	0.442480
0.000000	0.442480	0.000000	0.442173
0.000000	0.442173	0.000000	0.442449
0.000000	0.442449	0.000000	0.440824
0.000000	0.440824	0.000000	0.441882
0.000000	0.441882	0.000000	0.442076
0.000000	0.442076	0.000000	0.441160
0.000000	0.441160	0.000000	0.440397
0.000000	0.440397	0.000000	0.441669
0.000000	0.441669	0.000000	0.442583
0.000000	0.442583	0.000000	0.442853
0.000000	0.442853	0.000000	0.443879
0.000000	0.443879	0.000000	0.442653
0.000000	0.442653	0.000000	0.442293
0.000000	0.442293	0.000000	0.442014
0.000000	0.442014	0.000000	0.440365
0.000000	0.440365	0.000000	0.438987
0.000000	0.438987	0.000000	0.438077
0.000000	0.438077	0.000000	0.438368
0.000000	0.438368	0.000000	0.436936
0.000000	0.436936	0.000000	0.437039
0.000000	0.437039	0.000000	0.437323
0.000000	0.437323	0.000000	0.437246
0.000000	0.437246	0.000000	0.437194
0.000000	0.437194	0.000000	0.436891
0.000000	0.436891	0.000000	0.437078
0.000000	0.437078	0.000000	0.437052
0.000000	0.437052	0.000000	0.435414
0.000000	0.435414	0.000000	0.434698
0.000000	0.434698	0.000000	0.435130
0.000000	0.435130	0.000000	0.435580
0.000000	0.435580	0.000000	0.436912
0.000000	0.436912	0.000000	0.438141
0.000000	0.438141	0.000000	0.438640
0.000000	0.438640	0.000000	0.437715
0.000000	0.437715	0.000000	0.436171
0.000000	0.436171	0.000000	0.436105
0.000000	0.436105	0.000000	0.437090
0.000000	0.437090	0.000000	0.436740
0.000000	0.436740	0.000000	0.435462
0.000000	0.435462	0.000000	0.435739
0.000000	0.435739	0.000000	0.437158
0.000000	0.437158	0.000000	0.436763
0.000000	0.436763	0.000000	0.436104
0.000000	0.436104	0.000000	0.437268
0.000000	0.437268	0.000000	0.437393
0.000000	0.437393	0.000000	0.437288
0.000000	0.437288	0.000000	0.436035
0.000000	0.436035	0.000000	0.437393
0.000000	0.437393	0.000000	0.438060
0.000000	0.438060	0.000000	0.437508
0.000000	0.437508	0.000000	0.437028
0.000000	0.437028	0.000000	0.437160
0.000000	0.437160	0.000000	0.436980
0.000000	0.436980	0.000000	0.437734
0.000000	0.437734	0.000000	0.437969
0.000000	0.437969	0.000000	0.437130
0.000000	0.437130	0.000000	0.436807
0.000000	0.436807	0.000000	0.436694
0.000000	0.436694	0.000000	0.437391
0.000000	0.437391	0.000000	0.436374
0.000000	0.436374	0.000000	0.434712
0.000000	0.434712	0.000000	0.435337
0.000000	0.435337	0.000000	0.435267
0.000000	0.435267	0.000000	0.434272
0.000000	0.434272	0.000000	0.434165
0.000000	0.434165	0.000000	0.434841
0.000000	0.434841	0.000000	0.434288
0.000000	0.434288	0.000000	0.434945
0.000000	0.434945	0.000000	0.434124
0.000000	0.434124	0.000000	0.433754
0.000000	0.433754	0.000000	0.432728
0.000000	0.432728	0.000000	0.432508
0.000000	0.432508	0.000000	0.431259
0.000000	0.431259	0.000000	0.431092
0.000000	0.431092	0.000000	0.431569
0.000000	0.431569	0.000000	0.431364
0.000000	0.431364	0.000000	0.431889
0.000000	0.431889	0.000000	0.430024
0.000000	0.430024	0.000000	0.431061
0.000000	0.431061	0.000000	0.429649
0.000000	0.429649	0.000000	0.428900
0.000000	0.428900	0.000000	0.430195
0.000000	0.430195	0.000000	0.429883
0.000000	0.429883	0.000000	0.430522
0.000000	0.430522	0.000000	0.431836
0.000000	0.431836	0.000000	0.430224
0.000000	0.430224	0.000000	0.430633
0.000000	0.430633	0.000000	0.429835
0.000000	0.429835	0.000000	0.431004
0.000000	0.431004	0.000000	0.432398
0.000000	0.432398	0.000000	0.431884
0.000000	0.431884	0.000000	0.430410
0.000000	0.430410	0.000000	0.432069
0.000000	0.432069	0.000000	0.431353
0.000000	0.431353	0.000000	0.429579
0.000000	0.429579	0.000000	0.428769
0.000000	0.428769	0.000000	0.428029
0.000000	0.428029	0.000000	0.428685
0.000000	0.428685	0.000000	0.427252
0.000000	0.427252	0.000000	0.427684
0.000000	0.427684	0.000000	0.427009
0.000000	0.427009	0.000000	0.427081
0.000000	0.427081	0.000000	0.427572
0.000000	0.427572	0.000000	0.427802
0.000000	0.427802	0.000000	0.429284
0.000000	0.429284	0.000000	0.430178
0.000000	0.430178	0.000000	0.431641
0.000000	0.431641	0.000000	0.430028
0.000000	0.430028	0.000000	0.430763
0.000000	0.430763	0.000000	0.431264
0.000000	0.431264	0.000000	0.432221
0.000000	0.432221	0.000000	0.432253
0.000000	0.432253	0.000000	0.432779
0.000000	0.432779	0.000000	0.432935
0.000000	0.432935	0.000000	0.433086
0.000000	0.433086	0.000000	0.431918
0.000000	0.431918	0.000000	0.432034
0.000000	0.432034	0.000000	0.432198
0.000000	0.432198	0.000000	0.433560
0.000000	0.433560	0.000000	0.431346
0.000000	0.431346	0.000000	0.430581
0.000000	0.430581	0.000000	0.430915
0.000000	0.430915	0.000000	0.430839
0.000000	0.430839	0.000000	0.432986
0.000000	0.432986	0.000000	0.433989
0.000000	0.433989	0.000000	0.434760
0.349893	0.199807	0.036396	0.197185
0.036396	0.197185	0.007352	0.201325
0.007352	0.201325	0.002555	0.216857
0.002555	0.216857	0.001183	0.238736
0.001183	0.238736	0.000766	0.266278
0.000766	0.266278	0.000582	0.299409
0.000582	0.299409	0.000449	0.333086
0.000449	0.333086	0.000436	0.362843
0.000436	0.362843	0.000476	0.390516
0.000476	0.390516	0.000512	0.411162
0.000512	0.411162	0.000533	0.427876
0.000533	0.427876	0.000451	0.437714
0.000451	0.437714	0.000402	0.445428
0.000402	0.445428	0.000454	0.450067
0.000454	0.450067	0.000461	0.452433
0.000461	0.452433	0.000436	0.454579
0.000436	0.454579	0.000398	0.453926
0.000398	0.453926	0.000307	0.454783
0.000307	0.454783	0.000260	0.455048
0.000260	0.455048	0.000242	0.453006
0.000242	0.453006	0.000254	0.453531
0.000254	0.453531	0.000282	0.453877
0.000282	0.453877	0.000248	0.453755
0.000248	0.453755	0.000197	0.455428
0.000197	0.455428	0.000167	0.455221
0.000167	0.455221	0.000159	0.454128
0.000159	0.454128	0.000141	0.455162
0.000141	0.455162	0.000148	0.456340
0.000148	0.456340	0.000114	0.455442
0.000114	0.455442	0.000109	0.454130
0.000109	0.454130	0.000107	0.452252
0.000107	0.452252	0.000095	0.452359
0.000095	0.452359	0.000092	0.453548
0.000092	0.453548	0.000103	0.452553
0.000103	0.452553	0.000136	0.452462
0.000136	0.452462	0.000068	0.453097
0.000068	0.453097	0.000066	0.451595
0.000066	0.451595	0.000055	0.452042
0.000055	0.452042	0.000050	0.452266
0.000050	0.452266	0.000045	0.451541
0.000045	0.451541	0.000045	0.450804
0.000045	0.450804	0.000050	0.448511
0.000050	0.448511	0.000050	0.448595
0.000050	0.448595	0.000095	0.448241
0.000095	0.448241	0.000127	0.448901
0.000127	0.448901	0.000127	0.450322
0.000127	0.450322	0.000139	0.450232
0.000139	0.450232	0.000109	0.450690
0.000109	0.450690	0.000099	0.450864
0.000099	0.450864	0.000138	0.451210
0.000138	0.451210	0.000098	0.451477
0.000098	0.451477	0.000096	0.452229
0.000096	0.452229	0.000084	0.452670
0.000084	0.452670	0.000114	0.452150
0.000114	0.452150	0.000097	0.454033
0.000097	0.454033	0.000041	0.453877
0.000041	0.453877	0.000024	0.454691
0.000024	0.454691	0.000010	0.455079
0.000010	0.455079	0.000004	0.454462
0.000004	0.454462	0.000012	0.454059
0.000012	0.454059	0.000018	0.454913
0.000018	0.454913	0.000023	0.453820
0.000023	0.453820	0.000015	0.454860
0.000015	0.454860	0.000006	0.455323
0.000006	0.455323	0.000005	0.456086
0.000005	0.456086	0.000008	0.457516
0.000008	0.457516	0.000022	0.457808
0.000022	0.457808	0.000006	0.457568
0.000006	0.457568	0.000000	0.457175
0.000000	0.457175	0.000000	0.457753
0.000000	0.457753	0.000000	0.457134
0.000000	0.457134	0.000000	0.457253
0.000000	0.457253	0.000000	0.458329
0.000000	0.458329	0.000000	0.458141
0.000000	0.458141	0.000000	0.458843
0.000000	0.458843	0.000000	0.460512
0.000000	0.460512	0.000000	0.460171
0.000000	0.460171	0.000000	0.460272
0.000000	0.460272	0.000000	0.459045
0.000000	0.459045	0.000000	0.457762
0.000000	0.457762	0.000000	0.457222
0.000000	0.457222	0.000000	0.456769
0.000000	0.456769	0.000000	0.456024
0.000000	0.456024	0.000000	0.456478
0.000000	0.456478	0.000000	0.456883
0.000000	0.456883	0.000000	0.456077
0.000000	0.456077	0.000000	0.455972
0.000000	0.455972	0.000000	0.456565
0.000000	0.456565	0.000000	0.455967
0.000000	0.455967	0.000000	0.455588
0.000000	0.455588	0.000000	0.454910
0.000000	0.454910	0.000000	0.456659
0.000000	0.456659	0.000000	0.456637
0.000000	0.456637	0.000000	0.456854
0.000000	0.456854	0.000000	0.456087
0.000000	0.456087	0.000000	0.455679
0.000000	0.455679	0.000000	0.456069
0.000000	0.456069	0.000000	0.455716
0.000000	0.455716	0.000000	0.455016
0.000000	0.455016	0.000000	0.453974
0.000000	0.453974	0.000000	0.454697
0.000000	0.454697	0.000000	0.454459
0.000000	0.454459	0.000000	0.455319
0.000000	0.455319	0.000000	0.453754
0.000000	0.453754	0.000000	0.454168
0.000000	0.454168	0.000000	0.453486
0.000000	0.453486	0.000000	0.454911
0.000000	0.454911	0.000000	0.454694
0.000000	0.454694	0.000000	0.453422
0.000000	0.453422	0.000000	0.454343
0.000000	0.454343	0.000000	0.454172
0.000000	0.454172	0.000000	0.453957
0.000000	0.453957	0.000000	0.455577
0.000000	0.455577	0.000000	0.455521
0.000000	0.455521	0.000000	0.454384
0.000000	0.454384	0.000000	0.454345
0.000000	0.454345	0.000000	0.453951
0.000000	0.453951	0.000000	0.454817
0.000000	0.454817	0.000000	0.457018
0.000000	0.457018	0.000000	0.456406
0.000000	0.456406	0.000000	0.456881
0.000000	0.456881	0.000000	0.456878
0.000000	0.456878	0.000000	0.458430
0.000000	0.458430	0.000000	0.460072
0.000000	0.460072	0.000000	0.460621
0.000000	0.460621	0.000000	0.462019
0.000000	0.462019	0.000000	0.461904
0.000000	0.461904	0.000000	0.463142
0.000000	0.463142	0.000000	0.462853
0.000000	0.462853	0.000000	0.464640
0.000000	0.464640	0.000000	0.464395
0.000000	0.464395	0.000000	0.463133
0.000000	0.463133	0.000000	0.463706
0.000000	0.463706	0.000000	0.464309
0.000000	0.464309	0.000000	0.464272
0.000000	0.464272	0.000000	0.464475
0.000000	0.464475	0.000000	0.464413
0.000000	0.464413	0.000000	0.463114
0.000000	0.463114	0.000000	0.464619
0.000000	0.464619	0.000000	0.464162
0.000000	0.464162	0.000000	0.463236
0.000000	0.463236	0.000000	0.463586
0.000000	0.463586	0.000000	0.461976
0.000000	0.461976	0.000000	0.461280
0.000000	0.461280	0.000000	0.461188
0.000000	0.461188	0.000000	0.460753
0.000000	0.460753	0.000000	0.460231
0.000000	0.460231	0.000000	0.459619
0.000000	0.459619	0.000000	0.461866
0.000000	0.461866	0.000000	0.462428
0.000000	0.462428	0.000000	0.462028
0.000000	0.462028	0.000000	0.461722
0.000000	0.461722	0.000000	0.461704
0.000000	0.461704	0.000000	0.460742
0.000000	0.460742	0.000000	0.460667
0.000000	0.460667	0.000000	0.460444
0.000000	0.460444	0.000000	0.459083
0.000000	0.459083	0.000000	0.459204
0.000000	0.459204	0.000000	0.459993
0.000000	0.459993	0.000000	0.459351
0.000000	0.459351	0.000000	0.458143
0.000000	0.458143	0.000000	0.457286
0.000000	0.457286	0.000000	0.457307
0.000000	0.457307	0.000000	0.458047
0.000000	0.458047	0.000000	0.457392
0.000000	0.457392	0.000000	0.458813
0.000000	0.458813	0.000000	0.459969
0.000000	0.459969	0.000000	0.460530
0.000000	0.460530	0.000000	0.461839
0.000000	0.461839	0.000000	0.461336
0.000000	0.461336	0.000000	0.461179
0.000000	0.461179	0.000000	0.461627
0.000000	0.461627	0.000000	0.462770
0.000000	0.462770	0.000000	0.464378
0.000000	0.464378	0.000000	0.463847
0.000000	0.463847	0.000000	0.463715
0.000000	0.463715	0.000000	0.464941
0.000000	0.464941	0.000000	0.466725
0.000000	0.466725	0.000000	0.466725
0.000000	0.466725	0.000000	0.465943
0.000000	0.465943	0.000000	0.467273
0.000000	0.467273	0.000000	0.467200
0.000000	0.467200	0.000000	0.468619
0.000000	0.468619	0.000000	0.468835
0.000000	0.468835	0.000000	0.468644
0.000000	0.468644	0.000000	0.469571
0.000000	0.469571	0.000000	0.468615
0.000000	0.468615	0.000000	0.468347
0.000000	0.468347	0.000000	0.470069
0.000000	0.470069	0.000000	0.470727
0.000000	0.470727	0.000000	0.470408
0.000000	0.470408	0.000000	0.469245
0.000000	0.469245	0.000000	0.467764
0.000000	0.467764	0.000000	0.469976
0.000000	0.469976	0.000000	0.469620
0.000000	0.469620	0.000000	0.469477
0.000000	0.469477	0.000000	0.469876
0.000000	0.469876	0.000000	0.469814
0.000000	0.469814	0.000000	0.470146
0.348864	0.150175	0.022464	0.144115
0.022464	0.144115	0.003507	0.148086
0.003507	0.148086	0.001054	0.161535
0.001054	0.161535	0.000539	0.183560
0.000539	0.183560	0.000361	0.213885
0.000361	0.213885	0.000278	0.250631
0.000278	0.250631	0.000252	0.289079
0.000252	0.289079	0.000268	0.330588
0.000268	0.330588	0.000268	0.367633
0.000268	0.367633	0.000257	0.399648
0.000257	0.399648	0.000296	0.424746
0.000296	0.424746	0.000340	0.441897
0.000340	0.441897	0.000424	0.454238
0.000424	0.454238	0.000394	0.462035
0.000394	0.462035	0.000489	0.465712
0.000489	0.465712	0.000622	0.466600
0.000622	0.466600	0.000627	0.467299
0.000627	0.467299	0.000583	0.468872
0.000583	0.468872	0.000589	0.469066
0.000589	0.469066	0.000563	0.469654
0.000563	0.469654	0.000645	0.471084
0.000645	0.471084	0.000601	0.471118
0.000601	0.471118	0.000560	0.471434
0.000560	0.471434	0.000541	0.472101
0.000541	0.472101	0.000597	0.470988
0.000597	0.470988	0.000581	0.470893
0.000581	0.470893	0.000540	0.469003
0.000540	0.469003	0.000492	0.470028
0.000492	0.470028	0.000481	0.470156
0.000481	0.470156	0.000422	0.469357
0.000422	0.469357	0.000432	0.469179
0.000432	0.469179	0.000442	0.470608
0.000442	0.470608	0.000455	0.469833
0.000455	0.469833	0.000340	0.470733
0.000340	0.470733	0.000305	0.470550
0.000305	0.470550	0.000253	0.470238
0.000253	0.470238	0.000247	0.469028
0.000247	0.469028	0.000236	0.468349
0.000236	0.468349	0.000278	0.466547
0.000278	0.466547	0.000297	0.466429
0.000297	0.466429	0.000275	0.467119
0.000275	0.467119	0.000303	0.467420
0.000303	0.467420	0.000275	0.467619
0.000275	0.467619	0.000206	0.467628
0.000206	0.467628	0.000235	0.465772
0.000235	0.465772	0.000229	0.466554
0.000229	0.466554	0.000208	0.467504
0.000208	0.467504	0.000199	0.467684
0.000199	0.467684	0.000232	0.467570
0.000232	0.467570	0.000193	0.468007
0.000193	0.468007	0.000162	0.467600
0.000162	0.467600	0.000142	0.466998
0.000142	0.466998	0.000129	0.466308
0.000129	0.466308	0.000112	0.466361
0.000112	0.466361	0.000099	0.466959
0.000099	0.466959	0.000118	0.467128
0.000118	0.467128	0.000061	0.467503
0.000061	0.467503	0.000048	0.466560
0.000048	0.466560	0.000072	0.466360
0.000072	0.466360	0.000087	0.467155
0.000087	0.467155	0.000139	0.466419
0.000139	0.466419	0.000140	0.466417
0.000140	0.466417	0.000097	0.466413
0.000097	0.466413	0.000118	0.467324
0.000118	0.467324	0.000097	0.467693
0.000097	0.467693	0.000074	0.468901
0.000074	0.468901	0.000103	0.469559
0.000103	0.469559	0.000140	0.469967
0.000140	0.469967	0.000132	0.472181
0.000132	0.472181	0.000117	0.472181
0.000117	0.472181	0.000117	0.471675
0.000117	0.471675	0.000119	0.473343
0.000119	0.473343	0.000108	0.472484
0.000108	0.472484	0.000114	0.472299
0.000114	0.472299	0.000079	0.472442
0.000079	0.472442	0.000057	0.472057
0.000057	0.472057	0.000047	0.473432
0.000047	0.473432	0.000058	0.473394
0.000058	0.473394	0.000076	0.473856
0.000076	0.473856	0.000106	0.472874
0.000106	0.472874	0.000103	0.474189
0.000103	0.474189	0.000098	0.475098
0.000098	0.475098	0.000089	0.472509
0.000089	0.472509	0.000074	0.472596
0.000074	0.472596	0.000045	0.475454
0.000045	0.475454	0.000055	0.476261
0.000055	0.476261	0.000073	0.475517
0.000073	0.475517	0.000079	0.475351
0.000079	0.475351	0.000064	0.474949
0.000064	0.474949	0.000080	0.473507
0.000080	0.473507	0.000103	0.474058
0.000103	0.474058	0.000102	0.473781
0.000102	0.473781	0.000133	0.474166
0.000133	0.474166	0.000186	0.473815
0.000186	0.473815	0.000194	0.474263
0.000194	0.474263	0.000198	0.473787
0.000198	0.473787	0.000183	0.474373
0.000183	0.474373	0.000173	0.474524
0.000173	0.474524	0.000178	0.475130
0.000178	0.475130	0.000138	0.475426
0.000138	0.475426	0.000123	0.475440
0.000123	0.475440	0.000128	0.477179
0.000128	0.477179	0.000114	0.477120
0.000114	0.477120	0.000126	0.476126
0.000126	0.476126	0.000105	0.475962
0.000105	0.475962	0.000107	0.477621
0.000107	0.477621	0.000131	0.477833
0.000131	0.477833	0.000136	0.476768
0.000136	0.476768	0.000126	0.476954
0.000126	0.476954	0.000132	0.478080
0.000132	0.478080	0.000178	0.477093
0.000178	0.477093	0.000211	0.479271
0.000211	0.479271	0.000240	0.479054
0.000240	0.479054	0.000211	0.480072
0.000211	0.480072	0.000144	0.478999
0.000144	0.478999	0.000126	0.479898
0.000126	0.479898	0.000121	0.481739
0.000121	0.481739	0.000083	0.482816
0.000083	0.482816	0.000078	0.482607
0.000078	0.482607	0.000044	0.484173
0.000044	0.484173	0.000027	0.486128
0.000027	0.486128	0.000014	0.486476
0.000014	0.486476	0.000021	0.485594
0.000021	0.485594	0.000031	0.485179
0.000031	0.485179	0.000015	0.486567
0.000015	0.486567	0.000010	0.485116
0.000010	0.485116	0.000006	0.483984
0.000006	0.483984	0.000015	0.483042
0.000015	0.483042	0.000013	0.481436
0.000013	0.481436	0.000018	0.482641
0.000018	0.482641	0.000026	0.482093
0.000026	0.482093	0.000023	0.482494
0.000023	0.482494	0.000008	0.482800
0.000008	0.482800	0.000000	0.481988
0.000000	0.481988	0.000000	0.480158
0.000000	0.480158	0.000000	0.480015
0.000000	0.480015	0.000000	0.478464
0.000000	0.478464	0.000000	0.479242
0.000000	0.479242	0.000000	0.480798
0.000000	0.480798	0.000000	0.479989
0.000000	0.479989	0.000000	0.480947
0.000000	0.480947	0.000000	0.482660
0.000000	0.482660	0.000000	0.482837
0.000000	0.482837	0.000000	0.484162
0.000000	0.484162	0.000000	0.485435
0.000000	0.485435	0.000000	0.484973
0.000000	0.484973	0.000000	0.485394
0.000000	0.485394	0.000000	0.484531
0.000000	0.484531	0.000000	0.484360
0.000000	0.484360	0.000000	0.481990
0.000000	0.481990	0.000000	0.482010
0.000000	0.482010	0.000000	0.482160
0.000000	0.482160	0.000000	0.482085
0.000000	0.482085	0.000000	0.482682
0.000000	0.482682	0.000000	0.484352
0.000000	0.484352	0.000000	0.483652
0.000000	0.483652	0.000000	0.483774
0.000000	0.483774	0.000000	0.482897
0.000000	0.482897	0.000000	0.482107
0.000000	0.482107	0.000000	0.479951
0.000000	0.479951	0.000000	0.480330
0.000000	0.480330	0.000000	0.479737
0.000000	0.479737	0.000000	0.480357
0.000000	0.480357	0.000000	0.479682
0.000000	0.479682	0.000000	0.479719
0.000000	0.479719	0.000000	0.479151
0.000000	0.479151	0.000000	0.479296
0.000000	0.479296	0.000000	0.478227
0.000000	0.478227	0.000000	0.478854
0.000000	0.478854	0.000000	0.478582
0.000000	0.478582	0.000000	0.478947
0.000000	0.478947	0.000000	0.479955
0.000000	0.479955	0.000000	0.479719
0.000000	0.479719	0.000000	0.477978
0.000000	0.477978	0.000000	0.479071
0.000000	0.479071	0.000000	0.479677
0.000000	0.479677	0.000000	0.479648
0.000000	0.479648	0.000000	0.477671
0.000000	0.477671	0.000000	0.475703
0.000000	0.475703	0.000000	0.475427
0.000000	0.475427	0.000000	0.475030
0.000000	0.475030	0.000000	0.474299
0.000000	0.474299	0.000000	0.476084
0.000000	0.476084	0.000000	0.474356
0.000000	0.474356	0.000000	0.474953
0.000000	0.474953	0.000000	0.474776
0.000000	0.474776	0.000000	0.473597
0.000000	0.473597	0.000000	0.473784
0.000000	0.473784	0.000000	0.474576
0.000000	0.474576	0.000000	0.474157
0.000000	0.474157	0.000000	0.473008
0.000000	0.473008	0.000000	0.472568
0.000000	0.472568	0.000000	0.472285
0.000000	0.472285	0.000000	0.472741
0.000000	0.472741	0.000000	0.472131
0.000000	0.472131	0.000000	0.472736
0.000000	0.472736	0.000000	0.471880
0.000000	0.471880	0.000000	0.472257
0.000000	0.472257	0.000000	0.472753
0.350123	0.099996	0.013101	0.097067
0.013101	0.097067	0.001395	0.099486
0.001395	0.099486	0.000391	0.110068
0.000391	0.110068	0.000145	0.127200
0.000145	0.127200	0.000078	0.150530
0.000078	0.150530	0.000029	0.182283
0.000029	0.182283	0.000050	0.220681
0.000050	0.220681	0.000038	0.261450
0.000038	0.261450	0.000031	0.301462
0.000031	0.301462	0.000035	0.341226
0.000035	0.341226	0.000064	0.376891
0.000064	0.376891	0.000103	0.406990
0.000103	0.406990	0.000177	0.432380
0.000177	0.432380	0.000207	0.449637
0.000207	0.449637	0.000255	0.461906
0.000255	0.461906	0.000290	0.469684
0.000290	0.469684	0.000366	0.477024
0.000366	0.477024	0.000360	0.482259
0.000360	0.482259	0.000400	0.485529
0.000400	0.485529	0.000348	0.486872
0.000348	0.486872	0.000329	0.487819
0.000329	0.487819	0.000289	0.489504
0.000289	0.489504	0.000289	0.490261
0.000289	0.490261	0.000288	0.490465
0.000288	0.490465	0.000262	0.491637
0.000262	0.491637	0.000280	0.492240
0.000280	0.492240	0.000265	0.492727
0.000265	0.492727	0.000226	0.492448
0.000226	0.492448	0.000253	0.492600
0.000253	0.492600	0.000234	0.491594
0.000234	0.491594	0.000226	0.491321
0.000226	0.491321	0.000253	0.491472
0.000253	0.491472	0.000224	0.490346
0.000224	0.490346	0.000225	0.490712
0.000225	0.490712	0.000216	0.490961
0.000216	0.490961	0.000177	0.489823
0.000177	0.489823	0.000145	0.490509
0.000145	0.490509	0.000125	0.490220
0.000125	0.490220	0.000122	0.488303
0.000122	0.488303	0.000082	0.488264
0.000082	0.488264	0.000087	0.487255
0.000087	0.487255	0.000088	0.487341
0.000088	0.487341	0.000084	0.487160
0.000084	0.487160	0.000118	0.486912
0.000118	0.486912	0.000107	0.488134
0.000107	0.488134	0.000129	0.486853
0.000129	0.486853	0.000135	0.486981
0.000135	0.486981	0.000103	0.487778
0.000103	0.487778	0.000094	0.487152
0.000094	0.487152	0.000096	0.488262
0.000096	0.488262	0.000149	0.487113
0.000149	0.487113	0.000151	0.489023
0.000151	0.489023	0.000129	0.489668
0.000129	0.489668	0.000135	0.489967
0.000135	0.489967	0.000115	0.490836
0.000115	0.490836	0.000131	0.490677
0.000131	0.490677	0.000104	0.490606
0.000104	0.490606	0.000141	0.491165
0.000141	0.491165	0.000144	0.490582
0.000144	0.490582	0.000135	0.490252
0.000135	0.490252	0.000126	0.490982
0.000126	0.490982	0.000118	0.490672
0.000118	0.490672	0.000125	0.491717
0.000125	0.491717	0.000119	0.492657
0.000119	0.492657	0.000103	0.492006
0.000103	0.492006	0.000078	0.492342
0.000078	0.492342	0.000040	0.490563
0.000040	0.490563	0.000026	0.490095
0.000026	0.490095	0.000008	0.488094
0.000008	0.488094	0.000005	0.489356
0.000005	0.489356	0.000005	0.489749
0.000005	0.489749	0.000012	0.490522
0.000012	0.490522	0.000024	0.487650
0.000024	0.487650	0.000046	0.486494
0.000046	0.486494	0.000051	0.485175
0.000051	0.485175	0.000057	0.483479
0.000057	0.483479	0.000064	0.483663
0.000064	0.483663	0.000067	0.482965
0.000067	0.482965	0.000061	0.483409
0.000061	0.483409	0.000072	0.481979
0.000072	0.481979	0.000092	0.479763
0.000092	0.479763	0.000070	0.478559
0.000070	0.478559	0.000080	0.478509
0.000080	0.478509	0.000065	0.478020
0.000065	0.478020	0.000080	0.479575
0.000080	0.479575	0.000073	0.480147
0.000073	0.480147	0.000068	0.480344
0.000068	0.480344	0.000050	0.479956
0.000050	0.479956	0.000039	0.481283
0.000039	0.481283	0.000049	0.481299
0.000049	0.481299	0.000068	0.480949
0.000068	0.480949	0.000041	0.479482
0.000041	0.479482	0.000039	0.480279
0.000039	0.480279	0.000015	0.478934
0.000015	0.478934	0.000025	0.479770
0.000025	0.479770	0.000013	0.480045
0.000013	0.480045	0.000027	0.480275
0.000027	0.480275	0.000037	0.481004
0.000037	0.481004	0.000036	0.481675
0.000036	0.481675	0.000017	0.482574
0.000017	0.482574	0.000012	0.482055
0.000012	0.482055	0.000012	0.481647
0.000012	0.481647	0.000016	0.481477
0.000016	0.481477	0.000016	0.482550
0.000016	0.482550	0.000014	0.481343
0.000014	0.481343	0.000016	0.479857
0.000016	0.479857	0.000026	0.479289
0.000026	0.479289	0.000025	0.480047
0.000025	0.480047	0.000016	0.479215
0.000016	0.479215	0.000031	0.479229
0.000031	0.479229	0.000043	0.480265
0.000043	0.480265	0.000051	0.482077
0.000051	0.482077	0.000068	0.482611
0.000068	0.482611	0.000065	0.481774
0.000065	0.481774	0.000049	0.481491
0.000049	0.481491	0.000052	0.482147
0.000052	0.482147	0.000053	0.481105
0.000053	0.481105	0.000073	0.481252
0.000073	0.481252	0.000093	0.481421
0.000093	0.481421	0.000128	0.482441
0.000128	0.482441	0.000128	0.480804
0.000128	0.480804	0.000130	0.482186
0.000130	0.482186	0.000120	0.482938
0.000120	0.482938	0.000127	0.484157
0.000127	0.484157	0.000079	0.483733
0.000079	0.483733	0.000052	0.483644
0.000052	0.483644	0.000029	0.484469
0.000029	0.484469	0.000015	0.484822
0.000015	0.484822	0.000014	0.486500
0.000014	0.486500	0.000006	0.486488
0.000006	0.486488	0.000000	0.485256
0.000000	0.485256	0.000000	0.485348
0.000000	0.485348	0.000000	0.484387
0.000000	0.484387	0.000000	0.483183
0.000000	0.483183	0.000000	0.483404
0.000000	0.483404	0.000000	0.484763
0.000000	0.484763	0.000000	0.484035
0.000000	0.484035	0.000000	0.483835
0.000000	0.483835	0.000000	0.484496
0.000000	0.484496	0.000000	0.484126
0.000000	0.484126	0.000000	0.484814
0.000000	0.484814	0.000000	0.485208
0.000000	0.485208	0.000000	0.484836
0.000000	0.484836	0.000000	0.483920
0.000000	0.483920	0.000000	0.484839
0.000000	0.484839	0.000000	0.486166
0.000000	0.486166	0.000000	0.483468
0.000000	0.483468	0.000000	0.484666
0.000000	0.484666	0.000000	0.483203
0.000000	0.483203	0.000000	0.484992
0.000000	0.484992	0.000000	0.484913
0.000000	0.484913	0.000000	0.485071
0.000000	0.485071	0.000000	0.485151
0.000000	0.485151	0.000000	0.483771
0.000000	0.483771	0.000000	0.482158
0.000000	0.482158	0.000000	0.480805
0.000000	0.480805	0.000000	0.480650
0.000000	0.480650	0.000000	0.481687
0.000000	0.481687	0.000000	0.480286
0.000000	0.480286	0.000000	0.480701
0.000000	0.480701	0.000000	0.480657
0.000000	0.480657	0.000000	0.481397
0.000000	0.481397	0.000000	0.481309
0.000000	0.481309	0.000000	0.480216
0.000000	0.480216	0.000000	0.478501
0.000000	0.478501	0.000000	0.477143
0.000000	0.477143	0.000000	0.477437
0.000000	0.477437	0.000000	0.478237
0.000000	0.478237	0.000000	0.478359
0.000000	0.478359	0.000000	0.479285
0.000000	0.479285	0.000000	0.478887
0.000000	0.478887	0.000000	0.479543
0.000000	0.479543	0.000000	0.480029
0.000000	0.480029	0.000000	0.479865
0.000000	0.479865	0.000000	0.479153
0.000000	0.479153	0.000000	0.479866
0.000000	0.479866	0.000000	0.479417
0.000000	0.479417	0.000000	0.479337
0.000000	0.479337	0.000000	0.479858
0.000000	0.479858	0.000000	0.480191
0.000000	0.480191	0.000000	0.480189
0.000000	0.480189	0.000000	0.480371
0.000000	0.480371	0.000000	0.480915
0.000000	0.480915	0.000000	0.480603
0.000000	0.480603	0.000000	0.480105
0.000000	0.480105	0.000000	0.479691
0.000000	0.479691	0.000000	0.479761
0.000000	0.479761	0.000000	0.481311
0.000000	0.481311	0.000000	0.480650
0.000000	0.480650	0.000000	0.481510
0.000000	0.481510	0.000000	0.481993
0.000000	0.481993	0.000000	0.480500
0.000000	0.480500	0.000000	0.480797
0.000000	0.480797	0.000000	0.480071
0.000000	0.480071	0.000000	0.478662
0.000000	0.478662	0.000000	0.476720
0.000000	0.476720	0.000000	0.475649
0.000000	0.475649	0.000000	0.474126
0.000000	0.474126	0.000000	0.474717
0.349798	0.049881	0.006300	0.048344
0.006300	0.048344	0.000311	0.048303
0.000311	0.048303	0.000064	0.052002
0.000064	0.052002	0.000025	0.059418
0.000025	0.059418	0.000040	0.070895
0.000040	0.070895	0.000035	0.085999
0.000035	0.085999	0.000030	0.105512
0.000030	0.105512	0.000012	0.129818
0.000012	0.129818	0.000032	0.157740
0.000032	0.157740	0.000005	0.187702
0.000005	0.187702	0.000000	0.219142
0.000000	0.219142	0.000000	0.252628
0.000000	0.252628	0.000000	0.284694
0.000000	0.284694	0.000000	0.314861
0.000000	0.314861	0.000000	0.342683
0.000000	0.342683	0.000000	0.368159
0.000000	0.368159	0.000000	0.389479
0.000000	0.389479	0.000000	0.406629
0.000000	0.406629	0.000000	0.421447
0.000000	0.421447	0.000000	0.433148
0.000000	0.433148	0.000000	0.441922
0.000000	0.441922	0.000000	0.449209
0.000000	0.449209	0.000000	0.455516
0.000000	0.455516	0.000000	0.458918
0.000000	0.458918	0.000000	0.462202
0.000000	0.462202	0.000000	0.465325
0.000000	0.465325	0.000000	0.467250
0.000000	0.467250	0.000000	0.467302
0.000000	0.467302	0.000000	0.466287
0.000000	0.466287	0.000000	0.465877
0.000000	0.465877	0.000000	0.466111
0.000000	0.466111	0.000000	0.467483
0.000000	0.467483	0.000000	0.467931
0.000000	0.467931	0.000000	0.468313
0.000000	0.468313	0.000000	0.469194
0.000000	0.469194	0.000000	0.467608
0.000000	0.467608	0.000000	0.468315
0.000000	0.468315	0.000000	0.468483
0.000000	0.468483	0.000000	0.468767
0.000000	0.468767	0.000000	0.467413
0.000000	0.467413	0.000000	0.465842
0.000000	0.465842	0.000000	0.467298
0.000000	0.467298	0.000000	0.469034
0.000000	0.469034	0.000000	0.468254
0.000000	0.468254	0.000000	0.469621
0.000000	0.469621	0.000000	0.469470
0.000000	0.469470	0.000000	0.468911
0.000000	0.468911	0.000000	0.470167
0.000000	0.470167	0.000000	0.470090
0.000000	0.470090	0.000000	0.470663
0.000000	0.470663	0.000000	0.470061
0.000000	0.470061	0.000000	0.470500
0.000000	0.470500	0.000000	0.469736
0.000000	0.469736	0.000000	0.469587
0.000000	0.469587	0.000000	0.470563
0.000000	0.470563	0.000000	0.471117
0.000000	0.471117	0.000000	0.469862
0.000000	0.469862	0.000000	0.469871
0.000000	0.469871	0.000000	0.469636
0.000000	0.469636	0.000000	0.470661
0.000000	0.470661	0.000000	0.469082
0.000000	0.469082	0.000000	0.467783
0.000000	0.467783	0.000000	0.466655
0.000000	0.466655	0.000000	0.466950
0.000000	0.466950	0.000000	0.465528
0.000000	0.465528	0.000000	0.463846
0.000000	0.463846	0.000000	0.462290
0.000000	0.462290	0.000000	0.462018
0.000000	0.462018	0.000000	0.461980
0.000000	0.461980	0.000000	0.461309
0.000000	0.461309	0.000000	0.462431
0.000000	0.462431	0.000000	0.461649
0.000000	0.461649	0.000000	0.461860
0.000000	0.461860	0.000000	0.462275
0.000000	0.462275	0.000000	0.462084
0.000000	0.462084	0.000000	0.460849
0.000000	0.460849	0.000000	0.459855
0.000000	0.459855	0.000000	0.460679
0.000000	0.460679	0.000000	0.461549
0.000000	0.461549	0.000000	0.460345
0.000000	0.460345	0.000000	0.460458
0.000000	0.460458	0.000000	0.461782
0.000000	0.461782	0.000000	0.462231
0.000000	0.462231	0.000000	0.460491
0.000000	0.460491	0.000000	0.460743
0.000000	0.460743	0.000000	0.461203
0.000000	0.461203	0.000000	0.462812
0.000000	0.462812	0.000000	0.462104
0.000000	0.462104	0.000000	0.461724
0.000000	0.461724	0.000000	0.461336
0.000000	0.461336	0.000000	0.460554
0.000000	0.460554	0.000000	0.461789
0.000000	0.461789	0.000000	0.462205
0.000000	0.462205	0.000000	0.463491
0.000000	0.463491	0.000000	0.463531
0.000000	0.463531	0.000000	0.464599
0.000000	0.464599	0.000000	0.465799
0.000000	0.465799	0.000000	0.466031
0.000000	0.466031	0.000000	0.466219
0.000000	0.466219	0.000000	0.465915
0.000000	0.465915	0.000000	0.466997
0.000000	0.466997	0.000000	0.467350
0.000000	0.467350	0.000000	0.466065
0.000000	0.466065	0.000000	0.467599
0.000000	0.467599	0.000000	0.467724
0.000000	0.467724	0.000000	0.469167
0.000000	0.469167	0.000000	0.469760
0.000000	0.469760	0.000000	0.469866
0.000000	0.469866	0.000000	0.469474
0.000000	0.469474	0.000000	0.469820
0.000000	0.469820	0.000000	0.469131
0.000000	0.469131	0.000000	0.469418
0.000000	0.469418	0.000000	0.470407
0.000000	0.470407	0.000000	0.471371
0.000000	0.471371	0.000000	0.470498
0.000000	0.470498	0.000000	0.469757
0.000000	0.469757	0.000000	0.470533
0.000000	0.470533	0.000000	0.469161
0.000000	0.469161	0.000000	0.469854
0.000000	0.469854	0.000000	0.471321
0.000000	0.471321	0.000000	0.472577
0.000000	0.472577	0.000000	0.471679
0.000000	0.471679	0.000000	0.470930
0.000000	0.470930	0.000000	0.470895
0.000000	0.470895	0.000000	0.469813
0.000000	0.469813	0.000000	0.469196
0.000000	0.469196	0.000000	0.468036
0.000000	0.468036	0.000000	0.470085
0.000000	0.470085	0.000000	0.471432
0.000000	0.471432	0.000000	0.469946
0.000000	0.469946	0.000000	0.470679
0.000000	0.470679	0.000000	0.469833
0.000000	0.469833	0.000000	0.469192
0.000000	0.469192	0.000000	0.469235
0.000000	0.469235	0.000000	0.470297
0.000000	0.470297	0.000000	0.469634
0.000000	0.469634	0.000000	0.470044
0.000000	0.470044	0.000000	0.470745
0.000000	0.470745	0.000000	0.472925
0.000000	0.472925	0.000000	0.473985
0.000000	0.473985	0.000000	0.473737
0.000000	0.473737	0.000000	0.473303
0.000000	0.473303	0.000000	0.474043
0.000000	0.474043	0.000000	0.471911
0.000000	0.471911	0.000000	0.470492
0.000000	0.470492	0.000000	0.469806
0.000000	0.469806	0.000000	0.470294
0.000000	0.470294	0.000000	0.469377
0.000000	0.469377	0.000000	0.469090
0.000000	0.469090	0.000000	0.470762
0.000000	0.470762	0.000000	0.468978
0.000000	0.468978	0.000000	0.470623
0.000000	0.470623	0.000000	0.472107
0.000000	0.472107	0.000000	0.472473
0.000000	0.472473	0.000000	0.472247
0.000000	0.472247	0.000000	0.471518
0.000000	0.471518	0.000000	0.470840
0.000000	0.470840	0.000000	0.471011
0.000000	0.471011	0.000000	0.471198
0.000000	0.471198	0.000000	0.470691
0.000000	0.470691	0.000000	0.471278
0.000000	0.471278	0.000000	0.471694
0.000000	0.471694	0.000000	0.471727
0.000000	0.471727	0.000000	0.472396
0.000000	0.472396	0.000000	0.473313
0.000000	0.473313	0.000000	0.473242
0.000000	0.473242	0.000000	0.473726
0.000000	0.473726	0.000000	0.473932
0.000000	0.473932	0.000000	0.473905
0.000000	0.473905	0.000000	0.475543
0.000000	0.475543	0.000000	0.475103
0.000000	0.475103	0.000000	0.475831
0.000000	0.475831	0.000000	0.473494
0.000000	0.473494	0.000000	0.473352
0.000000	0.473352	0.000000	0.471584
0.000000	0.471584	0.000000	0.472419
0.000000	0.472419	0.000000	0.472267
0.000000	0.472267	0.000000	0.470614
0.000000	0.470614	0.000000	0.471299
0.000000	0.471299	0.000000	0.472497
0.000000	0.472497	0.000000	0.471765
0.000000	0.471765	0.000000	0.473670
0.000000	0.473670	0.000000	0.472740
0.000000	0.472740	0.000000	0.473599
0.000000	0.473599	0.000000	0.473221
0.000000	0.473221	0.000000	0.473945
0.000000	0.473945	0.000000	0.474601
0.000000	0.474601	0.000000	0.475408
0.000000	0.475408	0.000000	0.476298
0.000000	0.476298	0.000000	0.477558
0.000000	0.477558	0.000000	0.478027
0.000000	0.478027	0.000000	0.476347
0.000000	0.476347	0.000000	0.476109
0.000000	0.476109	0.000000	0.475308
0.000000	0.475308	0.000000	0.475613
0.000000	0.475613	0.000000	0.476662
0.000000	0.476662	0.000000	0.476613
0.000000	0.476613	0.000000	0.477846
0.000000	0.477846	0.000000	0.478566
