0.299422	0.100076	0.333343	0.108494
0.333343	0.108494	0.355020	0.143038
0.355020	0.143038	0.393062	0.203380
0.393062	0.203380	0.458849	0.288117
0.458849	0.288117	0.549963	0.391109
0.549963	0.391109	0.655454	0.501700
0.655454	0.501700	0.758677	0.606093
0.758677	0.606093	0.846704	0.693400
0.846704	0.693400	0.911618	0.757250
0.911618	0.757250	0.953515	0.799556
0.953515	0.799556	0.977649	0.822444
0.977649	0.822444	0.990207	0.835679
0.990207	0.835679	0.995728	0.842235
0.995728	0.842235	0.998234	0.844185
0.998234	0.844185	0.999194	0.843931
0.999194	0.843931	0.999614	0.845394
0.999614	0.845394	0.999795	0.846312
0.999795	0.846312	0.999892	0.846479
0.999892	0.846479	0.999973	0.847494
0.999973	0.847494	0.999988	0.846966
0.999988	0.846966	0.999998	0.847270
0.999998	0.847270	1.000000	0.848879
1.000000	0.848879	1.000000	0.849144
1.000000	0.849144	1.000000	0.849651
1.000000	0.849651	1.000000	0.849952
1.000000	0.849952	1.000000	0.850439
1.000000	0.850439	1.000000	0.849267
1.000000	0.849267	1.000000	0.849004
1.000000	0.849004	1.000000	0.850177
1.000000	0.850177	1.000000	0.849837
1.000000	0.849837	1.000000	0.850392
1.000000	0.850392	1.000000	0.849743
1.000000	0.849743	1.000000	0.850357
1.000000	0.850357	1.000000	0.850418
1.000000	0.850418	1.000000	0.848303
1.000000	0.848303	1.000000	0.848947
1.000000	0.848947	1.000000	0.849074
1.000000	0.849074	1.000000	0.849039
1.000000	0.849039	1.000000	0.849368
1.000000	0.849368	1.000000	0.849699
1.000000	0.849699	1.000000	0.849443
1.000000	0.849443	1.000000	0.849708
1.000000	0.849708	1.000000	0.850472
1.000000	0.850472	1.000000	0.850976
1.000000	0.850976	1.000000	0.852888
1.000000	0.852888	1.000000	0.852848
1.000000	0.852848	1.000000	0.853915
1.000000	0.853915	1.000000	0.853849
1.000000	0.853849	1.000000	0.854869
1.000000	0.854869	1.000000	0.854607
1.000000	0.854607	1.000000	0.855627
1.000000	0.855627	1.000000	0.855594
1.000000	0.855594	1.000000	0.855881
1.000000	0.855881	1.000000	0.855690
1.000000	0.855690	1.000000	0.855548
1.000000	0.855548	1.000000	0.856163
1.000000	0.856163	1.000000	0.857953
1.000000	0.857953	1.000000	0.857659
1.000000	0.857659	1.000000	0.857336
1.000000	0.857336	1.000000	0.858374
1.000000	0.858374	1.000000	0.858320
1.000000	0.858320	1.000000	0.858193
1.000000	0.858193	1.000000	0.858363
1.000000	0.858363	1.000000	0.857842
1.000000	0.857842	1.000000	0.857905
1.000000	0.857905	1.000000	0.857434
1.000000	0.857434	1.000000	0.857965
1.000000	0.857965	1.000000	0.858615
1.000000	0.858615	1.000000	0.859489
1.000000	0.859489	1.000000	0.858624
1.000000	0.858624	1.000000	0.858723
1.000000	0.858723	1.000000	0.858260
1.000000	0.858260	1.000000	0.858801
1.000000	0.858801	1.000000	0.859274
1.000000	0.859274	1.000000	0.858811
1.000000	0.858811	1.000000	0.858874
1.000000	0.858874	1.000000	0.859023
1.000000	0.859023	1.000000	0.858188
1.000000	0.858188	1.000000	0.858584
1.000000	0.858584	1.000000	0.859237
1.000000	0.859237	1.000000	0.859576
1.000000	0.859576	1.000000	0.859716
1.000000	0.859716	1.000000	0.859579
1.000000	0.859579	1.000000	0.859184
1.000000	0.859184	1.000000	0.859069
1.000000	0.859069	1.000000	0.859298
1.000000	0.859298	1.000000	0.859723
1.000000	0.859723	1.000000	0.860450
1.000000	0.860450	1.000000	0.860218
1.000000	0.860218	1.000000	0.860471
1.000000	0.860471	1.000000	0.860518
1.000000	0.860518	1.000000	0.860256
1.000000	0.860256	1.000000	0.860730
1.000000	0.860730	1.000000	0.861139
1.000000	0.861139	1.000000	0.861988
1.000000	0.861988	1.000000	0.861376
1.000000	0.861376	1.000000	0.860487
1.000000	0.860487	1.000000	0.861699
1.000000	0.861699	1.000000	0.861064
1.000000	0.861064	1.000000	0.860286
1.000000	0.860286	1.000000	0.860297
1.000000	0.860297	1.000000	0.860681
1.000000	0.860681	1.000000	0.860780
1.000000	0.860780	1.000000	0.860702
1.000000	0.860702	1.000000	0.861544
1.000000	0.861544	1.000000	0.862070
1.000000	0.862070	1.000000	0.862527
1.000000	0.862527	1.000000	0.862896
1.000000	0.862896	1.000000	0.863622
1.000000	0.863622	1.000000	0.863731
1.000000	0.863731	1.000000	0.864342
1.000000	0.864342	1.000000	0.864722
1.000000	0.864722	1.000000	0.863782
1.000000	0.863782	1.000000	0.863615
1.000000	0.863615	1.000000	0.863140
1.000000	0.863140	1.000000	0.862846
1.000000	0.862846	1.000000	0.863546
1.000000	0.863546	1.000000	0.862628
1.000000	0.862628	1.000000	0.863033
1.000000	0.863033	1.000000	0.862994
1.000000	0.862994	1.000000	0.863601
1.000000	0.863601	1.000000	0.862918
1.000000	0.862918	1.000000	0.862720
1.000000	0.862720	1.000000	0.862220
1.000000	0.862220	1.000000	0.862259
1.000000	0.862259	1.000000	0.863606
1.000000	0.863606	1.000000	0.864093
1.000000	0.864093	1.000000	0.864277
1.000000	0.864277	1.000000	0.862319
1.000000	0.862319	1.000000	0.862246
1.000000	0.862246	1.000000	0.863295
1.000000	0.863295	1.000000	0.863348
1.000000	0.863348	1.000000	0.863081
1.000000	0.863081	1.000000	0.863296
1.000000	0.863296	1.000000	0.862139
1.000000	0.862139	1.000000	0.862604
1.000000	0.862604	1.000000	0.863379
1.000000	0.863379	1.000000	0.863166
1.000000	0.863166	1.000000	0.863897
1.000000	0.863897	1.000000	0.863287
1.000000	0.863287	1.000000	0.863902
1.000000	0.863902	1.000000	0.864569
1.000000	0.864569	1.000000	0.864346
1.000000	0.864346	1.000000	0.864407
1.000000	0.864407	1.000000	0.864690
1.000000	0.864690	1.000000	0.864675
1.000000	0.864675	1.000000	0.863711
1.000000	0.863711	1.000000	0.864138
1.000000	0.864138	1.000000	0.865386
1.000000	0.865386	1.000000	0.864727
1.000000	0.864727	1.000000	0.864440
1.000000	0.864440	1.000000	0.864147
1.000000	0.864147	1.000000	0.864786
1.000000	0.864786	1.000000	0.864246
1.000000	0.864246	1.000000	0.863430
1.000000	0.863430	1.000000	0.863965
1.000000	0.863965	1.000000	0.863898
1.000000	0.863898	1.000000	0.863558
1.000000	0.863558	1.000000	0.864192
1.000000	0.864192	1.000000	0.864380
1.000000	0.864380	1.000000	0.865213
1.000000	0.865213	1.000000	0.865750
1.000000	0.865750	1.000000	0.865979
1.000000	0.865979	1.000000	0.864631
1.000000	0.864631	1.000000	0.865635
1.000000	0.865635	1.000000	0.866618
1.000000	0.866618	1.000000	0.866744
1.000000	0.866744	1.000000	0.867027
1.000000	0.867027	1.000000	0.866375
1.000000	0.866375	1.000000	0.866611
1.000000	0.866611	1.000000	0.867281
1.000000	0.867281	1.000000	0.867953
1.000000	0.867953	1.000000	0.867613
1.000000	0.867613	1.000000	0.867516
1.000000	0.867516	1.000000	0.866981
1.000000	0.866981	1.000000	0.867280
1.000000	0.867280	1.000000	0.866877
1.000000	0.866877	1.000000	0.867613
1.000000	0.867613	1.000000	0.867384
1.000000	0.867384	1.000000	0.868373
1.000000	0.868373	1.000000	0.868688
1.000000	0.868688	1.000000	0.868656
1.000000	0.868656	1.000000	0.868095
1.000000	0.868095	1.000000	0.867931
1.000000	0.867931	1.000000	0.867282
1.000000	0.867282	1.000000	0.866666
1.000000	0.866666	1.000000	0.867010
1.000000	0.867010	1.000000	0.866111
1.000000	0.866111	1.000000	0.865969
1.000000	0.865969	1.000000	0.866569
1.000000	0.866569	1.000000	0.866966
1.000000	0.866966	1.000000	0.867012
1.000000	0.867012	1.000000	0.866797
1.000000	0.866797	1.000000	0.866568
1.000000	0.866568	1.000000	0.866754
1.000000	0.866754	1.000000	0.866708
1.000000	0.866708	1.000000	0.865656
1.000000	0.865656	1.000000	0.866373
1.000000	0.866373	1.000000	0.866313
0.299532	0.200386	0.470467	0.214600
0.470467	0.214600	0.565455	0.266231
0.565455	0.266231	0.638788	0.337646
0.638788	0.337646	0.708730	0.415608
0.708730	0.415608	0.781084	0.494454
0.781084	0.494454	0.845282	0.563746
0.845282	0.563746	0.898262	0.619156
0.898262	0.619156	0.938066	0.660072
0.938066	0.660072	0.963476	0.686679
0.963476	0.686679	0.978131	0.701938
0.978131	0.701938	0.986846	0.711942
0.986846	0.711942	0.991712	0.716912
0.991712	0.716912	0.994565	0.719045
0.994565	0.719045	0.996169	0.721260
0.996169	0.721260	0.997294	0.723849
0.997294	0.723849	0.997968	0.723155
0.997968	0.723155	0.998560	0.724012
0.998560	0.724012	0.999042	0.723395
0.999042	0.723395	0.999245	0.723798
0.999245	0.723798	0.999361	0.724415
0.999361	0.724415	0.999541	0.724077
0.999541	0.724077	0.999614	0.722814
0.999614	0.722814	0.999685	0.722049
0.999685	0.722049	0.999735	0.721661
0.999735	0.721661	0.999776	0.722256
0.999776	0.722256	0.999766	0.722334
0.999766	0.722334	0.999871	0.722454
0.999871	0.722454	0.999907	0.722605
0.999907	0.722605	0.999928	0.723095
0.999928	0.723095	0.999946	0.724703
0.999946	0.724703	0.999926	0.724864
0.999926	0.724864	0.999930	0.725880
0.999930	0.725880	0.999926	0.725502
0.999926	0.725502	0.999951	0.726520
0.999951	0.726520	0.999975	0.727837
0.999975	0.727837	0.999987	0.728506
0.999987	0.728506	0.999984	0.729650
0.999984	0.729650	0.999976	0.729050
0.999976	0.729050	0.999971	0.728748
0.999971	0.728748	0.999951	0.727886
0.999951	0.727886	0.999948	0.727233
0.999948	0.727233	0.999925	0.725963
0.999925	0.725963	0.999948	0.726886
0.999948	0.726886	0.999972	0.727397
0.999972	0.727397	0.999979	0.727939
0.999979	0.727939	0.999989	0.728276
0.999989	0.728276	0.999988	0.727218
0.999988	0.727218	0.999993	0.726192
0.999993	0.726192	0.999988	0.725872
0.999988	0.725872	0.999986	0.724411
0.999986	0.724411	0.999989	0.724875
0.999989	0.724875	0.999980	0.723943
0.999980	0.723943	0.999991	0.723622
0.999991	0.723622	0.999994	0.724293
0.999994	0.724293	1.000000	0.724018
1.000000	0.724018	1.000000	0.724151
1.000000	0.724151	1.000000	0.722850
1.000000	0.722850	1.000000	0.723837
1.000000	0.723837	1.000000	0.724061
1.000000	0.724061	1.000000	0.723381
1.000000	0.723381	1.000000	0.723889
1.000000	0.723889	1.000000	0.724530
1.000000	0.724530	1.000000	0.724694
1.000000	0.724694	1.000000	0.725722
1.000000	0.725722	1.000000	0.725555
1.000000	0.725555	1.000000	0.726414
1.000000	0.726414	1.000000	0.726595
1.000000	0.726595	1.000000	0.726046
1.000000	0.726046	1.000000	0.726152
1.000000	0.726152	1.000000	0.727635
1.000000	0.727635	1.000000	0.726885
1.000000	0.726885	1.000000	0.727635
1.000000	0.727635	1.000000	0.727078
1.000000	0.727078	1.000000	0.727663
1.000000	0.727663	1.000000	0.728408
1.000000	0.728408	1.000000	0.727117
1.000000	0.727117	1.000000	0.727368
1.000000	0.727368	1.000000	0.727178
1.000000	0.727178	1.000000	0.729083
1.000000	0.729083	1.000000	0.728774
1.000000	0.728774	1.000000	0.728936
1.000000	0.728936	1.000000	0.727360
1.000000	0.727360	1.000000	0.727342
1.000000	0.727342	1.000000	0.727983
1.000000	0.727983	1.000000	0.727757
1.000000	0.727757	1.000000	0.727669
1.000000	0.727669	1.000000	0.726211
1.000000	0.726211	1.000000	0.723242
1.000000	0.723242	1.000000	0.722360
1.000000	0.722360	1.000000	0.723459
1.000000	0.723459	1.000000	0.723720
1.000000	0.723720	1.000000	0.723827
1.000000	0.723827	1.000000	0.725075
1.000000	0.725075	1.000000	0.725687
1.000000	0.725687	1.000000	0.726195
1.000000	0.726195	1.000000	0.726230
1.000000	0.726230	1.000000	0.727004
1.000000	0.727004	1.000000	0.725849
1.000000	0.725849	1.000000	0.724944
1.000000	0.724944	1.000000	0.724551
1.000000	0.724551	1.000000	0.724775
1.000000	0.724775	1.000000	0.726648
1.000000	0.726648	1.000000	0.727556
1.000000	0.727556	1.000000	0.728183
1.000000	0.728183	1.000000	0.729051
1.000000	0.729051	1.000000	0.728652
1.000000	0.728652	1.000000	0.728061
1.000000	0.728061	1.000000	0.728892
1.000000	0.728892	1.000000	0.729741
1.000000	0.729741	1.000000	0.729821
1.000000	0.729821	1.000000	0.730000
1.000000	0.730000	1.000000	0.728315
1.000000	0.728315	1.000000	0.729140
1.000000	0.729140	1.000000	0.729001
1.000000	0.729001	1.000000	0.728308
1.000000	0.728308	1.000000	0.728505
1.000000	0.728505	1.000000	0.729565
1.000000	0.729565	1.000000	0.729309
1.000000	0.729309	1.000000	0.727713
1.000000	0.727713	1.000000	0.726613
1.000000	0.726613	1.000000	0.727625
1.000000	0.727625	1.000000	0.726630
1.000000	0.726630	1.000000	0.725646
1.000000	0.725646	1.000000	0.725307
1.000000	0.725307	1.000000	0.725240
1.000000	0.725240	1.000000	0.725209
1.000000	0.725209	1.000000	0.726748
1.000000	0.726748	1.000000	0.726279
1.000000	0.726279	1.000000	0.726503
1.000000	0.726503	1.000000	0.726723
1.000000	0.726723	1.000000	0.727282
1.000000	0.727282	1.000000	0.727141
1.000000	0.727141	1.000000	0.727730
1.000000	0.727730	1.000000	0.727129
1.000000	0.727129	1.000000	0.727694
1.000000	0.727694	1.000000	0.727515
1.000000	0.727515	1.000000	0.729166
1.000000	0.729166	1.000000	0.728183
1.000000	0.728183	1.000000	0.729099
1.000000	0.729099	1.000000	0.727949
1.000000	0.727949	1.000000	0.728275
1.000000	0.728275	1.000000	0.729427
1.000000	0.729427	1.000000	0.730501
1.000000	0.730501	1.000000	0.730988
1.000000	0.730988	1.000000	0.729373
1.000000	0.729373	1.000000	0.730486
1.000000	0.730486	1.000000	0.730751
1.000000	0.730751	1.000000	0.730138
1.000000	0.730138	1.000000	0.729909
1.000000	0.729909	1.000000	0.729397
1.000000	0.729397	1.000000	0.729596
1.000000	0.729596	1.000000	0.729063
1.000000	0.729063	1.000000	0.729368
1.000000	0.729368	1.000000	0.728684
1.000000	0.728684	1.000000	0.729065
1.000000	0.729065	1.000000	0.730300
1.000000	0.730300	1.000000	0.729967
1.000000	0.729967	1.000000	0.729012
1.000000	0.729012	1.000000	0.728727
1.000000	0.728727	1.000000	0.729136
1.000000	0.729136	1.000000	0.730263
1.000000	0.730263	1.000000	0.730187
1.000000	0.730187	1.000000	0.730870
1.000000	0.730870	1.000000	0.731448
1.000000	0.731448	1.000000	0.731051
1.000000	0.731051	1.000000	0.730867
1.000000	0.730867	1.000000	0.730668
1.000000	0.730668	1.000000	0.731789
1.000000	0.731789	1.000000	0.732767
1.000000	0.732767	1.000000	0.732000
1.000000	0.732000	1.000000	0.731477
1.000000	0.731477	1.000000	0.731329
1.000000	0.731329	1.000000	0.732582
1.000000	0.732582	1.000000	0.732053
1.000000	0.732053	1.000000	0.733324
1.000000	0.733324	1.000000	0.734748
1.000000	0.734748	1.000000	0.733902
1.000000	0.733902	1.000000	0.732306
1.000000	0.732306	1.000000	0.731906
1.000000	0.731906	1.000000	0.730084
1.000000	0.730084	1.000000	0.730144
1.000000	0.730144	1.000000	0.729278
1.000000	0.729278	1.000000	0.728524
1.000000	0.728524	1.000000	0.727996
1.000000	0.727996	1.000000	0.729175
1.000000	0.729175	1.000000	0.729073
1.000000	0.729073	1.000000	0.728902
1.000000	0.728902	1.000000	0.729834
1.000000	0.729834	1.000000	0.731491
1.000000	0.731491	1.000000	0.731889
1.000000	0.731889	1.000000	0.732242
1.000000	0.732242	1.000000	0.732300
1.000000	0.732300	1.000000	0.731568
1.000000	0.731568	1.000000	0.732464
1.000000	0.732464	1.000000	0.730939
1.000000	0.730939	1.000000	0.729955
1.000000	0.729955	1.000000	0.730001
1.000000	0.730001	1.000000	0.730273
1.000000	0.730273	1.000000	0.729233
0.300200	0.299697	0.597911	0.320417
0.597911	0.320417	0.728419	0.375576
0.728419	0.375576	0.803217	0.434547
0.803217	0.434547	0.854510	0.486299
0.854510	0.486299	0.894852	0.530253
0.894852	0.530253	0.925125	0.564010
0.925125	0.564010	0.948199	0.589247
0.948199	0.589247	0.963881	0.607202
0.963881	0.607202	0.973885	0.620221
0.973885	0.620221	0.981518	0.628116
0.981518	0.628116	0.986579	0.634635
0.986579	0.634635	0.990251	0.638260
0.990251	0.638260	0.992548	0.641144
0.992548	0.641144	0.994546	0.644019
0.994546	0.644019	0.995735	0.646066
0.995735	0.646066	0.996777	0.647553
0.996777	0.647553	0.997457	0.647938
0.997457	0.647938	0.997927	0.648648
0.997927	0.648648	0.998136	0.647730
0.998136	0.647730	0.998445	0.648698
0.998445	0.648698	0.998841	0.649378
0.998841	0.649378	0.999036	0.650038
0.999036	0.650038	0.999111	0.650445
0.999111	0.650445	0.999303	0.652376
0.999303	0.652376	0.999420	0.651273
0.999420	0.651273	0.999444	0.652146
0.999444	0.652146	0.999417	0.652025
0.999417	0.652025	0.999554	0.652874
0.999554	0.652874	0.999687	0.652864
0.999687	0.652864	0.999777	0.651982
0.999777	0.651982	0.999784	0.655069
0.999784	0.655069	0.999794	0.656134
0.999794	0.656134	0.999799	0.656315
0.999799	0.656315	0.999853	0.657120
0.999853	0.657120	0.999880	0.655247
0.999880	0.655247	0.999916	0.655629
0.999916	0.655629	0.999882	0.653591
0.999882	0.653591	0.999897	0.652530
0.999897	0.652530	0.999849	0.651389
0.999849	0.651389	0.999861	0.650888
0.999861	0.650888	0.999912	0.650679
0.999912	0.650679	0.999967	0.650328
0.999967	0.650328	0.999981	0.650003
0.999981	0.650003	0.999991	0.650472
0.999991	0.650472	0.999994	0.651153
0.999994	0.651153	1.000000	0.652095
1.000000	0.652095	1.000000	0.651512
1.000000	0.651512	1.000000	0.653146
1.000000	0.653146	1.000000	0.652546
1.000000	0.652546	1.000000	0.649949
1.000000	0.649949	1.000000	0.651543
1.000000	0.651543	1.000000	0.651843
1.000000	0.651843	1.000000	0.652029
1.000000	0.652029	1.000000	0.652820
1.000000	0.652820	1.000000	0.654783
1.000000	0.654783	1.000000	0.653640
1.000000	0.653640	1.000000	0.652453
1.000000	0.652453	1.000000	0.652289
1.000000	0.652289	1.000000	0.651271
1.000000	0.651271	1.000000	0.650438
1.000000	0.650438	1.000000	0.651163
1.000000	0.651163	1.000000	0.650239
1.000000	0.650239	1.000000	0.648913
1.000000	0.648913	1.000000	0.648968
1.000000	0.648968	1.000000	0.649299
1.000000	0.649299	1.000000	0.649709
1.000000	0.649709	1.000000	0.648468
1.000000	0.648468	1.000000	0.649210
1.000000	0.649210	1.000000	0.647727
1.000000	0.647727	1.000000	0.646667
1.000000	0.646667	1.000000	0.646500
1.000000	0.646500	1.000000	0.646456
1.000000	0.646456	1.000000	0.646425
1.000000	0.646425	1.000000	0.647508
1.000000	0.647508	1.000000	0.645900
1.000000	0.645900	1.000000	0.644934
1.000000	0.644934	1.000000	0.644538
1.000000	0.644538	1.000000	0.644074
1.000000	0.644074	1.000000	0.641646
1.000000	0.641646	1.000000	0.642240
1.000000	0.642240	1.000000	0.642179
1.000000	0.642179	1.000000	0.641884
1.000000	0.641884	1.000000	0.641112
1.000000	0.641112	1.000000	0.641599
1.000000	0.641599	1.000000	0.642328
1.000000	0.642328	1.000000	0.642099
1.000000	0.642099	1.000000	0.641749
1.000000	0.641749	1.000000	0.641910
1.000000	0.641910	1.000000	0.640855
1.000000	0.640855	1.000000	0.642489
1.000000	0.642489	1.000000	0.642806
1.000000	0.642806	1.000000	0.643753
1.000000	0.643753	1.000000	0.644907
1.000000	0.644907	1.000000	0.644637
1.000000	0.644637	1.000000	0.643105
1.000000	0.643105	1.000000	0.644431
1.000000	0.644431	1.000000	0.645274
1.000000	0.645274	1.000000	0.645600
1.000000	0.645600	1.000000	0.647353
1.000000	0.647353	1.000000	0.646961
1.000000	0.646961	1.000000	0.647003
1.000000	0.647003	1.000000	0.645975
1.000000	0.645975	1.000000	0.644934
1.000000	0.644934	1.000000	0.644539
1.000000	0.644539	1.000000	0.645299
1.000000	0.645299	1.000000	0.646369
1.000000	0.646369	1.000000	0.645261
1.000000	0.645261	1.000000	0.644470
1.000000	0.644470	1.000000	0.645465
1.000000	0.645465	1.000000	0.646907
1.000000	0.646907	1.000000	0.647159
1.000000	0.647159	1.000000	0.646472
1.000000	0.646472	1.000000	0.645435
1.000000	0.645435	1.000000	0.645890
1.000000	0.645890	1.000000	0.646426
1.000000	0.646426	1.000000	0.647762
1.000000	0.647762	1.000000	0.649370
1.000000	0.649370	1.000000	0.649356
1.000000	0.649356	1.000000	0.649216
1.000000	0.649216	1.000000	0.649616
1.000000	0.649616	1.000000	0.650254
1.000000	0.650254	1.000000	0.649737
1.000000	0.649737	1.000000	0.650013
1.000000	0.650013	1.000000	0.652082
1.000000	0.652082	1.000000	0.651616
1.000000	0.651616	1.000000	0.650674
1.000000	0.650674	1.000000	0.651289
1.000000	0.651289	1.000000	0.651311
1.000000	0.651311	1.000000	0.651348
1.000000	0.651348	1.000000	0.651103
1.000000	0.651103	1.000000	0.651029
1.000000	0.651029	1.000000	0.650438
1.000000	0.650438	1.000000	0.650052
1.000000	0.650052	1.000000	0.649068
1.000000	0.649068	1.000000	0.648991
1.000000	0.648991	1.000000	0.648843
1.000000	0.648843	1.000000	0.648507
1.000000	0.648507	1.000000	0.648535
1.000000	0.648535	1.000000	0.649577
1.000000	0.649577	1.000000	0.649079
1.000000	0.649079	1.000000	0.648847
1.000000	0.648847	1.000000	0.647576
1.000000	0.647576	1.000000	0.648162
1.000000	0.648162	1.000000	0.647512
1.000000	0.647512	1.000000	0.647607
1.000000	0.647607	1.000000	0.646362
1.000000	0.646362	1.000000	0.647387
1.000000	0.647387	1.000000	0.646775
1.000000	0.646775	1.000000	0.647023
1.000000	0.647023	1.000000	0.646612
1.000000	0.646612	1.000000	0.646780
1.000000	0.646780	1.000000	0.646828
1.000000	0.646828	1.000000	0.645121
1.000000	0.645121	1.000000	0.645900
1.000000	0.645900	1.000000	0.645104
1.000000	0.645104	1.000000	0.645617
1.000000	0.645617	1.000000	0.645492
1.000000	0.645492	1.000000	0.645808
1.000000	0.645808	1.000000	0.644784
1.000000	0.644784	1.000000	0.645247
1.000000	0.645247	1.000000	0.645781
1.000000	0.645781	1.000000	0.644635
1.000000	0.644635	1.000000	0.643719
1.000000	0.643719	1.000000	0.645272
1.000000	0.645272	1.000000	0.646999
1.000000	0.646999	1.000000	0.646630
1.000000	0.646630	1.000000	0.646396
1.000000	0.646396	1.000000	0.648248
1.000000	0.648248	1.000000	0.648535
1.000000	0.648535	1.000000	0.648341
1.000000	0.648341	1.000000	0.647732
1.000000	0.647732	1.000000	0.647940
1.000000	0.647940	1.000000	0.648743
1.000000	0.648743	1.000000	0.648714
1.000000	0.648714	1.000000	0.647594
1.000000	0.647594	1.000000	0.646735
1.000000	0.646735	1.000000	0.647040
1.000000	0.647040	1.000000	0.646634
1.000000	0.646634	1.000000	0.647048
1.000000	0.647048	1.000000	0.646409
1.000000	0.646409	1.000000	0.645965
1.000000	0.645965	1.000000	0.645919
1.000000	0.645919	1.000000	0.647288
1.000000	0.647288	1.000000	0.647721
1.000000	0.647721	1.000000	0.649519
1.000000	0.649519	1.000000	0.650243
1.000000	0.650243	1.000000	0.652050
1.000000	0.652050	1.000000	0.653145
1.000000	0.653145	1.000000	0.652703
1.000000	0.652703	1.000000	0.653105
1.000000	0.653105	1.000000	0.653250
1.000000	0.653250	1.000000	0.653226
1.000000	0.653226	1.000000	0.653515
1.000000	0.653515	1.000000	0.652843
1.000000	0.652843	1.000000	0.652238
1.000000	0.652238	1.000000	0.653403
1.000000	0.653403	1.000000	0.654257
1.000000	0.654257	1.000000	0.655045
1.000000	0.655045	1.000000	0.653270
0.300151	0.399249	0.708639	0.428014
0.708639	0.428014	0.848140	0.478428
0.848140	0.478428	0.905875	0.517448
0.905875	0.517448	0.935962	0.544587
0.935962	0.544587	0.954261	0.565218
0.954261	0.565218	0.967121	0.578569
0.967121	0.578569	0.975777	0.590164
0.975777	0.590164	0.981847	0.598120
0.981847	0.598120	0.986355	0.605412
0.986355	0.605412	0.989650	0.612281
0.989650	0.612281	0.992049	0.615086
0.992049	0.615086	0.993780	0.619892
0.993780	0.619892	0.995165	0.622662
0.995165	0.622662	0.996040	0.624013
0.996040	0.624013	0.996977	0.624419
0.996977	0.624419	0.997580	0.624675
0.997580	0.624675	0.998039	0.626108
0.998039	0.626108	0.998498	0.626882
0.998498	0.626882	0.998797	0.626606
0.998797	0.626606	0.999001	0.627740
0.999001	0.627740	0.998946	0.626347
0.998946	0.626347	0.999060	0.626846
0.999060	0.626846	0.999164	0.626496
0.999164	0.626496	0.999221	0.626656
0.999221	0.626656	0.999262	0.625866
0.999262	0.625866	0.999243	0.625350
0.999243	0.625350	0.999319	0.626790
0.999319	0.626790	0.999355	0.626413
0.999355	0.626413	0.999372	0.627460
0.999372	0.627460	0.999429	0.627529
0.999429	0.627529	0.999485	0.627960
0.999485	0.627960	0.999549	0.628160
0.999549	0.628160	0.999619	0.628248
0.999619	0.628248	0.999761	0.627993
0.999761	0.627993	0.999840	0.627392
0.999840	0.627392	0.999869	0.627740
0.999869	0.627740	0.999911	0.628687
0.999911	0.628687	0.999960	0.628826
0.999960	0.628826	0.999967	0.629562
0.999967	0.629562	0.999980	0.629148
0.999980	0.629148	0.999993	0.629628
0.999993	0.629628	1.000000	0.631612
1.000000	0.631612	1.000000	0.632603
1.000000	0.632603	1.000000	0.632860
1.000000	0.632860	1.000000	0.632058
1.000000	0.632058	1.000000	0.630380
1.000000	0.630380	1.000000	0.631038
1.000000	0.631038	1.000000	0.632589
1.000000	0.632589	1.000000	0.632484
1.000000	0.632484	1.000000	0.632814
1.000000	0.632814	1.000000	0.632982
1.000000	0.632982	1.000000	0.634010
1.000000	0.634010	1.000000	0.633711
1.000000	0.633711	1.000000	0.635122
1.000000	0.635122	1.000000	0.634302
1.000000	0.634302	1.000000	0.634557
1.000000	0.634557	1.000000	0.634442
1.000000	0.634442	1.000000	0.634692
1.000000	0.634692	1.000000	0.633133
1.000000	0.633133	1.000000	0.633302
1.000000	0.633302	1.000000	0.633807
1.000000	0.633807	1.000000	0.633854
1.000000	0.633854	1.000000	0.635230
1.000000	0.635230	1.000000	0.635223
1.000000	0.635223	1.000000	0.634355
1.000000	0.634355	1.000000	0.632651
1.000000	0.632651	1.000000	0.633921
1.000000	0.633921	1.000000	0.634876
1.000000	0.634876	1.000000	0.635984
1.000000	0.635984	1.000000	0.636053
1.000000	0.636053	1.000000	0.637019
1.000000	0.637019	1.000000	0.637203
1.000000	0.637203	1.000000	0.637604
1.000000	0.637604	1.000000	0.638498
1.000000	0.638498	1.000000	0.638400
1.000000	0.638400	1.000000	0.638572
1.000000	0.638572	1.000000	0.641683
1.000000	0.641683	1.000000	0.641117
1.000000	0.641117	1.000000	0.640895
1.000000	0.640895	1.000000	0.640506
1.000000	0.640506	1.000000	0.639565
1.000000	0.639565	1.000000	0.638100
1.000000	0.638100	1.000000	0.638824
1.000000	0.638824	1.000000	0.639705
1.000000	0.639705	1.000000	0.638918
1.000000	0.638918	1.000000	0.639384
1.000000	0.639384	1.000000	0.639554
1.000000	0.639554	1.000000	0.640529
1.000000	0.640529	1.000000	0.641508
1.000000	0.641508	1.000000	0.642241
1.000000	0.642241	1.000000	0.642379
1.000000	0.642379	1.000000	0.643589
1.000000	0.643589	1.000000	0.643520
1.000000	0.643520	1.000000	0.643826
1.000000	0.643826	1.000000	0.642796
1.000000	0.642796	1.000000	0.642555
1.000000	0.642555	1.000000	0.643147
1.000000	0.643147	1.000000	0.644047
1.000000	0.644047	1.000000	0.643326
1.000000	0.643326	1.000000	0.642066
1.000000	0.642066	1.000000	0.642537
1.000000	0.642537	1.000000	0.643515
1.000000	0.643515	1.000000	0.643290
1.000000	0.643290	1.000000	0.643101
1.000000	0.643101	1.000000	0.644528
1.000000	0.644528	1.000000	0.643521
1.000000	0.643521	1.000000	0.644279
1.000000	0.644279	1.000000	0.643601
1.000000	0.643601	1.000000	0.642329
1.000000	0.642329	1.000000	0.642520
1.000000	0.642520	1.000000	0.641664
1.000000	0.641664	1.000000	0.640273
1.000000	0.640273	1.000000	0.642109
1.000000	0.642109	1.000000	0.642621
1.000000	0.642621	1.000000	0.643601
1.000000	0.643601	1.000000	0.644251
1.000000	0.644251	1.000000	0.642468
1.000000	0.642468	1.000000	0.642121
1.000000	0.642121	1.000000	0.639962
1.000000	0.639962	1.000000	0.640846
1.000000	0.640846	1.000000	0.641468
1.000000	0.641468	1.000000	0.641212
1.000000	0.641212	1.000000	0.642427
1.000000	0.642427	1.000000	0.642259
1.000000	0.642259	1.000000	0.642014
1.000000	0.642014	1.000000	0.642261
1.000000	0.642261	1.000000	0.641081
1.000000	0.641081	1.000000	0.640756
1.000000	0.640756	1.000000	0.640141
1.000000	0.640141	1.000000	0.639452
1.000000	0.639452	1.000000	0.639290
1.000000	0.639290	1.000000	0.638784
1.000000	0.638784	1.000000	0.638375
1.000000	0.638375	1.000000	0.640826
1.000000	0.640826	1.000000	0.640278
1.000000	0.640278	1.000000	0.639822
1.000000	0.639822	1.000000	0.640088
1.000000	0.640088	1.000000	0.641311
1.000000	0.641311	1.000000	0.642147
1.000000	0.642147	1.000000	0.642373
1.000000	0.642373	1.000000	0.642885
1.000000	0.642885	1.000000	0.643892
1.000000	0.643892	1.000000	0.645247
1.000000	0.645247	1.000000	0.644414
1.000000	0.644414	1.000000	0.643348
1.000000	0.643348	1.000000	0.644102
1.000000	0.644102	1.000000	0.644611
1.000000	0.644611	1.000000	0.645266
1.000000	0.645266	1.000000	0.644889
1.000000	0.644889	1.000000	0.645522
1.000000	0.645522	1.000000	0.645585
1.000000	0.645585	1.000000	0.646349
1.000000	0.646349	1.000000	0.645831
1.000000	0.645831	1.000000	0.645273
1.000000	0.645273	1.000000	0.644386
1.000000	0.644386	1.000000	0.644050
1.000000	0.644050	1.000000	0.645021
1.000000	0.645021	1.000000	0.644629
1.000000	0.644629	1.000000	0.645792
1.000000	0.645792	1.000000	0.646723
1.000000	0.646723	1.000000	0.647930
1.000000	0.647930	1.000000	0.648198
1.000000	0.648198	1.000000	0.647086
1.000000	0.647086	1.000000	0.647260
1.000000	0.647260	1.000000	0.645682
1.000000	0.645682	1.000000	0.645998
1.000000	0.645998	1.000000	0.644908
1.000000	0.644908	1.000000	0.645082
1.000000	0.645082	1.000000	0.642744
1.000000	0.642744	1.000000	0.643894
1.000000	0.643894	1.000000	0.644545
1.000000	0.644545	1.000000	0.643473
1.000000	0.643473	1.000000	0.644309
1.000000	0.644309	1.000000	0.644245
1.000000	0.644245	1.000000	0.645453
1.000000	0.645453	1.000000	0.645778
1.000000	0.645778	1.000000	0.647162
1.000000	0.647162	1.000000	0.649154
1.000000	0.649154	1.000000	0.649902
1.000000	0.649902	1.000000	0.651468
1.000000	0.651468	1.000000	0.651542
1.000000	0.651542	1.000000	0.652365
1.000000	0.652365	1.000000	0.652435
1.000000	0.652435	1.000000	0.651820
1.000000	0.651820	1.000000	0.651898
1.000000	0.651898	1.000000	0.652203
1.000000	0.652203	1.000000	0.651489
1.000000	0.651489	1.000000	0.651315
1.000000	0.651315	1.000000	0.652105
1.000000	0.652105	1.000000	0.652265
1.000000	0.652265	1.000000	0.651718
1.000000	0.651718	1.000000	0.651804
1.000000	0.651804	1.000000	0.653178
1.000000	0.653178	1.000000	0.652680
1.000000	0.652680	1.000000	0.651776
1.000000	0.651776	1.000000	0.650868
1.000000	0.650868	1.000000	0.648259
1.000000	0.648259	1.000000	0.647877
1.000000	0.647877	1.000000	0.647303
0.299565	0.499968	0.793743	0.525743
0.793743	0.525743	0.914931	0.564279
0.914931	0.564279	0.954788	0.589238
0.954788	0.589238	0.972449	0.604364
0.972449	0.604364	0.981527	0.613379
0.981527	0.613379	0.987322	0.618568
0.987322	0.618568	0.990842	0.622894
0.990842	0.622894	0.993211	0.625287
0.993211	0.625287	0.994791	0.628861
0.994791	0.628861	0.995584	0.633761
0.995584	0.633761	0.996345	0.635938
0.996345	0.635938	0.996913	0.636553
0.996913	0.636553	0.997359	0.638447
0.997359	0.638447	0.997726	0.639894
0.997726	0.639894	0.998120	0.641879
0.998120	0.641879	0.998551	0.641975
0.998551	0.641975	0.998968	0.642407
0.998968	0.642407	0.999206	0.643310
0.999206	0.643310	0.999327	0.645229
0.999327	0.645229	0.999472	0.644406
0.999472	0.644406	0.999524	0.644585
0.999524	0.644585	0.999675	0.645129
0.999675	0.645129	0.999734	0.644678
0.999734	0.644678	0.999719	0.645516
0.999719	0.645516	0.999758	0.645384
0.999758	0.645384	0.999735	0.645019
0.999735	0.645019	0.999782	0.644835
0.999782	0.644835	0.999865	0.646149
0.999865	0.646149	0.999907	0.646657
0.999907	0.646657	0.999907	0.646739
0.999907	0.646739	0.999885	0.644640
0.999885	0.644640	0.999861	0.645034
0.999861	0.645034	0.999828	0.644347
0.999828	0.644347	0.999851	0.644844
0.999851	0.644844	0.999830	0.644701
0.999830	0.644701	0.999808	0.644389
0.999808	0.644389	0.999796	0.644025
0.999796	0.644025	0.999835	0.644308
0.999835	0.644308	0.999842	0.643719
0.999842	0.643719	0.999852	0.644338
0.999852	0.644338	0.999821	0.645138
0.999821	0.645138	0.999739	0.645575
0.999739	0.645575	0.999742	0.646639
0.999742	0.646639	0.999785	0.644406
0.999785	0.644406	0.999830	0.644470
0.999830	0.644470	0.999923	0.644979
0.999923	0.644979	0.999965	0.644455
0.999965	0.644455	0.999985	0.644731
0.999985	0.644731	0.999999	0.644999
0.999999	0.644999	1.000000	0.644975
1.000000	0.644975	1.000000	0.644936
1.000000	0.644936	1.000000	0.645566
1.000000	0.645566	1.000000	0.644606
1.000000	0.644606	1.000000	0.644642
1.000000	0.644642	1.000000	0.644218
1.000000	0.644218	1.000000	0.644805
1.000000	0.644805	1.000000	0.646404
1.000000	0.646404	1.000000	0.647469
1.000000	0.647469	1.000000	0.647412
1.000000	0.647412	1.000000	0.645565
1.000000	0.645565	1.000000	0.646029
1.000000	0.646029	1.000000	0.644427
1.000000	0.644427	1.000000	0.643497
1.000000	0.643497	1.000000	0.642506
1.000000	0.642506	1.000000	0.640881
1.000000	0.640881	1.000000	0.641175
1.000000	0.641175	1.000000	0.641298
1.000000	0.641298	1.000000	0.641175
1.000000	0.641175	1.000000	0.641505
1.000000	0.641505	1.000000	0.643017
1.000000	0.643017	1.000000	0.643727
1.000000	0.643727	1.000000	0.643543
1.000000	0.643543	1.000000	0.644508
1.000000	0.644508	1.000000	0.645030
1.000000	0.645030	1.000000	0.645405
1.000000	0.645405	1.000000	0.645406
1.000000	0.645406	1.000000	0.644097
1.000000	0.644097	1.000000	0.644699
1.000000	0.644699	1.000000	0.645777
1.000000	0.645777	1.000000	0.646068
1.000000	0.646068	1.000000	0.645514
1.000000	0.645514	1.000000	0.645731
1.000000	0.645731	1.000000	0.647141
1.000000	0.647141	1.000000	0.646138
1.000000	0.646138	1.000000	0.648002
1.000000	0.648002	1.000000	0.647711
1.000000	0.647711	1.000000	0.648750
1.000000	0.648750	1.000000	0.650138
1.000000	0.650138	1.000000	0.649268
1.000000	0.649268	1.000000	0.649102
1.000000	0.649102	1.000000	0.650741
1.000000	0.650741	1.000000	0.651307
1.000000	0.651307	1.000000	0.650321
1.000000	0.650321	1.000000	0.649325
1.000000	0.649325	1.000000	0.649162
1.000000	0.649162	1.000000	0.648849
1.000000	0.648849	1.000000	0.650265
1.000000	0.650265	1.000000	0.650315
1.000000	0.650315	1.000000	0.649718
1.000000	0.649718	1.000000	0.648676
1.000000	0.648676	1.000000	0.649019
1.000000	0.649019	1.000000	0.647133
1.000000	0.647133	1.000000	0.647206
1.000000	0.647206	1.000000	0.647756
1.000000	0.647756	1.000000	0.646579
1.000000	0.646579	1.000000	0.646657
1.000000	0.646657	1.000000	0.646560
1.000000	0.646560	1.000000	0.647184
1.000000	0.647184	1.000000	0.646924
1.000000	0.646924	1.000000	0.646755
1.000000	0.646755	1.000000	0.646348
1.000000	0.646348	1.000000	0.645050
1.000000	0.645050	1.000000	0.645543
1.000000	0.645543	1.000000	0.644582
1.000000	0.644582	1.000000	0.643534
1.000000	0.643534	1.000000	0.642859
1.000000	0.642859	1.000000	0.642541
1.000000	0.642541	1.000000	0.643070
1.000000	0.643070	1.000000	0.642656
1.000000	0.642656	1.000000	0.642898
1.000000	0.642898	1.000000	0.641928
1.000000	0.641928	1.000000	0.642844
1.000000	0.642844	1.000000	0.641252
1.000000	0.641252	1.000000	0.641355
1.000000	0.641355	1.000000	0.641388
1.000000	0.641388	1.000000	0.641579
1.000000	0.641579	1.000000	0.642026
1.000000	0.642026	1.000000	0.642366
1.000000	0.642366	1.000000	0.641494
1.000000	0.641494	1.000000	0.642794
1.000000	0.642794	1.000000	0.642977
1.000000	0.642977	1.000000	0.641786
1.000000	0.641786	1.000000	0.642811
1.000000	0.642811	1.000000	0.642931
1.000000	0.642931	1.000000	0.642469
1.000000	0.642469	1.000000	0.642446
1.000000	0.642446	1.000000	0.640840
1.000000	0.640840	1.000000	0.639637
1.000000	0.639637	1.000000	0.639443
1.000000	0.639443	1.000000	0.639865
1.000000	0.639865	1.000000	0.640378
1.000000	0.640378	1.000000	0.640326
1.000000	0.640326	1.000000	0.641064
1.000000	0.641064	1.000000	0.641428
1.000000	0.641428	1.000000	0.640505
1.000000	0.640505	1.000000	0.641891
1.000000	0.641891	1.000000	0.642677
1.000000	0.642677	1.000000	0.640826
1.000000	0.640826	1.000000	0.641461
1.000000	0.641461	1.000000	0.641480
1.000000	0.641480	1.000000	0.641341
1.000000	0.641341	1.000000	0.640143
1.000000	0.640143	1.000000	0.639686
1.000000	0.639686	1.000000	0.639483
1.000000	0.639483	1.000000	0.638944
1.000000	0.638944	1.000000	0.637562
1.000000	0.637562	1.000000	0.638309
1.000000	0.638309	1.000000	0.637018
1.000000	0.637018	1.000000	0.636743
1.000000	0.636743	1.000000	0.636543
1.000000	0.636543	1.000000	0.635549
1.000000	0.635549	1.000000	0.636600
1.000000	0.636600	1.000000	0.636334
1.000000	0.636334	1.000000	0.635785
1.000000	0.635785	1.000000	0.635406
1.000000	0.635406	1.000000	0.634090
1.000000	0.634090	1.000000	0.633417
1.000000	0.633417	1.000000	0.631802
1.000000	0.631802	1.000000	0.631910
1.000000	0.631910	1.000000	0.631774
1.000000	0.631774	1.000000	0.633272
1.000000	0.633272	1.000000	0.634163
1.000000	0.634163	1.000000	0.634399
1.000000	0.634399	1.000000	0.634673
1.000000	0.634673	1.000000	0.634025
1.000000	0.634025	1.000000	0.634831
1.000000	0.634831	1.000000	0.634250
1.000000	0.634250	1.000000	0.633337
1.000000	0.633337	1.000000	0.632788
1.000000	0.632788	1.000000	0.633459
1.000000	0.633459	1.000000	0.632485
1.000000	0.632485	1.000000	0.634361
1.000000	0.634361	1.000000	0.633358
1.000000	0.633358	1.000000	0.631806
1.000000	0.631806	1.000000	0.632362
1.000000	0.632362	1.000000	0.632452
1.000000	0.632452	1.000000	0.631619
1.000000	0.631619	1.000000	0.632357
1.000000	0.632357	1.000000	0.631723
1.000000	0.631723	1.000000	0.633175
1.000000	0.633175	1.000000	0.632003
1.000000	0.632003	1.000000	0.631841
1.000000	0.631841	1.000000	0.631243
1.000000	0.631243	1.000000	0.631307
1.000000	0.631307	1.000000	0.632825
1.000000	0.632825	1.000000	0.633312
1.000000	0.633312	1.000000	0.634818
1.000000	0.634818	1.000000	0.634685
1.000000	0.634685	1.000000	0.635061
0.300569	0.600321	0.863504	0.623543
0.863504	0.623543	0.959517	0.648353
0.959517	0.648353	0.982806	0.659531
0.982806	0.659531	0.990463	0.664179
0.990463	0.664179	0.994221	0.668445
0.994221	0.668445	0.996290	0.670625
0.996290	0.670625	0.997479	0.672079
0.997479	0.672079	0.998330	0.672442
0.998330	0.672442	0.998730	0.674692
0.998730	0.674692	0.998925	0.676322
0.998925	0.676322	0.999237	0.678805
0.999237	0.678805	0.999386	0.679753
0.999386	0.679753	0.999447	0.680926
0.999447	0.680926	0.999630	0.681744
0.999630	0.681744	0.999653	0.682282
0.999653	0.682282	0.999688	0.683843
0.999688	0.683843	0.999661	0.683758
0.999661	0.683758	0.999744	0.684343
0.999744	0.684343	0.999768	0.685824
0.999768	0.685824	0.999754	0.684427
0.999754	0.684427	0.999771	0.684739
0.999771	0.684739	0.999818	0.683114
0.999818	0.683114	0.999889	0.684668
0.999889	0.684668	0.999910	0.685611
0.999910	0.685611	0.999921	0.684668
0.999921	0.684668	0.999943	0.685970
0.999943	0.685970	0.999976	0.686741
0.999976	0.686741	0.999965	0.686704
0.999965	0.686704	0.999978	0.685861
0.999978	0.685861	0.999992	0.685593
0.999992	0.685593	0.999998	0.686224
0.999998	0.686224	0.999998	0.685464
0.999998	0.685464	1.000000	0.685445
1.000000	0.685445	1.000000	0.686510
1.000000	0.686510	1.000000	0.686930
1.000000	0.686930	1.000000	0.687689
1.000000	0.687689	1.000000	0.688925
1.000000	0.688925	1.000000	0.689981
1.000000	0.689981	1.000000	0.689625
1.000000	0.689625	1.000000	0.690556
1.000000	0.690556	1.000000	0.690428
1.000000	0.690428	1.000000	0.691036
1.000000	0.691036	1.000000	0.691485
1.000000	0.691485	1.000000	0.690820
1.000000	0.690820	1.000000	0.690853
1.000000	0.690853	1.000000	0.690803
1.000000	0.690803	1.000000	0.692161
1.000000	0.692161	1.000000	0.691575
1.000000	0.691575	1.000000	0.691597
1.000000	0.691597	1.000000	0.689779
1.000000	0.689779	1.000000	0.689322
1.000000	0.689322	1.000000	0.689252
1.000000	0.689252	1.000000	0.688584
1.000000	0.688584	1.000000	0.688403
1.000000	0.688403	1.000000	0.687726
1.000000	0.687726	1.000000	0.688860
1.000000	0.688860	1.000000	0.688528
1.000000	0.688528	1.000000	0.689018
1.000000	0.689018	1.000000	0.687958
1.000000	0.687958	1.000000	0.690389
1.000000	0.690389	1.000000	0.691482
1.000000	0.691482	1.000000	0.690579
1.000000	0.690579	1.000000	0.689500
1.000000	0.689500	1.000000	0.689722
1.000000	0.689722	1.000000	0.688547
1.000000	0.688547	1.000000	0.687559
1.000000	0.687559	1.000000	0.687921
1.000000	0.687921	1.000000	0.688987
1.000000	0.688987	1.000000	0.688234
1.000000	0.688234	1.000000	0.688376
1.000000	0.688376	1.000000	0.688121
1.000000	0.688121	1.000000	0.688685
1.000000	0.688685	1.000000	0.687839
1.000000	0.687839	1.000000	0.686443
1.000000	0.686443	1.000000	0.687853
1.000000	0.687853	1.000000	0.688413
1.000000	0.688413	1.000000	0.687541
1.000000	0.687541	1.000000	0.687216
1.000000	0.687216	1.000000	0.687228
1.000000	0.687228	1.000000	0.685791
1.000000	0.685791	1.000000	0.687898
1.000000	0.687898	1.000000	0.687355
1.000000	0.687355	1.000000	0.689004
1.000000	0.689004	1.000000	0.688533
1.000000	0.688533	1.000000	0.687169
1.000000	0.687169	1.000000	0.686713
1.000000	0.686713	1.000000	0.686393
1.000000	0.686393	1.000000	0.687408
1.000000	0.687408	1.000000	0.687843
1.000000	0.687843	1.000000	0.687460
1.000000	0.687460	1.000000	0.686917
1.000000	0.686917	1.000000	0.686924
1.000000	0.686924	1.000000	0.687825
1.000000	0.687825	1.000000	0.686553
1.000000	0.686553	1.000000	0.686462
1.000000	0.686462	1.000000	0.687412
1.000000	0.687412	1.000000	0.688375
1.000000	0.688375	1.000000	0.688301
1.000000	0.688301	1.000000	0.688810
1.000000	0.688810	1.000000	0.687111
1.000000	0.687111	1.000000	0.687045
1.000000	0.687045	1.000000	0.686714
1.000000	0.686714	1.000000	0.686945
1.000000	0.686945	1.000000	0.688057
1.000000	0.688057	1.000000	0.687631
1.000000	0.687631	1.000000	0.686817
1.000000	0.686817	1.000000	0.686539
1.000000	0.686539	1.000000	0.687719
1.000000	0.687719	1.000000	0.688072
1.000000	0.688072	1.000000	0.688452
1.000000	0.688452	1.000000	0.686744
1.000000	0.686744	1.000000	0.687155
1.000000	0.687155	1.000000	0.685928
1.000000	0.685928	1.000000	0.682460
1.000000	0.682460	1.000000	0.683449
1.000000	0.683449	1.000000	0.682932
1.000000	0.682932	1.000000	0.682904
1.000000	0.682904	1.000000	0.682877
1.000000	0.682877	1.000000	0.681487
1.000000	0.681487	1.000000	0.681134
1.000000	0.681134	1.000000	0.681342
1.000000	0.681342	1.000000	0.681768
1.000000	0.681768	1.000000	0.682708
1.000000	0.682708	1.000000	0.682912
1.000000	0.682912	1.000000	0.682839
1.000000	0.682839	1.000000	0.683583
1.000000	0.683583	1.000000	0.682964
1.000000	0.682964	1.000000	0.683233
1.000000	0.683233	1.000000	0.682037
1.000000	0.682037	1.000000	0.681577
1.000000	0.681577	1.000000	0.680221
1.000000	0.680221	1.000000	0.680067
1.000000	0.680067	1.000000	0.678911
1.000000	0.678911	1.000000	0.680795
1.000000	0.680795	1.000000	0.680418
1.000000	0.680418	1.000000	0.679781
1.000000	0.679781	1.000000	0.680268
1.000000	0.680268	1.000000	0.679798
1.000000	0.679798	1.000000	0.678225
1.000000	0.678225	1.000000	0.680139
1.000000	0.680139	1.000000	0.682279
1.000000	0.682279	1.000000	0.681545
1.000000	0.681545	1.000000	0.681154
1.000000	0.681154	1.000000	0.680138
1.000000	0.680138	1.000000	0.679291
1.000000	0.679291	1.000000	0.680569
1.000000	0.680569	1.000000	0.679946
1.000000	0.679946	1.000000	0.678286
1.000000	0.678286	1.000000	0.678178
1.000000	0.678178	1.000000	0.678384
1.000000	0.678384	1.000000	0.678666
1.000000	0.678666	1.000000	0.680547
1.000000	0.680547	1.000000	0.679880
1.000000	0.679880	1.000000	0.679257
1.000000	0.679257	1.000000	0.680547
1.000000	0.680547	1.000000	0.679495
1.000000	0.679495	1.000000	0.681049
1.000000	0.681049	1.000000	0.679796
1.000000	0.679796	1.000000	0.679495
1.000000	0.679495	1.000000	0.681128
1.000000	0.681128	1.000000	0.681760
1.000000	0.681760	1.000000	0.681939
1.000000	0.681939	1.000000	0.682648
1.000000	0.682648	1.000000	0.682806
1.000000	0.682806	1.000000	0.681841
1.000000	0.681841	1.000000	0.682480
1.000000	0.682480	1.000000	0.681291
1.000000	0.681291	1.000000	0.681227
1.000000	0.681227	1.000000	0.680243
1.000000	0.680243	1.000000	0.680410
1.000000	0.680410	1.000000	0.679401
1.000000	0.679401	1.000000	0.679935
1.000000	0.679935	1.000000	0.680603
1.000000	0.680603	1.000000	0.679598
1.000000	0.679598	1.000000	0.679831
1.000000	0.679831	1.000000	0.679255
1.000000	0.679255	1.000000	0.679726
1.000000	0.679726	1.000000	0.680951
1.000000	0.680951	1.000000	0.680414
1.000000	0.680414	1.000000	0.680480
1.000000	0.680480	1.000000	0.682018
1.000000	0.682018	1.000000	0.683212
1.000000	0.683212	1.000000	0.682370
1.000000	0.682370	1.000000	0.684135
1.000000	0.684135	1.000000	0.683484
1.000000	0.683484	1.000000	0.682999
1.000000	0.682999	1.000000	0.682420
1.000000	0.682420	1.000000	0.683707
1.000000	0.683707	1.000000	0.683438
1.000000	0.683438	1.000000	0.683444
1.000000	0.683444	1.000000	0.684196
1.000000	0.684196	1.000000	0.684184
1.000000	0.684184	1.000000	0.684385
1.000000	0.684385	1.000000	0.683359
1.000000	0.683359	1.000000	0.686223
1.000000	0.686223	1.000000	0.684943
1.000000	0.684943	1.000000	0.685342
1.000000	0.685342	1.000000	0.686102
1.000000	0.686102	1.000000	0.686923
0.300332	0.699777	0.912181	0.720318
0.912181	0.720318	0.981863	0.737787
0.981863	0.737787	0.994523	0.743436
0.994523	0.743436	0.997827	0.747103
0.997827	0.747103	0.998902	0.748553
0.998902	0.748553	0.999411	0.749986
0.999411	0.749986	0.999659	0.750504
0.999659	0.750504	0.999787	0.750648
0.999787	0.750648	0.999859	0.751210
0.999859	0.751210	0.999928	0.751304
0.999928	0.751304	0.999945	0.749303
0.999945	0.749303	0.999962	0.750002
0.999962	0.750002	0.999969	0.750348
0.999969	0.750348	0.999967	0.750780
0.999967	0.750780	0.999985	0.751056
0.999985	0.751056	0.999972	0.750653
0.999972	0.750653	0.999955	0.750915
0.999955	0.750915	0.999941	0.750466
0.999941	0.750466	0.999905	0.751527
0.999905	0.751527	0.999927	0.751697
0.999927	0.751697	0.999935	0.752144
0.999935	0.752144	0.999969	0.753100
0.999969	0.753100	0.999990	0.752890
0.999990	0.752890	0.999996	0.752621
0.999996	0.752621	0.999999	0.752541
0.999999	0.752541	1.000000	0.752308
1.000000	0.752308	1.000000	0.752665
1.000000	0.752665	1.000000	0.752977
1.000000	0.752977	1.000000	0.752867
1.000000	0.752867	1.000000	0.754488
1.000000	0.754488	1.000000	0.754731
1.000000	0.754731	1.000000	0.753756
1.000000	0.753756	1.000000	0.753659
1.000000	0.753659	1.000000	0.754683
1.000000	0.754683	1.000000	0.754421
1.000000	0.754421	1.000000	0.754208
1.000000	0.754208	1.000000	0.754373
1.000000	0.754373	1.000000	0.753949
1.000000	0.753949	1.000000	0.754468
1.000000	0.754468	1.000000	0.755763
1.000000	0.755763	1.000000	0.754847
1.000000	0.754847	1.000000	0.755211
1.000000	0.755211	1.000000	0.755283
1.000000	0.755283	1.000000	0.755228
1.000000	0.755228	1.000000	0.755338
1.000000	0.755338	1.000000	0.754881
1.000000	0.754881	1.000000	0.755127
1.000000	0.755127	1.000000	0.755964
1.000000	0.755964	1.000000	0.756609
1.000000	0.756609	1.000000	0.758414
1.000000	0.758414	1.000000	0.756985
1.000000	0.756985	1.000000	0.757926
1.000000	0.757926	1.000000	0.758499
1.000000	0.758499	1.000000	0.758344
1.000000	0.758344	1.000000	0.759467
1.000000	0.759467	1.000000	0.758909
1.000000	0.758909	1.000000	0.758862
1.000000	0.758862	1.000000	0.760390
1.000000	0.760390	1.000000	0.761210
1.000000	0.761210	1.000000	0.761800
1.000000	0.761800	1.000000	0.762192
1.000000	0.762192	1.000000	0.762812
1.000000	0.762812	1.000000	0.763533
1.000000	0.763533	1.000000	0.763070
1.000000	0.763070	1.000000	0.761954
1.000000	0.761954	1.000000	0.762504
1.000000	0.762504	1.000000	0.762217
1.000000	0.762217	1.000000	0.762749
1.000000	0.762749	1.000000	0.761129
1.000000	0.761129	1.000000	0.760906
1.000000	0.760906	1.000000	0.760540
1.000000	0.760540	1.000000	0.761822
1.000000	0.761822	1.000000	0.760504
1.000000	0.760504	1.000000	0.760557
1.000000	0.760557	1.000000	0.760462
1.000000	0.760462	1.000000	0.760286
1.000000	0.760286	1.000000	0.760178
1.000000	0.760178	1.000000	0.759595
1.000000	0.759595	1.000000	0.759863
1.000000	0.759863	1.000000	0.757820
1.000000	0.757820	1.000000	0.759359
1.000000	0.759359	1.000000	0.759462
1.000000	0.759462	1.000000	0.759630
1.000000	0.759630	1.000000	0.759909
1.000000	0.759909	1.000000	0.759159
1.000000	0.759159	1.000000	0.760459
1.000000	0.760459	1.000000	0.760226
1.000000	0.760226	1.000000	0.760139
1.000000	0.760139	1.000000	0.760531
1.000000	0.760531	1.000000	0.760091
1.000000	0.760091	1.000000	0.759931
1.000000	0.759931	1.000000	0.760750
1.000000	0.760750	1.000000	0.760730
1.000000	0.760730	1.000000	0.762153
1.000000	0.762153	1.000000	0.761892
1.000000	0.761892	1.000000	0.762981
1.000000	0.762981	1.000000	0.762601
1.000000	0.762601	1.000000	0.761387
1.000000	0.761387	1.000000	0.762470
1.000000	0.762470	1.000000	0.762491
1.000000	0.762491	1.000000	0.762467
1.000000	0.762467	1.000000	0.762666
1.000000	0.762666	1.000000	0.763436
1.000000	0.763436	1.000000	0.763053
1.000000	0.763053	1.000000	0.762353
1.000000	0.762353	1.000000	0.762692
1.000000	0.762692	1.000000	0.763160
1.000000	0.763160	1.000000	0.761359
1.000000	0.761359	1.000000	0.763014
1.000000	0.763014	1.000000	0.763569
1.000000	0.763569	1.000000	0.764761
1.000000	0.764761	1.000000	0.765059
1.000000	0.765059	1.000000	0.765668
1.000000	0.765668	1.000000	0.764749
1.000000	0.764749	1.000000	0.765557
1.000000	0.765557	1.000000	0.765926
1.000000	0.765926	1.000000	0.766312
1.000000	0.766312	1.000000	0.766489
1.000000	0.766489	1.000000	0.766231
1.000000	0.766231	1.000000	0.765817
1.000000	0.765817	1.000000	0.767399
1.000000	0.767399	1.000000	0.767952
1.000000	0.767952	1.000000	0.768608
1.000000	0.768608	1.000000	0.769457
1.000000	0.769457	1.000000	0.770619
1.000000	0.770619	1.000000	0.769603
1.000000	0.769603	1.000000	0.767685
1.000000	0.767685	1.000000	0.768082
1.000000	0.768082	1.000000	0.768245
1.000000	0.768245	1.000000	0.769028
1.000000	0.769028	1.000000	0.769302
1.000000	0.769302	1.000000	0.769034
1.000000	0.769034	1.000000	0.770309
1.000000	0.770309	1.000000	0.768952
1.000000	0.768952	1.000000	0.769964
1.000000	0.769964	1.000000	0.768281
1.000000	0.768281	1.000000	0.769646
1.000000	0.769646	1.000000	0.769367
1.000000	0.769367	1.000000	0.769266
1.000000	0.769266	1.000000	0.770200
1.000000	0.770200	1.000000	0.770081
1.000000	0.770081	1.000000	0.770235
1.000000	0.770235	1.000000	0.769942
1.000000	0.769942	1.000000	0.769362
1.000000	0.769362	1.000000	0.767340
1.000000	0.767340	1.000000	0.767970
1.000000	0.767970	1.000000	0.768238
1.000000	0.768238	1.000000	0.769520
1.000000	0.769520	1.000000	0.768960
1.000000	0.768960	1.000000	0.769165
1.000000	0.769165	1.000000	0.769616
1.000000	0.769616	1.000000	0.769834
1.000000	0.769834	1.000000	0.769952
1.000000	0.769952	1.000000	0.769261
1.000000	0.769261	1.000000	0.770205
1.000000	0.770205	1.000000	0.769535
1.000000	0.769535	1.000000	0.769677
1.000000	0.769677	1.000000	0.770392
1.000000	0.770392	1.000000	0.770904
1.000000	0.770904	1.000000	0.770846
1.000000	0.770846	1.000000	0.769898
1.000000	0.769898	1.000000	0.769584
1.000000	0.769584	1.000000	0.770137
1.000000	0.770137	1.000000	0.771000
1.000000	0.771000	1.000000	0.770134
1.000000	0.770134	1.000000	0.771673
1.000000	0.771673	1.000000	0.771090
1.000000	0.771090	1.000000	0.770500
1.000000	0.770500	1.000000	0.771021
1.000000	0.771021	1.000000	0.770518
1.000000	0.770518	1.000000	0.768929
1.000000	0.768929	1.000000	0.768888
1.000000	0.768888	1.000000	0.770166
1.000000	0.770166	1.000000	0.769617
1.000000	0.769617	1.000000	0.769004
1.000000	0.769004	1.000000	0.769432
1.000000	0.769432	1.000000	0.768959
1.000000	0.768959	1.000000	0.768311
1.000000	0.768311	1.000000	0.767261
1.000000	0.767261	1.000000	0.767550
1.000000	0.767550	1.000000	0.768758
1.000000	0.768758	1.000000	0.768387
1.000000	0.768387	1.000000	0.768260
1.000000	0.768260	1.000000	0.768179
1.000000	0.768179	1.000000	0.768446
1.000000	0.768446	1.000000	0.768055
1.000000	0.768055	1.000000	0.768422
1.000000	0.768422	1.000000	0.767754
1.000000	0.767754	1.000000	0.767373
1.000000	0.767373	1.000000	0.768634
1.000000	0.768634	1.000000	0.769201
1.000000	0.769201	1.000000	0.770285
1.000000	0.770285	1.000000	0.770002
1.000000	0.770002	1.000000	0.771146
1.000000	0.771146	1.000000	0.771357
1.000000	0.771357	1.000000	0.773329
1.000000	0.773329	1.000000	0.772779
1.000000	0.772779	1.000000	0.774630
1.000000	0.774630	1.000000	0.774777
0.299470	0.799794	0.947566	0.814655
0.947566	0.814655	0.993536	0.822848
0.993536	0.822848	0.998526	0.824947
0.998526	0.824947	0.999569	0.824781
0.999569	0.824781	0.999835	0.824177
0.999835	0.824177	0.999943	0.824037
0.999943	0.824037	0.999981	0.825032
0.999981	0.825032	0.999995	0.825117
0.999995	0.825117	0.999999	0.826474
0.999999	0.826474	0.999996	0.826439
0.999996	0.826439	1.000000	0.825724
1.000000	0.825724	1.000000	0.826095
1.000000	0.826095	1.000000	0.827191
1.000000	0.827191	1.000000	0.827947
1.000000	0.827947	1.000000	0.827805
1.000000	0.827805	1.000000	0.827729
1.000000	0.827729	1.000000	0.827400
1.000000	0.827400	1.000000	0.826202
1.000000	0.826202	1.000000	0.825732
1.000000	0.825732	1.000000	0.826980
1.000000	0.826980	1.000000	0.827421
1.000000	0.827421	1.000000	0.827336
1.000000	0.827336	1.000000	0.827644
1.000000	0.827644	1.000000	0.826714
1.000000	0.826714	1.000000	0.826893
1.000000	0.826893	1.000000	0.826747
1.000000	0.826747	1.000000	0.825496
1.000000	0.825496	1.000000	0.825191
1.000000	0.825191	1.000000	0.824489
1.000000	0.824489	1.000000	0.824851
1.000000	0.824851	1.000000	0.825143
1.000000	0.825143	1.000000	0.824463
1.000000	0.824463	1.000000	0.824978
1.000000	0.824978	1.000000	0.824254
1.000000	0.824254	1.000000	0.825013
1.000000	0.825013	1.000000	0.825330
1.000000	0.825330	1.000000	0.824909
1.000000	0.824909	1.000000	0.824006
1.000000	0.824006	1.000000	0.824438
1.000000	0.824438	1.000000	0.825037
1.000000	0.825037	1.000000	0.824849
1.000000	0.824849	1.000000	0.823674
1.000000	0.823674	1.000000	0.824026
1.000000	0.824026	1.000000	0.824209
1.000000	0.824209	1.000000	0.824861
1.000000	0.824861	1.000000	0.824396
1.000000	0.824396	1.000000	0.824217
1.000000	0.824217	1.000000	0.824960
1.000000	0.824960	1.000000	0.823841
1.000000	0.823841	1.000000	0.823238
1.000000	0.823238	1.000000	0.822885
1.000000	0.822885	1.000000	0.823496
1.000000	0.823496	1.000000	0.822499
1.000000	0.822499	1.000000	0.821325
1.000000	0.821325	1.000000	0.822641
1.000000	0.822641	1.000000	0.822365
1.000000	0.822365	1.000000	0.822217
1.000000	0.822217	1.000000	0.821055
1.000000	0.821055	1.000000	0.822158
1.000000	0.822158	1.000000	0.821943
1.000000	0.821943	1.000000	0.821940
1.000000	0.821940	1.000000	0.820204
1.000000	0.820204	1.000000	0.820458
1.000000	0.820458	1.000000	0.820247
1.000000	0.820247	1.000000	0.821075
1.000000	0.821075	1.000000	0.820813
1.000000	0.820813	1.000000	0.821054
1.000000	0.821054	1.000000	0.822742
1.000000	0.822742	1.000000	0.823730
1.000000	0.823730	1.000000	0.824025
1.000000	0.824025	1.000000	0.824356
1.000000	0.824356	1.000000	0.823832
1.000000	0.823832	1.000000	0.822671
1.000000	0.822671	1.000000	0.822751
1.000000	0.822751	1.000000	0.823343
1.000000	0.823343	1.000000	0.822265
1.000000	0.822265	1.000000	0.822522
1.000000	0.822522	1.000000	0.822662
1.000000	0.822662	1.000000	0.822110
1.000000	0.822110	1.000000	0.822118
1.000000	0.822118	1.000000	0.822424
1.000000	0.822424	1.000000	0.822058
1.000000	0.822058	1.000000	0.821993
1.000000	0.821993	1.000000	0.821213
1.000000	0.821213	1.000000	0.822048
1.000000	0.822048	1.000000	0.821940
1.000000	0.821940	1.000000	0.822202
1.000000	0.822202	1.000000	0.822269
1.000000	0.822269	1.000000	0.821651
1.000000	0.821651	1.000000	0.820752
1.000000	0.820752	1.000000	0.821310
1.000000	0.821310	1.000000	0.821226
1.000000	0.821226	1.000000	0.821735
1.000000	0.821735	1.000000	0.822812
1.000000	0.822812	1.000000	0.822501
1.000000	0.822501	1.000000	0.821574
1.000000	0.821574	1.000000	0.821392
1.000000	0.821392	1.000000	0.820937
1.000000	0.820937	1.000000	0.822158
1.000000	0.822158	1.000000	0.822112
1.000000	0.822112	1.000000	0.821418
1.000000	0.821418	1.000000	0.821362
1.000000	0.821362	1.000000	0.821935
1.000000	0.821935	1.000000	0.822151
1.000000	0.822151	1.000000	0.821566
1.000000	0.821566	1.000000	0.821604
1.000000	0.821604	1.000000	0.822876
1.000000	0.822876	1.000000	0.824583
1.000000	0.824583	1.000000	0.825900
1.000000	0.825900	1.000000	0.826239
1.000000	0.826239	1.000000	0.827654
1.000000	0.827654	1.000000	0.826623
1.000000	0.826623	1.000000	0.827237
1.000000	0.827237	1.000000	0.826603
1.000000	0.826603	1.000000	0.826478
1.000000	0.826478	1.000000	0.826377
1.000000	0.826377	1.000000	0.825981
1.000000	0.825981	1.000000	0.825318
1.000000	0.825318	1.000000	0.825477
1.000000	0.825477	1.000000	0.825471
1.000000	0.825471	1.000000	0.825942
1.000000	0.825942	1.000000	0.826542
1.000000	0.826542	1.000000	0.826749
1.000000	0.826749	1.000000	0.826437
1.000000	0.826437	1.000000	0.825769
1.000000	0.825769	1.000000	0.825678
1.000000	0.825678	1.000000	0.825349
1.000000	0.825349	1.000000	0.826556
1.000000	0.826556	1.000000	0.827087
1.000000	0.827087	1.000000	0.826010
1.000000	0.826010	1.000000	0.825841
1.000000	0.825841	1.000000	0.825383
1.000000	0.825383	1.000000	0.824559
1.000000	0.824559	1.000000	0.824921
1.000000	0.824921	1.000000	0.824301
1.000000	0.824301	1.000000	0.823103
1.000000	0.823103	1.000000	0.823806
1.000000	0.823806	1.000000	0.825439
1.000000	0.825439	1.000000	0.825611
1.000000	0.825611	1.000000	0.823916
1.000000	0.823916	1.000000	0.823750
1.000000	0.823750	1.000000	0.824540
1.000000	0.824540	1.000000	0.824686
1.000000	0.824686	1.000000	0.824045
1.000000	0.824045	1.000000	0.823237
1.000000	0.823237	1.000000	0.822756
1.000000	0.822756	1.000000	0.822573
1.000000	0.822573	1.000000	0.821967
1.000000	0.821967	1.000000	0.822437
1.000000	0.822437	1.000000	0.822050
1.000000	0.822050	1.000000	0.821135
1.000000	0.821135	1.000000	0.821470
1.000000	0.821470	1.000000	0.820870
1.000000	0.820870	1.000000	0.821141
1.000000	0.821141	1.000000	0.820331
1.000000	0.820331	1.000000	0.819869
1.000000	0.819869	1.000000	0.821036
1.000000	0.821036	1.000000	0.821489
1.000000	0.821489	1.000000	0.821260
1.000000	0.821260	1.000000	0.820561
1.000000	0.820561	1.000000	0.820600
1.000000	0.820600	1.000000	0.819672
1.000000	0.819672	1.000000	0.818183
1.000000	0.818183	1.000000	0.818822
1.000000	0.818822	1.000000	0.817633
1.000000	0.817633	1.000000	0.818122
1.000000	0.818122	1.000000	0.817399
1.000000	0.817399	1.000000	0.817080
1.000000	0.817080	1.000000	0.817810
1.000000	0.817810	1.000000	0.818835
1.000000	0.818835	1.000000	0.818420
1.000000	0.818420	1.000000	0.817968
1.000000	0.817968	1.000000	0.817993
1.000000	0.817993	1.000000	0.819737
1.000000	0.819737	1.000000	0.820171
1.000000	0.820171	1.000000	0.820063
1.000000	0.820063	1.000000	0.821055
1.000000	0.821055	1.000000	0.822203
1.000000	0.822203	1.000000	0.822476
1.000000	0.822476	1.000000	0.822754
1.000000	0.822754	1.000000	0.822834
1.000000	0.822834	1.000000	0.822121
1.000000	0.822121	1.000000	0.822392
1.000000	0.822392	1.000000	0.822340
1.000000	0.822340	1.000000	0.821492
1.000000	0.821492	1.000000	0.820175
1.000000	0.820175	1.000000	0.819381
1.000000	0.819381	1.000000	0.819918
1.000000	0.819918	1.000000	0.820039
1.000000	0.820039	1.000000	0.820282
1.000000	0.820282	1.000000	0.818803
1.000000	0.818803	1.000000	0.819697
1.000000	0.819697	1.000000	0.819836
1.000000	0.819836	1.000000	0.819958
1.000000	0.819958	1.000000	0.819149
1.000000	0.819149	1.000000	0.819830
1.000000	0.819830	1.000000	0.820048
1.000000	0.820048	1.000000	0.821202
1.000000	0.821202	1.000000	0.821064
0.299717	0.899824	0.971160	0.907990
0.971160	0.907990	0.998138	0.910480
0.998138	0.910480	0.999804	0.909660
0.999804	0.909660	0.999948	0.908347
0.999948	0.908347	0.999991	0.908120
0.999991	0.908120	1.000000	0.908534
1.000000	0.908534	1.000000	0.908395
1.000000	0.908395	1.000000	0.909134
1.000000	0.909134	1.000000	0.909521
1.000000	0.909521	1.000000	0.910027
1.000000	0.910027	1.000000	0.909776
1.000000	0.909776	1.000000	0.909138
1.000000	0.909138	1.000000	0.909278
1.000000	0.909278	1.000000	0.907586
1.000000	0.907586	1.000000	0.907485
1.000000	0.907485	1.000000	0.907323
1.000000	0.907323	1.000000	0.907297
1.000000	0.907297	1.000000	0.907164
1.000000	0.907164	1.000000	0.906851
1.000000	0.906851	1.000000	0.908147
1.000000	0.908147	1.000000	0.908424
1.000000	0.908424	1.000000	0.908485
1.000000	0.908485	1.000000	0.909117
1.000000	0.909117	1.000000	0.908863
1.000000	0.908863	1.000000	0.908467
1.000000	0.908467	1.000000	0.908443
1.000000	0.908443	1.000000	0.908287
1.000000	0.908287	1.000000	0.907912
1.000000	0.907912	1.000000	0.908517
1.000000	0.908517	1.000000	0.907887
1.000000	0.907887	1.000000	0.907204
1.000000	0.907204	1.000000	0.906086
1.000000	0.906086	1.000000	0.906589
1.000000	0.906589	1.000000	0.907117
1.000000	0.907117	1.000000	0.907195
1.000000	0.907195	1.000000	0.907225
1.000000	0.907225	1.000000	0.907036
1.000000	0.907036	1.000000	0.907381
1.000000	0.907381	1.000000	0.907774
1.000000	0.907774	1.000000	0.907481
1.000000	0.907481	1.000000	0.906240
1.000000	0.906240	1.000000	0.906685
1.000000	0.906685	1.000000	0.906630
1.000000	0.906630	1.000000	0.907509
1.000000	0.907509	1.000000	0.907890
1.000000	0.907890	1.000000	0.906815
1.000000	0.906815	1.000000	0.907539
1.000000	0.907539	1.000000	0.907877
1.000000	0.907877	1.000000	0.908195
1.000000	0.908195	1.000000	0.907969
1.000000	0.907969	1.000000	0.908090
1.000000	0.908090	1.000000	0.909141
1.000000	0.909141	1.000000	0.909837
1.000000	0.909837	1.000000	0.910993
1.000000	0.910993	1.000000	0.910951
1.000000	0.910951	1.000000	0.910634
1.000000	0.910634	1.000000	0.910720
1.000000	0.910720	1.000000	0.910335
1.000000	0.910335	1.000000	0.910857
1.000000	0.910857	1.000000	0.910049
1.000000	0.910049	1.000000	0.909561
1.000000	0.909561	1.000000	0.908892
1.000000	0.908892	1.000000	0.908072
1.000000	0.908072	1.000000	0.908286
1.000000	0.908286	1.000000	0.908613
1.000000	0.908613	1.000000	0.909073
1.000000	0.909073	1.000000	0.909546
1.000000	0.909546	1.000000	0.909638
1.000000	0.909638	1.000000	0.909720
1.000000	0.909720	1.000000	0.910033
1.000000	0.910033	1.000000	0.909078
1.000000	0.909078	1.000000	0.909598
1.000000	0.909598	1.000000	0.908853
1.000000	0.908853	1.000000	0.908637
1.000000	0.908637	1.000000	0.908903
1.000000	0.908903	1.000000	0.908346
1.000000	0.908346	1.000000	0.907722
1.000000	0.907722	1.000000	0.907471
1.000000	0.907471	1.000000	0.907296
1.000000	0.907296	1.000000	0.908942
1.000000	0.908942	1.000000	0.908657
1.000000	0.908657	1.000000	0.908467
1.000000	0.908467	1.000000	0.908696
1.000000	0.908696	1.000000	0.908558
1.000000	0.908558	1.000000	0.908881
1.000000	0.908881	1.000000	0.908648
1.000000	0.908648	1.000000	0.907953
1.000000	0.907953	1.000000	0.908118
1.000000	0.908118	1.000000	0.907780
1.000000	0.907780	1.000000	0.907753
1.000000	0.907753	1.000000	0.907171
1.000000	0.907171	1.000000	0.907201
1.000000	0.907201	1.000000	0.906860
1.000000	0.906860	1.000000	0.907017
1.000000	0.907017	1.000000	0.907396
1.000000	0.907396	1.000000	0.907385
1.000000	0.907385	1.000000	0.907649
1.000000	0.907649	1.000000	0.907036
1.000000	0.907036	1.000000	0.906823
1.000000	0.906823	1.000000	0.905711
1.000000	0.905711	1.000000	0.906004
1.000000	0.906004	1.000000	0.905905
1.000000	0.905905	1.000000	0.904772
1.000000	0.904772	1.000000	0.904877
1.000000	0.904877	1.000000	0.905110
1.000000	0.905110	1.000000	0.904935
1.000000	0.904935	1.000000	0.905343
1.000000	0.905343	1.000000	0.904558
1.000000	0.904558	1.000000	0.904970
1.000000	0.904970	1.000000	0.903884
1.000000	0.903884	1.000000	0.903692
1.000000	0.903692	1.000000	0.904020
1.000000	0.904020	1.000000	0.902806
1.000000	0.902806	1.000000	0.902600
1.000000	0.902600	1.000000	0.902396
1.000000	0.902396	1.000000	0.903637
1.000000	0.903637	1.000000	0.903456
1.000000	0.903456	1.000000	0.903658
1.000000	0.903658	1.000000	0.903506
1.000000	0.903506	1.000000	0.903494
1.000000	0.903494	1.000000	0.901755
1.000000	0.901755	1.000000	0.902210
1.000000	0.902210	1.000000	0.902383
1.000000	0.902383	1.000000	0.902116
1.000000	0.902116	1.000000	0.903363
1.000000	0.903363	1.000000	0.902775
1.000000	0.902775	1.000000	0.903830
1.000000	0.903830	1.000000	0.902873
1.000000	0.902873	1.000000	0.902736
1.000000	0.902736	1.000000	0.903636
1.000000	0.903636	1.000000	0.904085
1.000000	0.904085	1.000000	0.904767
1.000000	0.904767	1.000000	0.904343
1.000000	0.904343	1.000000	0.902963
1.000000	0.902963	1.000000	0.903490
1.000000	0.903490	1.000000	0.901479
1.000000	0.901479	1.000000	0.901174
1.000000	0.901174	1.000000	0.901569
1.000000	0.901569	1.000000	0.901517
1.000000	0.901517	1.000000	0.901000
1.000000	0.901000	1.000000	0.901530
1.000000	0.901530	1.000000	0.902544
1.000000	0.902544	1.000000	0.901965
1.000000	0.901965	1.000000	0.902010
1.000000	0.902010	1.000000	0.902087
1.000000	0.902087	1.000000	0.902336
1.000000	0.902336	1.000000	0.902565
1.000000	0.902565	1.000000	0.903182
1.000000	0.903182	1.000000	0.902810
1.000000	0.902810	1.000000	0.902410
1.000000	0.902410	1.000000	0.902700
1.000000	0.902700	1.000000	0.903734
1.000000	0.903734	1.000000	0.904375
1.000000	0.904375	1.000000	0.905058
1.000000	0.905058	1.000000	0.905120
1.000000	0.905120	1.000000	0.905823
1.000000	0.905823	1.000000	0.905960
1.000000	0.905960	1.000000	0.905544
1.000000	0.905544	1.000000	0.905100
1.000000	0.905100	1.000000	0.905693
1.000000	0.905693	1.000000	0.905577
1.000000	0.905577	1.000000	0.905294
1.000000	0.905294	1.000000	0.905208
1.000000	0.905208	1.000000	0.905015
1.000000	0.905015	1.000000	0.906603
1.000000	0.906603	1.000000	0.906311
1.000000	0.906311	1.000000	0.907885
1.000000	0.907885	1.000000	0.906494
1.000000	0.906494	1.000000	0.906770
1.000000	0.906770	1.000000	0.907333
1.000000	0.907333	1.000000	0.906958
1.000000	0.906958	1.000000	0.906242
1.000000	0.906242	1.000000	0.905847
1.000000	0.905847	1.000000	0.905536
1.000000	0.905536	1.000000	0.905562
1.000000	0.905562	1.000000	0.906333
1.000000	0.906333	1.000000	0.906854
1.000000	0.906854	1.000000	0.907056
1.000000	0.907056	1.000000	0.906273
1.000000	0.906273	1.000000	0.906768
1.000000	0.906768	1.000000	0.906885
1.000000	0.906885	1.000000	0.908195
1.000000	0.908195	1.000000	0.907920
1.000000	0.907920	1.000000	0.908251
1.000000	0.908251	1.000000	0.909029
1.000000	0.909029	1.000000	0.908828
1.000000	0.908828	1.000000	0.909639
1.000000	0.909639	1.000000	0.909421
1.000000	0.909421	1.000000	0.909331
1.000000	0.909331	1.000000	0.909713
1.000000	0.909713	1.000000	0.910000
1.000000	0.910000	1.000000	0.909368
1.000000	0.909368	1.000000	0.909393
1.000000	0.909393	1.000000	0.908533
1.000000	0.908533	1.000000	0.909532
1.000000	0.909532	1.000000	0.909856
1.000000	0.909856	1.000000	0.908933
1.000000	0.908933	1.000000	0.908322
1.000000	0.908322	1.000000	0.907677
