0.299422	0.100076	0.354872	0.102517
0.354872	0.102517	0.394142	0.121497
0.394142	0.121497	0.431423	0.155055
0.431423	0.155055	0.475221	0.201559
0.475221	0.201559	0.526568	0.256006
0.526568	0.256006	0.585675	0.321411
0.585675	0.321411	0.650845	0.387599
0.650845	0.387599	0.715461	0.453607
0.715461	0.453607	0.778358	0.515824
0.778358	0.515824	0.834567	0.570893
0.834567	0.570893	0.881260	0.615572
0.881260	0.615572	0.919574	0.652609
0.919574	0.652609	0.946793	0.677495
0.946793	0.677495	0.966231	0.695959
0.966231	0.695959	0.978586	0.707664
0.978586	0.707664	0.986869	0.715421
0.986869	0.715421	0.991904	0.720106
0.991904	0.720106	0.994985	0.722262
0.994985	0.722262	0.996744	0.724659
0.996744	0.724659	0.998068	0.727224
0.998068	0.727224	0.998811	0.729378
0.998811	0.729378	0.999263	0.728688
0.999263	0.728688	0.999469	0.728845
0.999469	0.728845	0.999701	0.729190
0.999701	0.729190	0.999778	0.730640
0.999778	0.730640	0.999811	0.731337
0.999811	0.731337	0.999879	0.731072
0.999879	0.731072	0.999923	0.731169
0.999923	0.731169	0.999934	0.731384
0.999934	0.731384	0.999893	0.731878
0.999893	0.731878	0.999900	0.731950
0.999900	0.731950	0.999915	0.732074
0.999915	0.732074	0.999945	0.732582
0.999945	0.732582	0.999945	0.732108
0.999945	0.732108	0.999973	0.732345
0.999973	0.732345	0.999974	0.732293
0.999974	0.732293	0.999956	0.731792
0.999956	0.731792	0.999969	0.730850
0.999969	0.730850	0.999979	0.731235
0.999979	0.731235	0.999978	0.731161
0.999978	0.731161	0.999984	0.729646
0.999984	0.729646	0.999989	0.727704
0.999989	0.727704	0.999993	0.728189
0.999993	0.728189	0.999998	0.728748
0.999998	0.728748	1.000000	0.729424
1.000000	0.729424	1.000000	0.728804
1.000000	0.728804	1.000000	0.729188
1.000000	0.729188	1.000000	0.729391
1.000000	0.729391	1.000000	0.729760
1.000000	0.729760	1.000000	0.728084
1.000000	0.728084	1.000000	0.727690
1.000000	0.727690	1.000000	0.728026
1.000000	0.728026	1.000000	0.726970
1.000000	0.726970	1.000000	0.728088
1.000000	0.728088	1.000000	0.728076
1.000000	0.728076	1.000000	0.729216
1.000000	0.729216	1.000000	0.728814
1.000000	0.728814	1.000000	0.728921
1.000000	0.728921	1.000000	0.727923
1.000000	0.727923	1.000000	0.728452
1.000000	0.728452	1.000000	0.728077
1.000000	0.728077	1.000000	0.730032
1.000000	0.730032	1.000000	0.730542
1.000000	0.730542	1.000000	0.730570
1.000000	0.730570	1.000000	0.727912
1.000000	0.727912	1.000000	0.728279
1.000000	0.728279	1.000000	0.727972
1.000000	0.727972	1.000000	0.728485
1.000000	0.728485	1.000000	0.729539
1.000000	0.729539	1.000000	0.730586
1.000000	0.730586	1.000000	0.729872
1.000000	0.729872	1.000000	0.729733
1.000000	0.729733	1.000000	0.730277
1.000000	0.730277	1.000000	0.730941
1.000000	0.730941	1.000000	0.731217
1.000000	0.731217	1.000000	0.731111
1.000000	0.731111	1.000000	0.730762
1.000000	0.730762	1.000000	0.730253
1.000000	0.730253	1.000000	0.731948
1.000000	0.731948	1.000000	0.730595
1.000000	0.730595	1.000000	0.729534
1.000000	0.729534	1.000000	0.727398
1.000000	0.727398	1.000000	0.727633
1.000000	0.727633	1.000000	0.729782
1.000000	0.729782	1.000000	0.728113
1.000000	0.728113	1.000000	0.730170
1.000000	0.730170	1.000000	0.729906
1.000000	0.729906	1.000000	0.729359
1.000000	0.729359	1.000000	0.730180
1.000000	0.730180	1.000000	0.731776
1.000000	0.731776	1.000000	0.732082
1.000000	0.732082	1.000000	0.731729
1.000000	0.731729	1.000000	0.732896
1.000000	0.732896	1.000000	0.732595
1.000000	0.732595	1.000000	0.732958
1.000000	0.732958	1.000000	0.733299
1.000000	0.733299	1.000000	0.732904
1.000000	0.732904	1.000000	0.733167
1.000000	0.733167	1.000000	0.733040
1.000000	0.733040	1.000000	0.732723
1.000000	0.732723	1.000000	0.733579
1.000000	0.733579	1.000000	0.733631
1.000000	0.733631	1.000000	0.733994
1.000000	0.733994	1.000000	0.733695
1.000000	0.733695	1.000000	0.733440
1.000000	0.733440	1.000000	0.733396
1.000000	0.733396	1.000000	0.733907
1.000000	0.733907	1.000000	0.733721
1.000000	0.733721	1.000000	0.733520
1.000000	0.733520	1.000000	0.733391
1.000000	0.733391	1.000000	0.734358
1.000000	0.734358	1.000000	0.733970
1.000000	0.733970	1.000000	0.734359
1.000000	0.734359	1.000000	0.734325
1.000000	0.734325	1.000000	0.733518
1.000000	0.733518	1.000000	0.733546
1.000000	0.733546	1.000000	0.734016
1.000000	0.734016	1.000000	0.734090
1.000000	0.734090	1.000000	0.731627
1.000000	0.731627	1.000000	0.731531
1.000000	0.731531	1.000000	0.731113
1.000000	0.731113	1.000000	0.732566
1.000000	0.732566	1.000000	0.730858
1.000000	0.730858	1.000000	0.731294
1.000000	0.731294	1.000000	0.732016
1.000000	0.732016	1.000000	0.732416
1.000000	0.732416	1.000000	0.733831
1.000000	0.733831	1.000000	0.732456
1.000000	0.732456	1.000000	0.732519
1.000000	0.732519	1.000000	0.731264
1.000000	0.731264	1.000000	0.732245
1.000000	0.732245	1.000000	0.732235
1.000000	0.732235	1.000000	0.732485
1.000000	0.732485	1.000000	0.731954
1.000000	0.731954	1.000000	0.732019
1.000000	0.732019	1.000000	0.732806
1.000000	0.732806	1.000000	0.732726
1.000000	0.732726	1.000000	0.733367
1.000000	0.733367	1.000000	0.731956
1.000000	0.731956	1.000000	0.732304
1.000000	0.732304	1.000000	0.731779
1.000000	0.731779	1.000000	0.731728
1.000000	0.731728	1.000000	0.730668
1.000000	0.730668	1.000000	0.730543
1.000000	0.730543	1.000000	0.729761
1.000000	0.729761	1.000000	0.729662
1.000000	0.729662	1.000000	0.728528
1.000000	0.728528	1.000000	0.729778
1.000000	0.729778	1.000000	0.729605
1.000000	0.729605	1.000000	0.729450
1.000000	0.729450	1.000000	0.727458
1.000000	0.727458	1.000000	0.726756
1.000000	0.726756	1.000000	0.728071
1.000000	0.728071	1.000000	0.726935
1.000000	0.726935	1.000000	0.727521
1.000000	0.727521	1.000000	0.727345
1.000000	0.727345	1.000000	0.727856
1.000000	0.727856	1.000000	0.728045
1.000000	0.728045	1.000000	0.728176
1.000000	0.728176	1.000000	0.729339
1.000000	0.729339	1.000000	0.729125
1.000000	0.729125	1.000000	0.728753
1.000000	0.728753	1.000000	0.728865
1.000000	0.728865	1.000000	0.729232
1.000000	0.729232	1.000000	0.729714
1.000000	0.729714	1.000000	0.729097
1.000000	0.729097	1.000000	0.729919
1.000000	0.729919	1.000000	0.731012
1.000000	0.731012	1.000000	0.731219
1.000000	0.731219	1.000000	0.730497
1.000000	0.730497	1.000000	0.730991
1.000000	0.730991	1.000000	0.730031
1.000000	0.730031	1.000000	0.729984
1.000000	0.729984	1.000000	0.729393
1.000000	0.729393	1.000000	0.729796
1.000000	0.729796	1.000000	0.730188
1.000000	0.730188	1.000000	0.730211
1.000000	0.730211	1.000000	0.731696
1.000000	0.731696	1.000000	0.733067
1.000000	0.733067	1.000000	0.732749
1.000000	0.732749	1.000000	0.731683
1.000000	0.731683	1.000000	0.731805
1.000000	0.731805	1.000000	0.730749
1.000000	0.730749	1.000000	0.731096
1.000000	0.731096	1.000000	0.729549
1.000000	0.729549	1.000000	0.728486
1.000000	0.728486	1.000000	0.728960
1.000000	0.728960	1.000000	0.728029
1.000000	0.728029	1.000000	0.727470
1.000000	0.727470	1.000000	0.727083
1.000000	0.727083	1.000000	0.726592
1.000000	0.726592	1.000000	0.728302
1.000000	0.728302	1.000000	0.728833
1.000000	0.728833	1.000000	0.727617
1.000000	0.727617	1.000000	0.728989
1.000000	0.728989	1.000000	0.729020
1.000000	0.729020	1.000000	0.729271
1.000000	0.729271	1.000000	0.729524
1.000000	0.729524	1.000000	0.729070
0.300121	0.199439	0.455515	0.207456
0.455515	0.207456	0.568456	0.241168
0.568456	0.241168	0.652870	0.286763
0.652870	0.286763	0.717841	0.337650
0.717841	0.337650	0.772761	0.386528
0.772761	0.386528	0.820197	0.430515
0.820197	0.430515	0.861541	0.469701
0.861541	0.469701	0.895221	0.502362
0.895221	0.502362	0.921018	0.526577
0.921018	0.526577	0.941155	0.545534
0.941155	0.545534	0.956806	0.560677
0.956806	0.560677	0.968241	0.570132
0.968241	0.570132	0.976688	0.579511
0.976688	0.579511	0.982479	0.583996
0.982479	0.583996	0.987095	0.588593
0.987095	0.588593	0.990331	0.591275
0.990331	0.591275	0.992946	0.594203
0.992946	0.594203	0.994899	0.597419
0.994899	0.597419	0.996112	0.598723
0.996112	0.598723	0.997086	0.598940
0.997086	0.598940	0.997900	0.600862
0.997900	0.600862	0.998380	0.599710
0.998380	0.599710	0.998839	0.601560
0.998839	0.601560	0.999078	0.602929
0.999078	0.602929	0.999247	0.604402
0.999247	0.604402	0.999267	0.604099
0.999267	0.604099	0.999404	0.602986
0.999404	0.602986	0.999442	0.601600
0.999442	0.601600	0.999517	0.601335
0.999517	0.601335	0.999501	0.600288
0.999501	0.600288	0.999606	0.598783
0.999606	0.598783	0.999636	0.598201
0.999636	0.598201	0.999694	0.598084
0.999694	0.598084	0.999800	0.598680
0.999800	0.598680	0.999850	0.596889
0.999850	0.596889	0.999884	0.597581
0.999884	0.597581	0.999920	0.598367
0.999920	0.598367	0.999934	0.598238
0.999934	0.598238	0.999940	0.598440
0.999940	0.598440	0.999952	0.598375
0.999952	0.598375	0.999957	0.596879
0.999957	0.596879	0.999978	0.595712
0.999978	0.595712	1.000000	0.593966
1.000000	0.593966	1.000000	0.592929
1.000000	0.592929	1.000000	0.593031
1.000000	0.593031	1.000000	0.591676
1.000000	0.591676	1.000000	0.590239
1.000000	0.590239	1.000000	0.590986
1.000000	0.590986	1.000000	0.591540
1.000000	0.591540	1.000000	0.591503
1.000000	0.591503	1.000000	0.590953
1.000000	0.590953	1.000000	0.592217
1.000000	0.592217	1.000000	0.592069
1.000000	0.592069	1.000000	0.591149
1.000000	0.591149	1.000000	0.590464
1.000000	0.590464	1.000000	0.590398
1.000000	0.590398	1.000000	0.588792
1.000000	0.588792	1.000000	0.588978
1.000000	0.588978	1.000000	0.588497
1.000000	0.588497	1.000000	0.589195
1.000000	0.589195	1.000000	0.590671
1.000000	0.590671	1.000000	0.592085
1.000000	0.592085	1.000000	0.593323
1.000000	0.593323	1.000000	0.593188
1.000000	0.593188	1.000000	0.592871
1.000000	0.592871	1.000000	0.594679
1.000000	0.594679	1.000000	0.594733
1.000000	0.594733	1.000000	0.595913
1.000000	0.595913	1.000000	0.596169
1.000000	0.596169	1.000000	0.596238
1.000000	0.596238	1.000000	0.595156
1.000000	0.595156	1.000000	0.594081
1.000000	0.594081	1.000000	0.593408
1.000000	0.593408	1.000000	0.593104
1.000000	0.593104	1.000000	0.594430
1.000000	0.594430	1.000000	0.594905
1.000000	0.594905	1.000000	0.593395
1.000000	0.593395	1.000000	0.592495
1.000000	0.592495	1.000000	0.592865
1.000000	0.592865	1.000000	0.591305
1.000000	0.591305	1.000000	0.591495
1.000000	0.591495	1.000000	0.591352
1.000000	0.591352	1.000000	0.591092
1.000000	0.591092	1.000000	0.589850
1.000000	0.589850	1.000000	0.589364
1.000000	0.589364	1.000000	0.588325
1.000000	0.588325	1.000000	0.588005
1.000000	0.588005	1.000000	0.587427
1.000000	0.587427	1.000000	0.587067
1.000000	0.587067	1.000000	0.586579
1.000000	0.586579	1.000000	0.589164
1.000000	0.589164	1.000000	0.589738
1.000000	0.589738	1.000000	0.590533
1.000000	0.590533	1.000000	0.592027
1.000000	0.592027	1.000000	0.592029
1.000000	0.592029	1.000000	0.593078
1.000000	0.593078	1.000000	0.592837
1.000000	0.592837	1.000000	0.593149
1.000000	0.593149	1.000000	0.593093
1.000000	0.593093	1.000000	0.592252
1.000000	0.592252	1.000000	0.592818
1.000000	0.592818	1.000000	0.592239
1.000000	0.592239	1.000000	0.592941
1.000000	0.592941	1.000000	0.591756
1.000000	0.591756	1.000000	0.590728
1.000000	0.590728	1.000000	0.591298
1.000000	0.591298	1.000000	0.591201
1.000000	0.591201	1.000000	0.593791
1.000000	0.593791	1.000000	0.595049
1.000000	0.595049	1.000000	0.595096
1.000000	0.595096	1.000000	0.594632
1.000000	0.594632	1.000000	0.595773
1.000000	0.595773	1.000000	0.597388
1.000000	0.597388	1.000000	0.597507
1.000000	0.597507	1.000000	0.596485
1.000000	0.596485	1.000000	0.597571
1.000000	0.597571	1.000000	0.596945
1.000000	0.596945	1.000000	0.595829
1.000000	0.595829	1.000000	0.595002
1.000000	0.595002	1.000000	0.595642
1.000000	0.595642	1.000000	0.595581
1.000000	0.595581	1.000000	0.595838
1.000000	0.595838	1.000000	0.596074
1.000000	0.596074	1.000000	0.595144
1.000000	0.595144	1.000000	0.596524
1.000000	0.596524	1.000000	0.595004
1.000000	0.595004	1.000000	0.596607
1.000000	0.596607	1.000000	0.595034
1.000000	0.595034	1.000000	0.593953
1.000000	0.593953	1.000000	0.593369
1.000000	0.593369	1.000000	0.594408
1.000000	0.594408	1.000000	0.596603
1.000000	0.596603	1.000000	0.595388
1.000000	0.595388	1.000000	0.593922
1.000000	0.593922	1.000000	0.594328
1.000000	0.594328	1.000000	0.595301
1.000000	0.595301	1.000000	0.596385
1.000000	0.596385	1.000000	0.595315
1.000000	0.595315	1.000000	0.594320
1.000000	0.594320	1.000000	0.593261
1.000000	0.593261	1.000000	0.593952
1.000000	0.593952	1.000000	0.594051
1.000000	0.594051	1.000000	0.593559
1.000000	0.593559	1.000000	0.594477
1.000000	0.594477	1.000000	0.594057
1.000000	0.594057	1.000000	0.594352
1.000000	0.594352	1.000000	0.594026
1.000000	0.594026	1.000000	0.593450
1.000000	0.593450	1.000000	0.593996
1.000000	0.593996	1.000000	0.592249
1.000000	0.592249	1.000000	0.591864
1.000000	0.591864	1.000000	0.592265
1.000000	0.592265	1.000000	0.591783
1.000000	0.591783	1.000000	0.591256
1.000000	0.591256	1.000000	0.592375
1.000000	0.592375	1.000000	0.592437
1.000000	0.592437	1.000000	0.591847
1.000000	0.591847	1.000000	0.593150
1.000000	0.593150	1.000000	0.594122
1.000000	0.594122	1.000000	0.594375
1.000000	0.594375	1.000000	0.594544
1.000000	0.594544	1.000000	0.593907
1.000000	0.593907	1.000000	0.594388
1.000000	0.594388	1.000000	0.594429
1.000000	0.594429	1.000000	0.594616
1.000000	0.594616	1.000000	0.595530
1.000000	0.595530	1.000000	0.595512
1.000000	0.595512	1.000000	0.596332
1.000000	0.596332	1.000000	0.597912
1.000000	0.597912	1.000000	0.599546
1.000000	0.599546	1.000000	0.600572
1.000000	0.600572	1.000000	0.601449
1.000000	0.601449	1.000000	0.604060
1.000000	0.604060	1.000000	0.604497
1.000000	0.604497	1.000000	0.605401
1.000000	0.605401	1.000000	0.605033
1.000000	0.605033	1.000000	0.605412
1.000000	0.605412	1.000000	0.605275
1.000000	0.605275	1.000000	0.606175
1.000000	0.606175	1.000000	0.605978
1.000000	0.605978	1.000000	0.606279
1.000000	0.606279	1.000000	0.604333
1.000000	0.604333	1.000000	0.606453
1.000000	0.606453	1.000000	0.605385
1.000000	0.605385	1.000000	0.606266
1.000000	0.606266	1.000000	0.606047
1.000000	0.606047	1.000000	0.604358
1.000000	0.604358	1.000000	0.605117
1.000000	0.605117	1.000000	0.605241
1.000000	0.605241	1.000000	0.604621
1.000000	0.604621	1.000000	0.605097
1.000000	0.605097	1.000000	0.605034
1.000000	0.605034	1.000000	0.604952
1.000000	0.604952	1.000000	0.603622
1.000000	0.603622	1.000000	0.603527
1.000000	0.603527	1.000000	0.603598
1.000000	0.603598	1.000000	0.603546
1.000000	0.603546	1.000000	0.602415
1.000000	0.602415	1.000000	0.603345
0.300316	0.299909	0.555560	0.315682
0.555560	0.315682	0.711323	0.355172
0.711323	0.355172	0.803825	0.400483
0.803825	0.400483	0.862580	0.438920
0.862580	0.438920	0.901071	0.471327
0.901071	0.471327	0.929266	0.494303
0.929266	0.494303	0.948379	0.511431
0.948379	0.511431	0.961531	0.523243
0.961531	0.523243	0.970907	0.533895
0.970907	0.533895	0.977582	0.540978
0.977582	0.540978	0.982937	0.546382
0.982937	0.546382	0.986960	0.549800
0.986960	0.549800	0.990209	0.552741
0.990209	0.552741	0.992249	0.553820
0.992249	0.553820	0.994308	0.555887
0.994308	0.555887	0.995512	0.557851
0.995512	0.557851	0.996328	0.557556
0.996328	0.557556	0.996921	0.558210
0.996921	0.558210	0.997527	0.559349
0.997527	0.559349	0.997996	0.559644
0.997996	0.559644	0.998345	0.558893
0.998345	0.558893	0.998652	0.559165
0.998652	0.559165	0.998977	0.558819
0.998977	0.558819	0.999116	0.559913
0.999116	0.559913	0.999169	0.559935
0.999169	0.559935	0.999246	0.559853
0.999246	0.559853	0.999361	0.559138
0.999361	0.559138	0.999385	0.559556
0.999385	0.559556	0.999435	0.558954
0.999435	0.558954	0.999496	0.559843
0.999496	0.559843	0.999497	0.559096
0.999497	0.559096	0.999614	0.559061
0.999614	0.559061	0.999715	0.558019
0.999715	0.558019	0.999744	0.557226
0.999744	0.557226	0.999850	0.555080
0.999850	0.555080	0.999871	0.555027
0.999871	0.555027	0.999873	0.557848
0.999873	0.557848	0.999908	0.556714
0.999908	0.556714	0.999918	0.558329
0.999918	0.558329	0.999929	0.559456
0.999929	0.559456	0.999924	0.559241
0.999924	0.559241	0.999926	0.558690
0.999926	0.558690	0.999948	0.557549
0.999948	0.557549	0.999933	0.557527
0.999933	0.557527	0.999961	0.557591
0.999961	0.557591	0.999972	0.556294
0.999972	0.556294	0.999977	0.555153
0.999977	0.555153	0.999982	0.553179
0.999982	0.553179	0.999988	0.554555
0.999988	0.554555	0.999996	0.553223
0.999996	0.553223	1.000000	0.552775
1.000000	0.552775	1.000000	0.553940
1.000000	0.553940	1.000000	0.555397
1.000000	0.555397	1.000000	0.555902
1.000000	0.555902	1.000000	0.555738
1.000000	0.555738	1.000000	0.556391
1.000000	0.556391	1.000000	0.555409
1.000000	0.555409	1.000000	0.555340
1.000000	0.555340	1.000000	0.555909
1.000000	0.555909	1.000000	0.555565
1.000000	0.555565	1.000000	0.555264
1.000000	0.555264	1.000000	0.556438
1.000000	0.556438	1.000000	0.554839
1.000000	0.554839	1.000000	0.553054
1.000000	0.553054	1.000000	0.552735
1.000000	0.552735	1.000000	0.553147
1.000000	0.553147	1.000000	0.552652
1.000000	0.552652	1.000000	0.552878
1.000000	0.552878	1.000000	0.553527
1.000000	0.553527	1.000000	0.555308
1.000000	0.555308	1.000000	0.553754
1.000000	0.553754	1.000000	0.554182
1.000000	0.554182	1.000000	0.554097
1.000000	0.554097	1.000000	0.555199
1.000000	0.555199	1.000000	0.555473
1.000000	0.555473	1.000000	0.554940
1.000000	0.554940	1.000000	0.554010
1.000000	0.554010	1.000000	0.553930
1.000000	0.553930	1.000000	0.553304
1.000000	0.553304	1.000000	0.553829
1.000000	0.553829	1.000000	0.553351
1.000000	0.553351	1.000000	0.554039
1.000000	0.554039	1.000000	0.553673
1.000000	0.553673	1.000000	0.553794
1.000000	0.553794	1.000000	0.553350
1.000000	0.553350	1.000000	0.552320
1.000000	0.552320	1.000000	0.552044
1.000000	0.552044	1.000000	0.551153
1.000000	0.551153	1.000000	0.550890
1.000000	0.550890	1.000000	0.551918
1.000000	0.551918	1.000000	0.551116
1.000000	0.551116	1.000000	0.550056
1.000000	0.550056	1.000000	0.548725
1.000000	0.548725	1.000000	0.551063
1.000000	0.551063	1.000000	0.552417
1.000000	0.552417	1.000000	0.553126
1.000000	0.553126	1.000000	0.552979
1.000000	0.552979	1.000000	0.553302
1.000000	0.553302	1.000000	0.553611
1.000000	0.553611	1.000000	0.554267
1.000000	0.554267	1.000000	0.554349
1.000000	0.554349	1.000000	0.555941
1.000000	0.555941	1.000000	0.555665
1.000000	0.555665	1.000000	0.555362
1.000000	0.555362	1.000000	0.554532
1.000000	0.554532	1.000000	0.555318
1.000000	0.555318	1.000000	0.553998
1.000000	0.553998	1.000000	0.554451
1.000000	0.554451	1.000000	0.554594
1.000000	0.554594	1.000000	0.553677
1.000000	0.553677	1.000000	0.554373
1.000000	0.554373	1.000000	0.552977
1.000000	0.552977	1.000000	0.554415
1.000000	0.554415	1.000000	0.554707
1.000000	0.554707	1.000000	0.554913
1.000000	0.554913	1.000000	0.555240
1.000000	0.555240	1.000000	0.556567
1.000000	0.556567	1.000000	0.556194
1.000000	0.556194	1.000000	0.555914
1.000000	0.555914	1.000000	0.555352
1.000000	0.555352	1.000000	0.554702
1.000000	0.554702	1.000000	0.555364
1.000000	0.555364	1.000000	0.554968
1.000000	0.554968	1.000000	0.555988
1.000000	0.555988	1.000000	0.558208
1.000000	0.558208	1.000000	0.558279
1.000000	0.558279	1.000000	0.558375
1.000000	0.558375	1.000000	0.559757
1.000000	0.559757	1.000000	0.557516
1.000000	0.557516	1.000000	0.557475
1.000000	0.557475	1.000000	0.559122
1.000000	0.559122	1.000000	0.558092
1.000000	0.558092	1.000000	0.557525
1.000000	0.557525	1.000000	0.555893
1.000000	0.555893	1.000000	0.555937
1.000000	0.555937	1.000000	0.556522
1.000000	0.556522	1.000000	0.556294
1.000000	0.556294	1.000000	0.555645
1.000000	0.555645	1.000000	0.557246
1.000000	0.557246	1.000000	0.556676
1.000000	0.556676	1.000000	0.556706
1.000000	0.556706	1.000000	0.557722
1.000000	0.557722	1.000000	0.557682
1.000000	0.557682	1.000000	0.558711
1.000000	0.558711	1.000000	0.559486
1.000000	0.559486	1.000000	0.560106
1.000000	0.560106	1.000000	0.560989
1.000000	0.560989	1.000000	0.560424
1.000000	0.560424	1.000000	0.561440
1.000000	0.561440	1.000000	0.562390
1.000000	0.562390	1.000000	0.562008
1.000000	0.562008	1.000000	0.562382
1.000000	0.562382	1.000000	0.563446
1.000000	0.563446	1.000000	0.562427
1.000000	0.562427	1.000000	0.562920
1.000000	0.562920	1.000000	0.562187
1.000000	0.562187	1.000000	0.562429
1.000000	0.562429	1.000000	0.561697
1.000000	0.561697	1.000000	0.562783
1.000000	0.562783	1.000000	0.562762
1.000000	0.562762	1.000000	0.564717
1.000000	0.564717	1.000000	0.564769
1.000000	0.564769	1.000000	0.565735
1.000000	0.565735	1.000000	0.566096
1.000000	0.566096	1.000000	0.565667
1.000000	0.565667	1.000000	0.565830
1.000000	0.565830	1.000000	0.565783
1.000000	0.565783	1.000000	0.565870
1.000000	0.565870	1.000000	0.567329
1.000000	0.567329	1.000000	0.566397
1.000000	0.566397	1.000000	0.567395
1.000000	0.567395	1.000000	0.566393
1.000000	0.566393	1.000000	0.566456
1.000000	0.566456	1.000000	0.565530
1.000000	0.565530	1.000000	0.565171
1.000000	0.565171	1.000000	0.566379
1.000000	0.566379	1.000000	0.565446
1.000000	0.565446	1.000000	0.566603
1.000000	0.566603	1.000000	0.566535
1.000000	0.566535	1.000000	0.564635
1.000000	0.564635	1.000000	0.566384
1.000000	0.566384	1.000000	0.567644
1.000000	0.567644	1.000000	0.568155
1.000000	0.568155	1.000000	0.568964
1.000000	0.568964	1.000000	0.569350
1.000000	0.569350	1.000000	0.568533
1.000000	0.568533	1.000000	0.567968
1.000000	0.567968	1.000000	0.567957
1.000000	0.567957	1.000000	0.567103
1.000000	0.567103	1.000000	0.567389
1.000000	0.567389	1.000000	0.566776
1.000000	0.566776	1.000000	0.567018
1.000000	0.567018	1.000000	0.566511
1.000000	0.566511	1.000000	0.565737
1.000000	0.565737	1.000000	0.567549
1.000000	0.567549	1.000000	0.566585
1.000000	0.566585	1.000000	0.566787
1.000000	0.566787	1.000000	0.567156
1.000000	0.567156	1.000000	0.566931
0.300420	0.399886	0.638372	0.413447
0.638372	0.413447	0.812444	0.453064
0.812444	0.453064	0.891752	0.489432
0.891752	0.489432	0.933896	0.516505
0.933896	0.516505	0.957312	0.534634
0.957312	0.534634	0.971282	0.547051
0.971282	0.547051	0.979658	0.554565
0.979658	0.554565	0.985165	0.560989
0.985165	0.560989	0.988935	0.565565
0.988935	0.565565	0.991874	0.567963
0.991874	0.567963	0.994000	0.568891
0.994000	0.568891	0.995250	0.570461
0.995250	0.570461	0.996270	0.573298
0.996270	0.573298	0.996873	0.574291
0.996873	0.574291	0.997540	0.573502
0.997540	0.573502	0.997971	0.572519
0.997971	0.572519	0.998305	0.573229
0.998305	0.573229	0.998539	0.573725
0.998539	0.573725	0.998870	0.574930
0.998870	0.574930	0.999092	0.574383
0.999092	0.574383	0.999279	0.574035
0.999279	0.574035	0.999461	0.575340
0.999461	0.575340	0.999526	0.575496
0.999526	0.575496	0.999518	0.575802
0.999518	0.575802	0.999574	0.577638
0.999574	0.577638	0.999627	0.577784
0.999627	0.577784	0.999737	0.578358
0.999737	0.578358	0.999757	0.578645
0.999757	0.578645	0.999836	0.578887
0.999836	0.578887	0.999859	0.580549
0.999859	0.580549	0.999868	0.580264
0.999868	0.580264	0.999909	0.579891
0.999909	0.579891	0.999916	0.579520
0.999916	0.579520	0.999938	0.579950
0.999938	0.579950	0.999950	0.580229
0.999950	0.580229	0.999955	0.579810
0.999955	0.579810	0.999967	0.578377
0.999967	0.578377	0.999969	0.578894
0.999969	0.578894	0.999982	0.578482
0.999982	0.578482	0.999992	0.577672
0.999992	0.577672	0.999985	0.577733
0.999985	0.577733	0.999987	0.576495
0.999987	0.576495	0.999991	0.577290
0.999991	0.577290	1.000000	0.578099
1.000000	0.578099	1.000000	0.578639
1.000000	0.578639	1.000000	0.576610
1.000000	0.576610	1.000000	0.577218
1.000000	0.577218	1.000000	0.576377
1.000000	0.576377	1.000000	0.576096
1.000000	0.576096	1.000000	0.575519
1.000000	0.575519	1.000000	0.576981
1.000000	0.576981	1.000000	0.575706
1.000000	0.575706	1.000000	0.575211
1.000000	0.575211	1.000000	0.575298
1.000000	0.575298	1.000000	0.572474
1.000000	0.572474	1.000000	0.573040
1.000000	0.573040	1.000000	0.573436
1.000000	0.573436	1.000000	0.571719
1.000000	0.571719	1.000000	0.572409
1.000000	0.572409	1.000000	0.571969
1.000000	0.571969	1.000000	0.572420
1.000000	0.572420	1.000000	0.572915
1.000000	0.572915	1.000000	0.572604
1.000000	0.572604	1.000000	0.572081
1.000000	0.572081	1.000000	0.572939
1.000000	0.572939	1.000000	0.572326
1.000000	0.572326	1.000000	0.571579
1.000000	0.571579	1.000000	0.569793
1.000000	0.569793	1.000000	0.569129
1.000000	0.569129	1.000000	0.569780
1.000000	0.569780	1.000000	0.570533
1.000000	0.570533	1.000000	0.570725
1.000000	0.570725	1.000000	0.570349
1.000000	0.570349	1.000000	0.570708
1.000000	0.570708	1.000000	0.571460
1.000000	0.571460	1.000000	0.571151
1.000000	0.571151	1.000000	0.570331
1.000000	0.570331	1.000000	0.567814
1.000000	0.567814	1.000000	0.568717
1.000000	0.568717	1.000000	0.567451
1.000000	0.567451	1.000000	0.567668
1.000000	0.567668	1.000000	0.566590
1.000000	0.566590	1.000000	0.567558
1.000000	0.567558	1.000000	0.566561
1.000000	0.566561	1.000000	0.567350
1.000000	0.567350	1.000000	0.567339
1.000000	0.567339	1.000000	0.567085
1.000000	0.567085	1.000000	0.568627
1.000000	0.568627	1.000000	0.570261
1.000000	0.570261	1.000000	0.569409
1.000000	0.569409	1.000000	0.569601
1.000000	0.569601	1.000000	0.567980
1.000000	0.567980	1.000000	0.567787
1.000000	0.567787	1.000000	0.567192
1.000000	0.567192	1.000000	0.567512
1.000000	0.567512	1.000000	0.567767
1.000000	0.567767	1.000000	0.567197
1.000000	0.567197	1.000000	0.567281
1.000000	0.567281	1.000000	0.567327
1.000000	0.567327	1.000000	0.567673
1.000000	0.567673	1.000000	0.567260
1.000000	0.567260	1.000000	0.568615
1.000000	0.568615	1.000000	0.569158
1.000000	0.569158	1.000000	0.568403
1.000000	0.568403	1.000000	0.567607
1.000000	0.567607	1.000000	0.566518
1.000000	0.566518	1.000000	0.565731
1.000000	0.565731	1.000000	0.565336
1.000000	0.565336	1.000000	0.565539
1.000000	0.565539	1.000000	0.565594
1.000000	0.565594	1.000000	0.565967
1.000000	0.565967	1.000000	0.566269
1.000000	0.566269	1.000000	0.567731
1.000000	0.567731	1.000000	0.566639
1.000000	0.566639	1.000000	0.568335
1.000000	0.568335	1.000000	0.567542
1.000000	0.567542	1.000000	0.566205
1.000000	0.566205	1.000000	0.566641
1.000000	0.566641	1.000000	0.567431
1.000000	0.567431	1.000000	0.567367
1.000000	0.567367	1.000000	0.566886
1.000000	0.566886	1.000000	0.567062
1.000000	0.567062	1.000000	0.567106
1.000000	0.567106	1.000000	0.566811
1.000000	0.566811	1.000000	0.567499
1.000000	0.567499	1.000000	0.567890
1.000000	0.567890	1.000000	0.567759
1.000000	0.567759	1.000000	0.567949
1.000000	0.567949	1.000000	0.567463
1.000000	0.567463	1.000000	0.568285
1.000000	0.568285	1.000000	0.568421
1.000000	0.568421	1.000000	0.568796
1.000000	0.568796	1.000000	0.568144
1.000000	0.568144	1.000000	0.565552
1.000000	0.565552	1.000000	0.565937
1.000000	0.565937	1.000000	0.565220
1.000000	0.565220	1.000000	0.564802
1.000000	0.564802	1.000000	0.563267
1.000000	0.563267	1.000000	0.562944
1.000000	0.562944	1.000000	0.563625
1.000000	0.563625	1.000000	0.563643
1.000000	0.563643	1.000000	0.563154
1.000000	0.563154	1.000000	0.564108
1.000000	0.564108	1.000000	0.564130
1.000000	0.564130	1.000000	0.566006
1.000000	0.566006	1.000000	0.566421
1.000000	0.566421	1.000000	0.568037
1.000000	0.568037	1.000000	0.569873
1.000000	0.569873	1.000000	0.570514
1.000000	0.570514	1.000000	0.571232
1.000000	0.571232	1.000000	0.570972
1.000000	0.570972	1.000000	0.571891
1.000000	0.571891	1.000000	0.569711
1.000000	0.569711	1.000000	0.570049
1.000000	0.570049	1.000000	0.570501
1.000000	0.570501	1.000000	0.571774
1.000000	0.571774	1.000000	0.571718
1.000000	0.571718	1.000000	0.572596
1.000000	0.572596	1.000000	0.571025
1.000000	0.571025	1.000000	0.571467
1.000000	0.571467	1.000000	0.570833
1.000000	0.570833	1.000000	0.571330
1.000000	0.571330	1.000000	0.570317
1.000000	0.570317	1.000000	0.570947
1.000000	0.570947	1.000000	0.571432
1.000000	0.571432	1.000000	0.570956
1.000000	0.570956	1.000000	0.571881
1.000000	0.571881	1.000000	0.571811
1.000000	0.571811	1.000000	0.572278
1.000000	0.572278	1.000000	0.570545
1.000000	0.570545	1.000000	0.570242
1.000000	0.570242	1.000000	0.569625
1.000000	0.569625	1.000000	0.569523
1.000000	0.569523	1.000000	0.570044
1.000000	0.570044	1.000000	0.569986
1.000000	0.569986	1.000000	0.568532
1.000000	0.568532	1.000000	0.567510
1.000000	0.567510	1.000000	0.567930
1.000000	0.567930	1.000000	0.567855
1.000000	0.567855	1.000000	0.568598
1.000000	0.568598	1.000000	0.568741
1.000000	0.568741	1.000000	0.568047
1.000000	0.568047	1.000000	0.567951
1.000000	0.567951	1.000000	0.569542
1.000000	0.569542	1.000000	0.570808
1.000000	0.570808	1.000000	0.568454
1.000000	0.568454	1.000000	0.569072
1.000000	0.569072	1.000000	0.570249
1.000000	0.570249	1.000000	0.571734
1.000000	0.571734	1.000000	0.572103
1.000000	0.572103	1.000000	0.572720
1.000000	0.572720	1.000000	0.572423
1.000000	0.572423	1.000000	0.572433
1.000000	0.572433	1.000000	0.572238
1.000000	0.572238	1.000000	0.574262
1.000000	0.574262	1.000000	0.573677
1.000000	0.573677	1.000000	0.572289
1.000000	0.572289	1.000000	0.570629
1.000000	0.570629	1.000000	0.572331
0.299488	0.500377	0.718355	0.521167
0.718355	0.521167	0.888811	0.560400
0.888811	0.560400	0.949445	0.586795
0.949445	0.586795	0.973908	0.599368
0.973908	0.599368	0.985461	0.606571
0.985461	0.606571	0.991057	0.610955
0.991057	0.610955	0.994014	0.614113
0.994014	0.614113	0.996204	0.617048
0.996204	0.617048	0.997342	0.617888
0.997342	0.617888	0.998162	0.617206
0.998162	0.617206	0.998533	0.617089
0.998533	0.617089	0.998780	0.619085
0.998780	0.619085	0.999073	0.619469
0.999073	0.619469	0.999288	0.618679
0.999288	0.618679	0.999506	0.619584
0.999506	0.619584	0.999591	0.619009
0.999591	0.619009	0.999692	0.619448
0.999692	0.619448	0.999743	0.620580
0.999743	0.620580	0.999738	0.620465
0.999738	0.620465	0.999780	0.619575
0.999780	0.619575	0.999793	0.620067
0.999793	0.620067	0.999777	0.619554
0.999777	0.619554	0.999786	0.621671
0.999786	0.621671	0.999794	0.622908
0.999794	0.622908	0.999855	0.623396
0.999855	0.623396	0.999887	0.623609
0.999887	0.623609	0.999885	0.625456
0.999885	0.625456	0.999915	0.626744
0.999915	0.626744	0.999922	0.626559
0.999922	0.626559	0.999923	0.627142
0.999923	0.627142	0.999937	0.627005
0.999937	0.627005	0.999949	0.626613
0.999949	0.626613	0.999946	0.626687
0.999946	0.626687	0.999954	0.626867
0.999954	0.626867	0.999978	0.626866
0.999978	0.626866	0.999994	0.627367
0.999994	0.627367	0.999995	0.627068
0.999995	0.627068	0.999998	0.626403
0.999998	0.626403	1.000000	0.626577
1.000000	0.626577	1.000000	0.627470
1.000000	0.627470	1.000000	0.628151
1.000000	0.628151	1.000000	0.629195
1.000000	0.629195	1.000000	0.628738
1.000000	0.628738	1.000000	0.627706
1.000000	0.627706	1.000000	0.627737
1.000000	0.627737	1.000000	0.627217
1.000000	0.627217	1.000000	0.628546
1.000000	0.628546	1.000000	0.628745
1.000000	0.628745	1.000000	0.628589
1.000000	0.628589	1.000000	0.628702
1.000000	0.628702	1.000000	0.629322
1.000000	0.629322	1.000000	0.629681
1.000000	0.629681	1.000000	0.630018
1.000000	0.630018	1.000000	0.631120
1.000000	0.631120	1.000000	0.630300
1.000000	0.630300	1.000000	0.631309
1.000000	0.631309	1.000000	0.632683
1.000000	0.632683	1.000000	0.634169
1.000000	0.634169	1.000000	0.632723
1.000000	0.632723	1.000000	0.631992
1.000000	0.631992	1.000000	0.631763
1.000000	0.631763	1.000000	0.632814
1.000000	0.632814	1.000000	0.631762
1.000000	0.631762	1.000000	0.632718
1.000000	0.632718	1.000000	0.633349
1.000000	0.633349	1.000000	0.634408
1.000000	0.634408	1.000000	0.634660
1.000000	0.634660	1.000000	0.635572
1.000000	0.635572	1.000000	0.636098
1.000000	0.636098	1.000000	0.633532
1.000000	0.633532	1.000000	0.634960
1.000000	0.634960	1.000000	0.634734
1.000000	0.634734	1.000000	0.636178
1.000000	0.636178	1.000000	0.635755
1.000000	0.635755	1.000000	0.635101
1.000000	0.635101	1.000000	0.634207
1.000000	0.634207	1.000000	0.635774
1.000000	0.635774	1.000000	0.636679
1.000000	0.636679	1.000000	0.634742
1.000000	0.634742	1.000000	0.634316
1.000000	0.634316	1.000000	0.632987
1.000000	0.632987	1.000000	0.632290
1.000000	0.632290	1.000000	0.632469
1.000000	0.632469	1.000000	0.633094
1.000000	0.633094	1.000000	0.633990
1.000000	0.633990	1.000000	0.632462
1.000000	0.632462	1.000000	0.634345
1.000000	0.634345	1.000000	0.634510
1.000000	0.634510	1.000000	0.636124
1.000000	0.636124	1.000000	0.637076
1.000000	0.637076	1.000000	0.636149
1.000000	0.636149	1.000000	0.638129
1.000000	0.638129	1.000000	0.636495
1.000000	0.636495	1.000000	0.635033
1.000000	0.635033	1.000000	0.634515
1.000000	0.634515	1.000000	0.635760
1.000000	0.635760	1.000000	0.636029
1.000000	0.636029	1.000000	0.635235
1.000000	0.635235	1.000000	0.634113
1.000000	0.634113	1.000000	0.632680
1.000000	0.632680	1.000000	0.632535
1.000000	0.632535	1.000000	0.632850
1.000000	0.632850	1.000000	0.633594
1.000000	0.633594	1.000000	0.634208
1.000000	0.634208	1.000000	0.635113
1.000000	0.635113	1.000000	0.635819
1.000000	0.635819	1.000000	0.634993
1.000000	0.634993	1.000000	0.636416
1.000000	0.636416	1.000000	0.637081
1.000000	0.637081	1.000000	0.638081
1.000000	0.638081	1.000000	0.637931
1.000000	0.637931	1.000000	0.638847
1.000000	0.638847	1.000000	0.638289
1.000000	0.638289	1.000000	0.639465
1.000000	0.639465	1.000000	0.640076
1.000000	0.640076	1.000000	0.640309
1.000000	0.640309	1.000000	0.641150
1.000000	0.641150	1.000000	0.640855
1.000000	0.640855	1.000000	0.640831
1.000000	0.640831	1.000000	0.639975
1.000000	0.639975	1.000000	0.640040
1.000000	0.640040	1.000000	0.641381
1.000000	0.641381	1.000000	0.641632
1.000000	0.641632	1.000000	0.640826
1.000000	0.640826	1.000000	0.641655
1.000000	0.641655	1.000000	0.643454
1.000000	0.643454	1.000000	0.643535
1.000000	0.643535	1.000000	0.642988
1.000000	0.642988	1.000000	0.643339
1.000000	0.643339	1.000000	0.643959
1.000000	0.643959	1.000000	0.642984
1.000000	0.642984	1.000000	0.641953
1.000000	0.641953	1.000000	0.643208
1.000000	0.643208	1.000000	0.644054
1.000000	0.644054	1.000000	0.644056
1.000000	0.644056	1.000000	0.644783
1.000000	0.644783	1.000000	0.645372
1.000000	0.645372	1.000000	0.645606
1.000000	0.645606	1.000000	0.645787
1.000000	0.645787	1.000000	0.644575
1.000000	0.644575	1.000000	0.645060
1.000000	0.645060	1.000000	0.644633
1.000000	0.644633	1.000000	0.644823
1.000000	0.644823	1.000000	0.646130
1.000000	0.646130	1.000000	0.645071
1.000000	0.645071	1.000000	0.644284
1.000000	0.644284	1.000000	0.644586
1.000000	0.644586	1.000000	0.645030
1.000000	0.645030	1.000000	0.644436
1.000000	0.644436	1.000000	0.643127
1.000000	0.643127	1.000000	0.642166
1.000000	0.642166	1.000000	0.641230
1.000000	0.641230	1.000000	0.640321
1.000000	0.640321	1.000000	0.640251
1.000000	0.640251	1.000000	0.639962
1.000000	0.639962	1.000000	0.639639
1.000000	0.639639	1.000000	0.639302
1.000000	0.639302	1.000000	0.639871
1.000000	0.639871	1.000000	0.639190
1.000000	0.639190	1.000000	0.639880
1.000000	0.639880	1.000000	0.641264
1.000000	0.641264	1.000000	0.641115
1.000000	0.641115	1.000000	0.640947
1.000000	0.640947	1.000000	0.640731
1.000000	0.640731	1.000000	0.642200
1.000000	0.642200	1.000000	0.642853
1.000000	0.642853	1.000000	0.642098
1.000000	0.642098	1.000000	0.642314
1.000000	0.642314	1.000000	0.642980
1.000000	0.642980	1.000000	0.643190
1.000000	0.643190	1.000000	0.644010
1.000000	0.644010	1.000000	0.643899
1.000000	0.643899	1.000000	0.644825
1.000000	0.644825	1.000000	0.644327
1.000000	0.644327	1.000000	0.644885
1.000000	0.644885	1.000000	0.645549
1.000000	0.645549	1.000000	0.644968
1.000000	0.644968	1.000000	0.644974
1.000000	0.644974	1.000000	0.645619
1.000000	0.645619	1.000000	0.644081
1.000000	0.644081	1.000000	0.644981
1.000000	0.644981	1.000000	0.645297
1.000000	0.645297	1.000000	0.644805
1.000000	0.644805	1.000000	0.644167
1.000000	0.644167	1.000000	0.644883
1.000000	0.644883	1.000000	0.643807
1.000000	0.643807	1.000000	0.642922
1.000000	0.642922	1.000000	0.643301
1.000000	0.643301	1.000000	0.642920
1.000000	0.642920	1.000000	0.644909
1.000000	0.644909	1.000000	0.643235
1.000000	0.643235	1.000000	0.642470
1.000000	0.642470	1.000000	0.643878
1.000000	0.643878	1.000000	0.643854
1.000000	0.643854	1.000000	0.642731
1.000000	0.642731	1.000000	0.643133
1.000000	0.643133	1.000000	0.642664
1.000000	0.642664	1.000000	0.642640
1.000000	0.642640	1.000000	0.641640
0.299361	0.599562	0.787475	0.616531
0.787475	0.616531	0.936296	0.646588
0.936296	0.646588	0.976517	0.661631
0.976517	0.661631	0.989570	0.668998
0.989570	0.668998	0.994635	0.672363
0.994635	0.672363	0.997026	0.673011
0.997026	0.673011	0.998174	0.676259
0.998174	0.676259	0.998873	0.675999
0.998873	0.675999	0.999321	0.674888
0.999321	0.674888	0.999636	0.675608
0.999636	0.675608	0.999774	0.676932
0.999774	0.676932	0.999829	0.676944
0.999829	0.676944	0.999797	0.676680
0.999797	0.676680	0.999796	0.677653
0.999796	0.677653	0.999854	0.677055
0.999854	0.677055	0.999879	0.678041
0.999879	0.678041	0.999916	0.676613
0.999916	0.676613	0.999929	0.676563
0.999929	0.676563	0.999967	0.676904
0.999967	0.676904	0.999986	0.675387
0.999986	0.675387	0.999993	0.673998
0.999993	0.673998	0.999999	0.672836
0.999999	0.672836	1.000000	0.672668
1.000000	0.672668	1.000000	0.672788
1.000000	0.672788	1.000000	0.672992
1.000000	0.672992	1.000000	0.672609
1.000000	0.672609	1.000000	0.672430
1.000000	0.672430	1.000000	0.672669
1.000000	0.672669	1.000000	0.674149
1.000000	0.674149	1.000000	0.674754
1.000000	0.674754	1.000000	0.675267
1.000000	0.675267	1.000000	0.674529
1.000000	0.674529	1.000000	0.674264
1.000000	0.674264	1.000000	0.674053
1.000000	0.674053	1.000000	0.675003
1.000000	0.675003	1.000000	0.675438
1.000000	0.675438	1.000000	0.675891
1.000000	0.675891	1.000000	0.674788
1.000000	0.674788	1.000000	0.674291
1.000000	0.674291	1.000000	0.673588
1.000000	0.673588	1.000000	0.673802
1.000000	0.673802	1.000000	0.674155
1.000000	0.674155	1.000000	0.674033
1.000000	0.674033	1.000000	0.674852
1.000000	0.674852	1.000000	0.675978
1.000000	0.675978	1.000000	0.676132
1.000000	0.676132	1.000000	0.676063
1.000000	0.676063	1.000000	0.675147
1.000000	0.675147	1.000000	0.674451
1.000000	0.674451	1.000000	0.674138
1.000000	0.674138	1.000000	0.673537
1.000000	0.673537	1.000000	0.673767
1.000000	0.673767	1.000000	0.673759
1.000000	0.673759	1.000000	0.673359
1.000000	0.673359	1.000000	0.672934
1.000000	0.672934	1.000000	0.673561
1.000000	0.673561	1.000000	0.674745
1.000000	0.674745	1.000000	0.674164
1.000000	0.674164	1.000000	0.674693
1.000000	0.674693	1.000000	0.676297
1.000000	0.676297	1.000000	0.676105
1.000000	0.676105	1.000000	0.675941
1.000000	0.675941	1.000000	0.674887
1.000000	0.674887	1.000000	0.675812
1.000000	0.675812	1.000000	0.675097
1.000000	0.675097	1.000000	0.676034
1.000000	0.676034	1.000000	0.675793
1.000000	0.675793	1.000000	0.676969
1.000000	0.676969	1.000000	0.677645
1.000000	0.677645	1.000000	0.676925
1.000000	0.676925	1.000000	0.676097
1.000000	0.676097	1.000000	0.675297
1.000000	0.675297	1.000000	0.675925
1.000000	0.675925	1.000000	0.675840
1.000000	0.675840	1.000000	0.674980
1.000000	0.674980	1.000000	0.675805
1.000000	0.675805	1.000000	0.675607
1.000000	0.675607	1.000000	0.674988
1.000000	0.674988	1.000000	0.674357
1.000000	0.674357	1.000000	0.675655
1.000000	0.675655	1.000000	0.676795
1.000000	0.676795	1.000000	0.676610
1.000000	0.676610	1.000000	0.676941
1.000000	0.676941	1.000000	0.677021
1.000000	0.677021	1.000000	0.677602
1.000000	0.677602	1.000000	0.677789
1.000000	0.677789	1.000000	0.677862
1.000000	0.677862	1.000000	0.678203
1.000000	0.678203	1.000000	0.679648
1.000000	0.679648	1.000000	0.680511
1.000000	0.680511	1.000000	0.680834
1.000000	0.680834	1.000000	0.679947
1.000000	0.679947	1.000000	0.678266
1.000000	0.678266	1.000000	0.678077
1.000000	0.678077	1.000000	0.677224
1.000000	0.677224	1.000000	0.676887
1.000000	0.676887	1.000000	0.678139
1.000000	0.678139	1.000000	0.677335
1.000000	0.677335	1.000000	0.676008
1.000000	0.676008	1.000000	0.677537
1.000000	0.677537	1.000000	0.677235
1.000000	0.677235	1.000000	0.676449
1.000000	0.676449	1.000000	0.676008
1.000000	0.676008	1.000000	0.675625
1.000000	0.675625	1.000000	0.675579
1.000000	0.675579	1.000000	0.675030
1.000000	0.675030	1.000000	0.673816
1.000000	0.673816	1.000000	0.673639
1.000000	0.673639	1.000000	0.673075
1.000000	0.673075	1.000000	0.671837
1.000000	0.671837	1.000000	0.671369
1.000000	0.671369	1.000000	0.674273
1.000000	0.674273	1.000000	0.672444
1.000000	0.672444	1.000000	0.671323
1.000000	0.671323	1.000000	0.670616
1.000000	0.670616	1.000000	0.670324
1.000000	0.670324	1.000000	0.670721
1.000000	0.670721	1.000000	0.669508
1.000000	0.669508	1.000000	0.669186
1.000000	0.669186	1.000000	0.669325
1.000000	0.669325	1.000000	0.670282
1.000000	0.670282	1.000000	0.671005
1.000000	0.671005	1.000000	0.671073
1.000000	0.671073	1.000000	0.671525
1.000000	0.671525	1.000000	0.670122
1.000000	0.670122	1.000000	0.670106
1.000000	0.670106	1.000000	0.670779
1.000000	0.670779	1.000000	0.669182
1.000000	0.669182	1.000000	0.670064
1.000000	0.670064	1.000000	0.670711
1.000000	0.670711	1.000000	0.669797
1.000000	0.669797	1.000000	0.668437
1.000000	0.668437	1.000000	0.669824
1.000000	0.669824	1.000000	0.667947
1.000000	0.667947	1.000000	0.668863
1.000000	0.668863	1.000000	0.667975
1.000000	0.667975	1.000000	0.667666
1.000000	0.667666	1.000000	0.668163
1.000000	0.668163	1.000000	0.669713
1.000000	0.669713	1.000000	0.669654
1.000000	0.669654	1.000000	0.670852
1.000000	0.670852	1.000000	0.671493
1.000000	0.671493	1.000000	0.670827
1.000000	0.670827	1.000000	0.670748
1.000000	0.670748	1.000000	0.671629
1.000000	0.671629	1.000000	0.672220
1.000000	0.672220	1.000000	0.671900
1.000000	0.671900	1.000000	0.670915
1.000000	0.670915	1.000000	0.670479
1.000000	0.670479	1.000000	0.669136
1.000000	0.669136	1.000000	0.669164
1.000000	0.669164	1.000000	0.668789
1.000000	0.668789	1.000000	0.668470
1.000000	0.668470	1.000000	0.669620
1.000000	0.669620	1.000000	0.668922
1.000000	0.668922	1.000000	0.667818
1.000000	0.667818	1.000000	0.669393
1.000000	0.669393	1.000000	0.668699
1.000000	0.668699	1.000000	0.669405
1.000000	0.669405	1.000000	0.669710
1.000000	0.669710	1.000000	0.668990
1.000000	0.668990	1.000000	0.669112
1.000000	0.669112	1.000000	0.668662
1.000000	0.668662	1.000000	0.667986
1.000000	0.667986	1.000000	0.665181
1.000000	0.665181	1.000000	0.664653
1.000000	0.664653	1.000000	0.663735
1.000000	0.663735	1.000000	0.663369
1.000000	0.663369	1.000000	0.662432
1.000000	0.662432	1.000000	0.664137
1.000000	0.664137	1.000000	0.662979
1.000000	0.662979	1.000000	0.664356
1.000000	0.664356	1.000000	0.662624
1.000000	0.662624	1.000000	0.663872
1.000000	0.663872	1.000000	0.662940
1.000000	0.662940	1.000000	0.662597
1.000000	0.662597	1.000000	0.662660
1.000000	0.662660	1.000000	0.662577
1.000000	0.662577	1.000000	0.661625
1.000000	0.661625	1.000000	0.661155
1.000000	0.661155	1.000000	0.661271
1.000000	0.661271	1.000000	0.662168
1.000000	0.662168	1.000000	0.662972
1.000000	0.662972	1.000000	0.663308
1.000000	0.663308	1.000000	0.662567
1.000000	0.662567	1.000000	0.663551
1.000000	0.663551	1.000000	0.663422
1.000000	0.663422	1.000000	0.664942
1.000000	0.664942	1.000000	0.664648
1.000000	0.664648	1.000000	0.663817
1.000000	0.663817	1.000000	0.664475
1.000000	0.664475	1.000000	0.664855
1.000000	0.664855	1.000000	0.665100
1.000000	0.665100	1.000000	0.665822
1.000000	0.665822	1.000000	0.664812
1.000000	0.664812	1.000000	0.664053
1.000000	0.664053	1.000000	0.662588
1.000000	0.662588	1.000000	0.662768
1.000000	0.662768	1.000000	0.663831
0.300313	0.699800	0.845053	0.715590
0.845053	0.715590	0.967426	0.736863
0.967426	0.736863	0.991032	0.746108
0.991032	0.746108	0.996969	0.750155
0.996969	0.750155	0.998923	0.752631
0.998923	0.752631	0.999509	0.753018
0.999509	0.753018	0.999736	0.752787
0.999736	0.752787	0.999824	0.753265
0.999824	0.753265	0.999928	0.753114
0.999928	0.753114	0.999973	0.752771
0.999973	0.752771	0.999991	0.753179
0.999991	0.753179	0.999996	0.754030
0.999996	0.754030	1.000000	0.753134
1.000000	0.753134	1.000000	0.752117
1.000000	0.752117	1.000000	0.754679
1.000000	0.754679	1.000000	0.754365
1.000000	0.754365	1.000000	0.753944
1.000000	0.753944	1.000000	0.753824
1.000000	0.753824	1.000000	0.754749
1.000000	0.754749	1.000000	0.754448
1.000000	0.754448	1.000000	0.755206
1.000000	0.755206	1.000000	0.755951
1.000000	0.755951	1.000000	0.755930
1.000000	0.755930	1.000000	0.756181
1.000000	0.756181	1.000000	0.755067
1.000000	0.755067	1.000000	0.753995
1.000000	0.753995	1.000000	0.752826
1.000000	0.752826	1.000000	0.753097
1.000000	0.753097	1.000000	0.753670
1.000000	0.753670	1.000000	0.754605
1.000000	0.754605	1.000000	0.755699
1.000000	0.755699	1.000000	0.755509
1.000000	0.755509	1.000000	0.753986
1.000000	0.753986	1.000000	0.754578
1.000000	0.754578	1.000000	0.755229
1.000000	0.755229	1.000000	0.754704
1.000000	0.754704	1.000000	0.753751
1.000000	0.753751	1.000000	0.753740
1.000000	0.753740	1.000000	0.754354
1.000000	0.754354	1.000000	0.754796
1.000000	0.754796	1.000000	0.755423
1.000000	0.755423	1.000000	0.754886
1.000000	0.754886	1.000000	0.756182
1.000000	0.756182	1.000000	0.755764
1.000000	0.755764	1.000000	0.755952
1.000000	0.755952	1.000000	0.755716
1.000000	0.755716	1.000000	0.753810
1.000000	0.753810	1.000000	0.753894
1.000000	0.753894	1.000000	0.753708
1.000000	0.753708	1.000000	0.753516
1.000000	0.753516	1.000000	0.753722
1.000000	0.753722	1.000000	0.753571
1.000000	0.753571	1.000000	0.754160
1.000000	0.754160	1.000000	0.754316
1.000000	0.754316	1.000000	0.755549
1.000000	0.755549	1.000000	0.756828
1.000000	0.756828	1.000000	0.757447
1.000000	0.757447	1.000000	0.756890
1.000000	0.756890	1.000000	0.756262
1.000000	0.756262	1.000000	0.754805
1.000000	0.754805	1.000000	0.753852
1.000000	0.753852	1.000000	0.755463
1.000000	0.755463	1.000000	0.755296
1.000000	0.755296	1.000000	0.755284
1.000000	0.755284	1.000000	0.755830
1.000000	0.755830	1.000000	0.755119
1.000000	0.755119	1.000000	0.754301
1.000000	0.754301	1.000000	0.753615
1.000000	0.753615	1.000000	0.754490
1.000000	0.754490	1.000000	0.754147
1.000000	0.754147	1.000000	0.753055
1.000000	0.753055	1.000000	0.752867
1.000000	0.752867	1.000000	0.752217
1.000000	0.752217	1.000000	0.753191
1.000000	0.753191	1.000000	0.753147
1.000000	0.753147	1.000000	0.750798
1.000000	0.750798	1.000000	0.751697
1.000000	0.751697	1.000000	0.751955
1.000000	0.751955	1.000000	0.752359
1.000000	0.752359	1.000000	0.750925
1.000000	0.750925	1.000000	0.751044
1.000000	0.751044	1.000000	0.749456
1.000000	0.749456	1.000000	0.749374
1.000000	0.749374	1.000000	0.750288
1.000000	0.750288	1.000000	0.750265
1.000000	0.750265	1.000000	0.750368
1.000000	0.750368	1.000000	0.750906
1.000000	0.750906	1.000000	0.750589
1.000000	0.750589	1.000000	0.751259
1.000000	0.751259	1.000000	0.751421
1.000000	0.751421	1.000000	0.752026
1.000000	0.752026	1.000000	0.751731
1.000000	0.751731	1.000000	0.750860
1.000000	0.750860	1.000000	0.751513
1.000000	0.751513	1.000000	0.750628
1.000000	0.750628	1.000000	0.751633
1.000000	0.751633	1.000000	0.751250
1.000000	0.751250	1.000000	0.752252
1.000000	0.752252	1.000000	0.751761
1.000000	0.751761	1.000000	0.751567
1.000000	0.751567	1.000000	0.751117
1.000000	0.751117	1.000000	0.750841
1.000000	0.750841	1.000000	0.750810
1.000000	0.750810	1.000000	0.750691
1.000000	0.750691	1.000000	0.750321
1.000000	0.750321	1.000000	0.749832
1.000000	0.749832	1.000000	0.749997
1.000000	0.749997	1.000000	0.748974
1.000000	0.748974	1.000000	0.748293
1.000000	0.748293	1.000000	0.748380
1.000000	0.748380	1.000000	0.748353
1.000000	0.748353	1.000000	0.748480
1.000000	0.748480	1.000000	0.748757
1.000000	0.748757	1.000000	0.749514
1.000000	0.749514	1.000000	0.750343
1.000000	0.750343	1.000000	0.750852
1.000000	0.750852	1.000000	0.750551
1.000000	0.750551	1.000000	0.750371
1.000000	0.750371	1.000000	0.750125
1.000000	0.750125	1.000000	0.750385
1.000000	0.750385	1.000000	0.750041
1.000000	0.750041	1.000000	0.749359
1.000000	0.749359	1.000000	0.750307
1.000000	0.750307	1.000000	0.750058
1.000000	0.750058	1.000000	0.750102
1.000000	0.750102	1.000000	0.749745
1.000000	0.749745	1.000000	0.750476
1.000000	0.750476	1.000000	0.751007
1.000000	0.751007	1.000000	0.751208
1.000000	0.751208	1.000000	0.751469
1.000000	0.751469	1.000000	0.751074
1.000000	0.751074	1.000000	0.752380
1.000000	0.752380	1.000000	0.751491
1.000000	0.751491	1.000000	0.751040
1.000000	0.751040	1.000000	0.750794
1.000000	0.750794	1.000000	0.750168
1.000000	0.750168	1.000000	0.748954
1.000000	0.748954	1.000000	0.748571
1.000000	0.748571	1.000000	0.748332
1.000000	0.748332	1.000000	0.747653
1.000000	0.747653	1.000000	0.748076
1.000000	0.748076	1.000000	0.747735
1.000000	0.747735	1.000000	0.746623
1.000000	0.746623	1.000000	0.746568
1.000000	0.746568	1.000000	0.746516
1.000000	0.746516	1.000000	0.746629
1.000000	0.746629	1.000000	0.746913
1.000000	0.746913	1.000000	0.745611
1.000000	0.745611	1.000000	0.746755
1.000000	0.746755	1.000000	0.747851
1.000000	0.747851	1.000000	0.747794
1.000000	0.747794	1.000000	0.747609
1.000000	0.747609	1.000000	0.747913
1.000000	0.747913	1.000000	0.749132
1.000000	0.749132	1.000000	0.748723
1.000000	0.748723	1.000000	0.749442
1.000000	0.749442	1.000000	0.748829
1.000000	0.748829	1.000000	0.749663
1.000000	0.749663	1.000000	0.749645
1.000000	0.749645	1.000000	0.749051
1.000000	0.749051	1.000000	0.747771
1.000000	0.747771	1.000000	0.747013
1.000000	0.747013	1.000000	0.746816
1.000000	0.746816	1.000000	0.747732
1.000000	0.747732	1.000000	0.746935
1.000000	0.746935	1.000000	0.747271
1.000000	0.747271	1.000000	0.748076
1.000000	0.748076	1.000000	0.748365
1.000000	0.748365	1.000000	0.747519
1.000000	0.747519	1.000000	0.746227
1.000000	0.746227	1.000000	0.746897
1.000000	0.746897	1.000000	0.746676
1.000000	0.746676	1.000000	0.746427
1.000000	0.746427	1.000000	0.747342
1.000000	0.747342	1.000000	0.747749
1.000000	0.747749	1.000000	0.747150
1.000000	0.747150	1.000000	0.747571
1.000000	0.747571	1.000000	0.747603
1.000000	0.747603	1.000000	0.748236
1.000000	0.748236	1.000000	0.746824
1.000000	0.746824	1.000000	0.746355
1.000000	0.746355	1.000000	0.745697
1.000000	0.745697	1.000000	0.745511
1.000000	0.745511	1.000000	0.746357
1.000000	0.746357	1.000000	0.745772
1.000000	0.745772	1.000000	0.745578
1.000000	0.745578	1.000000	0.744250
1.000000	0.744250	1.000000	0.743870
1.000000	0.743870	1.000000	0.745169
1.000000	0.745169	1.000000	0.746238
1.000000	0.746238	1.000000	0.746263
1.000000	0.746263	1.000000	0.745678
1.000000	0.745678	1.000000	0.746028
1.000000	0.746028	1.000000	0.746243
1.000000	0.746243	1.000000	0.745993
1.000000	0.745993	1.000000	0.745254
1.000000	0.745254	1.000000	0.743852
1.000000	0.743852	1.000000	0.744580
1.000000	0.744580	1.000000	0.745026
0.300186	0.799349	0.891182	0.809179
0.891182	0.809179	0.984796	0.820440
0.984796	0.820440	0.996948	0.823920
0.996948	0.823920	0.999167	0.825005
0.999167	0.825005	0.999725	0.827437
0.999725	0.827437	0.999915	0.828801
0.999915	0.828801	0.999980	0.828756
0.999980	0.828756	0.999999	0.828637
0.999999	0.828637	1.000000	0.828502
1.000000	0.828502	1.000000	0.828703
1.000000	0.828703	1.000000	0.827678
1.000000	0.827678	1.000000	0.827073
1.000000	0.827073	1.000000	0.825444
1.000000	0.825444	1.000000	0.825448
1.000000	0.825448	1.000000	0.825562
1.000000	0.825562	1.000000	0.824137
1.000000	0.824137	1.000000	0.824150
1.000000	0.824150	1.000000	0.824752
1.000000	0.824752	1.000000	0.824243
1.000000	0.824243	1.000000	0.824494
1.000000	0.824494	1.000000	0.822990
1.000000	0.822990	1.000000	0.822402
1.000000	0.822402	1.000000	0.821950
1.000000	0.821950	1.000000	0.822737
1.000000	0.822737	1.000000	0.822585
1.000000	0.822585	1.000000	0.823073
1.000000	0.823073	1.000000	0.822549
1.000000	0.822549	1.000000	0.822635
1.000000	0.822635	1.000000	0.822068
1.000000	0.822068	1.000000	0.823991
1.000000	0.823991	1.000000	0.824293
1.000000	0.824293	1.000000	0.823715
1.000000	0.823715	1.000000	0.824336
1.000000	0.824336	1.000000	0.823361
1.000000	0.823361	1.000000	0.824391
1.000000	0.824391	1.000000	0.825520
1.000000	0.825520	1.000000	0.825437
1.000000	0.825437	1.000000	0.826734
1.000000	0.826734	1.000000	0.826141
1.000000	0.826141	1.000000	0.825557
1.000000	0.825557	1.000000	0.825183
1.000000	0.825183	1.000000	0.825314
1.000000	0.825314	1.000000	0.825683
1.000000	0.825683	1.000000	0.824899
1.000000	0.824899	1.000000	0.824614
1.000000	0.824614	1.000000	0.825906
1.000000	0.825906	1.000000	0.826816
1.000000	0.826816	1.000000	0.826641
1.000000	0.826641	1.000000	0.827795
1.000000	0.827795	1.000000	0.827843
1.000000	0.827843	1.000000	0.828226
1.000000	0.828226	1.000000	0.827960
1.000000	0.827960	1.000000	0.829192
1.000000	0.829192	1.000000	0.828983
1.000000	0.828983	1.000000	0.828731
1.000000	0.828731	1.000000	0.829681
1.000000	0.829681	1.000000	0.829317
1.000000	0.829317	1.000000	0.829429
1.000000	0.829429	1.000000	0.829047
1.000000	0.829047	1.000000	0.828817
1.000000	0.828817	1.000000	0.827712
1.000000	0.827712	1.000000	0.828686
1.000000	0.828686	1.000000	0.829090
1.000000	0.829090	1.000000	0.828036
1.000000	0.828036	1.000000	0.828141
1.000000	0.828141	1.000000	0.829032
1.000000	0.829032	1.000000	0.828976
1.000000	0.828976	1.000000	0.829041
1.000000	0.829041	1.000000	0.828626
1.000000	0.828626	1.000000	0.828472
1.000000	0.828472	1.000000	0.828359
1.000000	0.828359	1.000000	0.827994
1.000000	0.827994	1.000000	0.827047
1.000000	0.827047	1.000000	0.827580
1.000000	0.827580	1.000000	0.827182
1.000000	0.827182	1.000000	0.826905
1.000000	0.826905	1.000000	0.826947
1.000000	0.826947	1.000000	0.825879
1.000000	0.825879	1.000000	0.826238
1.000000	0.826238	1.000000	0.826161
1.000000	0.826161	1.000000	0.825306
1.000000	0.825306	1.000000	0.826285
1.000000	0.826285	1.000000	0.826984
1.000000	0.826984	1.000000	0.827464
1.000000	0.827464	1.000000	0.827448
1.000000	0.827448	1.000000	0.827581
1.000000	0.827581	1.000000	0.826772
1.000000	0.826772	1.000000	0.827765
1.000000	0.827765	1.000000	0.826615
1.000000	0.826615	1.000000	0.826492
1.000000	0.826492	1.000000	0.828788
1.000000	0.828788	1.000000	0.827346
1.000000	0.827346	1.000000	0.826550
1.000000	0.826550	1.000000	0.826451
1.000000	0.826451	1.000000	0.825881
1.000000	0.825881	1.000000	0.825756
1.000000	0.825756	1.000000	0.826321
1.000000	0.826321	1.000000	0.825800
1.000000	0.825800	1.000000	0.825478
1.000000	0.825478	1.000000	0.825409
1.000000	0.825409	1.000000	0.826188
1.000000	0.826188	1.000000	0.825211
1.000000	0.825211	1.000000	0.824180
1.000000	0.824180	1.000000	0.823506
1.000000	0.823506	1.000000	0.824070
1.000000	0.824070	1.000000	0.824957
1.000000	0.824957	1.000000	0.823964
1.000000	0.823964	1.000000	0.823938
1.000000	0.823938	1.000000	0.823171
1.000000	0.823171	1.000000	0.824430
1.000000	0.824430	1.000000	0.824449
1.000000	0.824449	1.000000	0.824453
1.000000	0.824453	1.000000	0.823516
1.000000	0.823516	1.000000	0.823229
1.000000	0.823229	1.000000	0.822531
1.000000	0.822531	1.000000	0.821410
1.000000	0.821410	1.000000	0.821214
1.000000	0.821214	1.000000	0.821196
1.000000	0.821196	1.000000	0.821340
1.000000	0.821340	1.000000	0.821168
1.000000	0.821168	1.000000	0.822087
1.000000	0.822087	1.000000	0.821507
1.000000	0.821507	1.000000	0.822351
1.000000	0.822351	1.000000	0.821933
1.000000	0.821933	1.000000	0.823342
1.000000	0.823342	1.000000	0.824544
1.000000	0.824544	1.000000	0.824802
1.000000	0.824802	1.000000	0.824314
1.000000	0.824314	1.000000	0.823845
1.000000	0.823845	1.000000	0.823971
1.000000	0.823971	1.000000	0.823496
1.000000	0.823496	1.000000	0.823244
1.000000	0.823244	1.000000	0.822532
1.000000	0.822532	1.000000	0.821846
1.000000	0.821846	1.000000	0.821884
1.000000	0.821884	1.000000	0.822098
1.000000	0.822098	1.000000	0.822398
1.000000	0.822398	1.000000	0.822213
1.000000	0.822213	1.000000	0.822349
1.000000	0.822349	1.000000	0.822709
1.000000	0.822709	1.000000	0.822651
1.000000	0.822651	1.000000	0.822532
1.000000	0.822532	1.000000	0.822195
1.000000	0.822195	1.000000	0.823070
1.000000	0.823070	1.000000	0.823395
1.000000	0.823395	1.000000	0.823547
1.000000	0.823547	1.000000	0.822457
1.000000	0.822457	1.000000	0.821718
1.000000	0.821718	1.000000	0.822224
1.000000	0.822224	1.000000	0.822399
1.000000	0.822399	1.000000	0.822563
1.000000	0.822563	1.000000	0.822289
1.000000	0.822289	1.000000	0.822528
1.000000	0.822528	1.000000	0.823057
1.000000	0.823057	1.000000	0.823010
1.000000	0.823010	1.000000	0.823120
1.000000	0.823120	1.000000	0.824531
1.000000	0.824531	1.000000	0.823555
1.000000	0.823555	1.000000	0.823373
1.000000	0.823373	1.000000	0.823771
1.000000	0.823771	1.000000	0.822680
1.000000	0.822680	1.000000	0.820395
1.000000	0.820395	1.000000	0.819714
1.000000	0.819714	1.000000	0.819603
1.000000	0.819603	1.000000	0.819417
1.000000	0.819417	1.000000	0.819253
1.000000	0.819253	1.000000	0.819825
1.000000	0.819825	1.000000	0.819150
1.000000	0.819150	1.000000	0.818686
1.000000	0.818686	1.000000	0.818829
1.000000	0.818829	1.000000	0.818380
1.000000	0.818380	1.000000	0.818628
1.000000	0.818628	1.000000	0.818566
1.000000	0.818566	1.000000	0.818640
1.000000	0.818640	1.000000	0.818404
1.000000	0.818404	1.000000	0.819703
1.000000	0.819703	1.000000	0.817215
1.000000	0.817215	1.000000	0.817452
1.000000	0.817452	1.000000	0.817632
1.000000	0.817632	1.000000	0.817046
1.000000	0.817046	1.000000	0.816847
1.000000	0.816847	1.000000	0.816808
1.000000	0.816808	1.000000	0.816553
1.000000	0.816553	1.000000	0.816802
1.000000	0.816802	1.000000	0.816505
1.000000	0.816505	1.000000	0.815822
1.000000	0.815822	1.000000	0.815438
1.000000	0.815438	1.000000	0.815511
1.000000	0.815511	1.000000	0.816902
1.000000	0.816902	1.000000	0.816069
1.000000	0.816069	1.000000	0.815830
1.000000	0.815830	1.000000	0.815187
1.000000	0.815187	1.000000	0.814258
1.000000	0.814258	1.000000	0.814509
1.000000	0.814509	1.000000	0.814871
1.000000	0.814871	1.000000	0.814640
1.000000	0.814640	1.000000	0.814457
1.000000	0.814457	1.000000	0.815081
1.000000	0.815081	1.000000	0.815174
0.300498	0.900063	0.925957	0.906352
0.925957	0.906352	0.993788	0.911951
0.993788	0.911951	0.999278	0.913706
0.999278	0.913706	0.999947	0.914108
0.999947	0.914108	0.999989	0.914278
0.999989	0.914278	0.999995	0.913763
0.999995	0.913763	1.000000	0.914919
1.000000	0.914919	1.000000	0.914778
1.000000	0.914778	1.000000	0.914531
1.000000	0.914531	1.000000	0.914436
1.000000	0.914436	1.000000	0.914688
1.000000	0.914688	1.000000	0.915468
1.000000	0.915468	1.000000	0.916164
1.000000	0.916164	1.000000	0.916460
1.000000	0.916460	1.000000	0.916967
1.000000	0.916967	1.000000	0.917894
1.000000	0.917894	1.000000	0.918164
1.000000	0.918164	1.000000	0.918481
1.000000	0.918481	1.000000	0.917215
1.000000	0.917215	1.000000	0.917593
1.000000	0.917593	1.000000	0.918209
1.000000	0.918209	1.000000	0.918949
1.000000	0.918949	1.000000	0.919055
1.000000	0.919055	1.000000	0.919016
1.000000	0.919016	1.000000	0.918423
1.000000	0.918423	1.000000	0.917140
1.000000	0.917140	1.000000	0.916736
1.000000	0.916736	1.000000	0.916554
1.000000	0.916554	1.000000	0.916418
1.000000	0.916418	1.000000	0.916782
1.000000	0.916782	1.000000	0.917098
1.000000	0.917098	1.000000	0.918877
1.000000	0.918877	1.000000	0.918436
1.000000	0.918436	1.000000	0.918560
1.000000	0.918560	1.000000	0.918008
1.000000	0.918008	1.000000	0.917865
1.000000	0.917865	1.000000	0.918672
1.000000	0.918672	1.000000	0.917920
1.000000	0.917920	1.000000	0.918315
1.000000	0.918315	1.000000	0.918438
1.000000	0.918438	1.000000	0.918374
1.000000	0.918374	1.000000	0.918373
1.000000	0.918373	1.000000	0.918716
1.000000	0.918716	1.000000	0.917775
1.000000	0.917775	1.000000	0.917028
1.000000	0.917028	1.000000	0.917930
1.000000	0.917930	1.000000	0.918707
1.000000	0.918707	1.000000	0.919484
1.000000	0.919484	1.000000	0.919040
1.000000	0.919040	1.000000	0.918018
1.000000	0.918018	1.000000	0.917664
1.000000	0.917664	1.000000	0.917777
1.000000	0.917777	1.000000	0.917034
1.000000	0.917034	1.000000	0.917025
1.000000	0.917025	1.000000	0.916819
1.000000	0.916819	1.000000	0.916730
1.000000	0.916730	1.000000	0.917533
1.000000	0.917533	1.000000	0.917739
1.000000	0.917739	1.000000	0.917732
1.000000	0.917732	1.000000	0.917203
1.000000	0.917203	1.000000	0.917490
1.000000	0.917490	1.000000	0.917314
1.000000	0.917314	1.000000	0.917658
1.000000	0.917658	1.000000	0.917209
1.000000	0.917209	1.000000	0.916858
1.000000	0.916858	1.000000	0.917248
1.000000	0.917248	1.000000	0.917335
1.000000	0.917335	1.000000	0.918065
1.000000	0.918065	1.000000	0.918233
1.000000	0.918233	1.000000	0.917985
1.000000	0.917985	1.000000	0.918357
1.000000	0.918357	1.000000	0.917431
1.000000	0.917431	1.000000	0.917234
1.000000	0.917234	1.000000	0.916506
1.000000	0.916506	1.000000	0.916899
1.000000	0.916899	1.000000	0.917246
1.000000	0.917246	1.000000	0.917554
1.000000	0.917554	1.000000	0.917473
1.000000	0.917473	1.000000	0.916896
1.000000	0.916896	1.000000	0.917355
1.000000	0.917355	1.000000	0.917103
1.000000	0.917103	1.000000	0.916121
1.000000	0.916121	1.000000	0.916381
1.000000	0.916381	1.000000	0.916398
1.000000	0.916398	1.000000	0.915674
1.000000	0.915674	1.000000	0.915530
1.000000	0.915530	1.000000	0.915375
1.000000	0.915375	1.000000	0.915996
1.000000	0.915996	1.000000	0.915645
1.000000	0.915645	1.000000	0.915564
1.000000	0.915564	1.000000	0.915856
1.000000	0.915856	1.000000	0.916025
1.000000	0.916025	1.000000	0.916315
1.000000	0.916315	1.000000	0.916490
1.000000	0.916490	1.000000	0.916261
1.000000	0.916261	1.000000	0.916473
1.000000	0.916473	1.000000	0.916793
1.000000	0.916793	1.000000	0.916488
1.000000	0.916488	1.000000	0.915909
1.000000	0.915909	1.000000	0.916013
1.000000	0.916013	1.000000	0.916964
1.000000	0.916964	1.000000	0.916420
1.000000	0.916420	1.000000	0.917107
1.000000	0.917107	1.000000	0.917830
1.000000	0.917830	1.000000	0.918008
1.000000	0.918008	1.000000	0.918507
1.000000	0.918507	1.000000	0.917890
1.000000	0.917890	1.000000	0.917427
1.000000	0.917427	1.000000	0.917543
1.000000	0.917543	1.000000	0.917201
1.000000	0.917201	1.000000	0.916886
1.000000	0.916886	1.000000	0.916137
1.000000	0.916137	1.000000	0.916377
1.000000	0.916377	1.000000	0.915724
1.000000	0.915724	1.000000	0.916385
1.000000	0.916385	1.000000	0.917463
1.000000	0.917463	1.000000	0.917218
1.000000	0.917218	1.000000	0.917305
1.000000	0.917305	1.000000	0.916734
1.000000	0.916734	1.000000	0.916545
1.000000	0.916545	1.000000	0.917577
1.000000	0.917577	1.000000	0.917445
1.000000	0.917445	1.000000	0.916880
1.000000	0.916880	1.000000	0.916603
1.000000	0.916603	1.000000	0.915975
1.000000	0.915975	1.000000	0.915913
1.000000	0.915913	1.000000	0.914646
1.000000	0.914646	1.000000	0.914138
1.000000	0.914138	1.000000	0.913976
1.000000	0.913976	1.000000	0.914073
1.000000	0.914073	1.000000	0.913801
1.000000	0.913801	1.000000	0.913144
1.000000	0.913144	1.000000	0.912846
1.000000	0.912846	1.000000	0.912760
1.000000	0.912760	1.000000	0.912208
1.000000	0.912208	1.000000	0.912275
1.000000	0.912275	1.000000	0.911724
1.000000	0.911724	1.000000	0.910815
1.000000	0.910815	1.000000	0.911375
1.000000	0.911375	1.000000	0.910578
1.000000	0.910578	1.000000	0.910304
1.000000	0.910304	1.000000	0.910423
1.000000	0.910423	1.000000	0.910345
1.000000	0.910345	1.000000	0.909637
1.000000	0.909637	1.000000	0.910152
1.000000	0.910152	1.000000	0.909341
1.000000	0.909341	1.000000	0.909132
1.000000	0.909132	1.000000	0.909313
1.000000	0.909313	1.000000	0.909477
1.000000	0.909477	1.000000	0.909675
1.000000	0.909675	1.000000	0.908181
1.000000	0.908181	1.000000	0.909001
1.000000	0.909001	1.000000	0.908948
1.000000	0.908948	1.000000	0.908595
1.000000	0.908595	1.000000	0.909135
1.000000	0.909135	1.000000	0.909331
1.000000	0.909331	1.000000	0.908685
1.000000	0.908685	1.000000	0.908873
1.000000	0.908873	1.000000	0.908180
1.000000	0.908180	1.000000	0.907819
1.000000	0.907819	1.000000	0.907346
1.000000	0.907346	1.000000	0.907598
1.000000	0.907598	1.000000	0.907032
1.000000	0.907032	1.000000	0.907287
1.000000	0.907287	1.000000	0.906861
1.000000	0.906861	1.000000	0.907123
1.000000	0.907123	1.000000	0.907120
1.000000	0.907120	1.000000	0.907004
1.000000	0.907004	1.000000	0.906158
1.000000	0.906158	1.000000	0.907130
1.000000	0.907130	1.000000	0.906830
1.000000	0.906830	1.000000	0.905980
1.000000	0.905980	1.000000	0.905506
1.000000	0.905506	1.000000	0.904476
1.000000	0.904476	1.000000	0.904475
1.000000	0.904475	1.000000	0.904122
1.000000	0.904122	1.000000	0.903743
1.000000	0.903743	1.000000	0.904034
1.000000	0.904034	1.000000	0.904075
1.000000	0.904075	1.000000	0.903861
1.000000	0.903861	1.000000	0.903834
1.000000	0.903834	1.000000	0.904557
1.000000	0.904557	1.000000	0.903912
1.000000	0.903912	1.000000	0.903125
1.000000	0.903125	1.000000	0.903590
1.000000	0.903590	1.000000	0.903886
1.000000	0.903886	1.000000	0.903831
1.000000	0.903831	1.000000	0.904296
1.000000	0.904296	1.000000	0.903919
1.000000	0.903919	1.000000	0.904076
1.000000	0.904076	1.000000	0.903876
1.000000	0.903876	1.000000	0.903923
1.000000	0.903923	1.000000	0.903429
1.000000	0.903429	1.000000	0.902566
1.000000	0.902566	1.000000	0.903208
1.000000	0.903208	1.000000	0.902860
1.000000	0.902860	1.000000	0.904187
1.000000	0.904187	1.000000	0.903682
1.000000	0.903682	1.000000	0.904177
