0.299422	0.100076	0.156528	0.098395
0.156528	0.098395	0.090168	0.096161
0.090168	0.096161	0.059159	0.094544
0.059159	0.094544	0.045041	0.090832
0.045041	0.090832	0.038165	0.088062
0.038165	0.088062	0.035292	0.083766
0.035292	0.083766	0.034445	0.079874
0.034445	0.079874	0.033258	0.075959
0.033258	0.075959	0.033221	0.071862
0.033221	0.071862	0.032650	0.067695
0.032650	0.067695	0.031825	0.063334
0.031825	0.063334	0.031513	0.059759
0.031513	0.059759	0.030981	0.056096
0.030981	0.056096	0.030232	0.052150
0.030232	0.052150	0.029383	0.048591
0.029383	0.048591	0.028823	0.045480
0.028823	0.045480	0.027809	0.042116
0.027809	0.042116	0.026953	0.039429
0.026953	0.039429	0.025593	0.036470
0.025593	0.036470	0.024462	0.033364
0.024462	0.033364	0.023211	0.031287
0.023211	0.031287	0.021554	0.028471
0.021554	0.028471	0.020813	0.026709
0.020813	0.026709	0.019652	0.024988
0.019652	0.024988	0.018205	0.022706
0.018205	0.022706	0.017181	0.021374
0.017181	0.021374	0.016072	0.019835
0.016072	0.019835	0.014947	0.018451
0.014947	0.018451	0.013878	0.016955
0.013878	0.016955	0.013064	0.016000
0.013064	0.016000	0.012002	0.014710
0.012002	0.014710	0.011250	0.013591
0.011250	0.013591	0.010473	0.012527
0.010473	0.012527	0.009946	0.011796
0.009946	0.011796	0.009088	0.010762
0.009088	0.010762	0.008542	0.010162
0.008542	0.010162	0.007974	0.009489
0.007974	0.009489	0.007322	0.008785
0.007322	0.008785	0.006739	0.008175
0.006739	0.008175	0.006257	0.007608
0.006257	0.007608	0.005783	0.007156
0.005783	0.007156	0.005394	0.006893
0.005394	0.006893	0.005155	0.006639
0.005155	0.006639	0.004887	0.006318
0.004887	0.006318	0.004445	0.005902
0.004445	0.005902	0.004064	0.005443
0.004064	0.005443	0.003698	0.004997
0.003698	0.004997	0.003534	0.004723
0.003534	0.004723	0.003344	0.004504
0.003344	0.004504	0.003176	0.004369
0.003176	0.004369	0.002903	0.004142
0.002903	0.004142	0.002690	0.003999
0.002690	0.003999	0.002578	0.003975
0.002578	0.003975	0.002338	0.003704
0.002338	0.003704	0.002208	0.003596
0.002208	0.003596	0.002096	0.003560
0.002096	0.003560	0.001993	0.003369
0.001993	0.003369	0.001909	0.003298
0.001909	0.003298	0.001741	0.003101
0.001741	0.003101	0.001625	0.003023
0.001625	0.003023	0.001581	0.002947
0.001581	0.002947	0.001457	0.002913
0.001457	0.002913	0.001297	0.002723
0.001297	0.002723	0.001172	0.002313
0.001172	0.002313	0.001045	0.002250
0.001045	0.002250	0.000971	0.002254
0.000971	0.002254	0.000885	0.002207
0.000885	0.002207	0.000804	0.002066
0.000804	0.002066	0.000838	0.002117
0.000838	0.002117	0.000853	0.002141
0.000853	0.002141	0.000840	0.002121
0.000840	0.002121	0.000727	0.002018
0.000727	0.002018	0.000616	0.002035
0.000616	0.002035	0.000581	0.001915
0.000581	0.001915	0.000570	0.001932
0.000570	0.001932	0.000484	0.001879
0.000484	0.001879	0.000467	0.001932
0.000467	0.001932	0.000401	0.001877
0.000401	0.001877	0.000269	0.001749
0.000269	0.001749	0.000216	0.001665
0.000216	0.001665	0.000160	0.001567
0.000160	0.001567	0.000144	0.001571
0.000144	0.001571	0.000100	0.001455
0.000100	0.001455	0.000088	0.001435
0.000088	0.001435	0.000077	0.001617
0.000077	0.001617	0.000069	0.001627
0.000069	0.001627	0.000067	0.001524
0.000067	0.001524	0.000043	0.001536
0.000043	0.001536	0.000031	0.001613
0.000031	0.001613	0.000012	0.001583
0.000012	0.001583	0.000005	0.001503
0.000005	0.001503	0.000000	0.001508
0.000000	0.001508	0.000000	0.001544
0.000000	0.001544	0.000000	0.001598
0.000000	0.001598	0.000000	0.001597
0.000000	0.001597	0.000000	0.001648
0.000000	0.001648	0.000000	0.001663
0.000000	0.001663	0.000000	0.001638
0.000000	0.001638	0.000000	0.001643
0.000000	0.001643	0.000000	0.001694
0.000000	0.001694	0.000000	0.001628
0.000000	0.001628	0.000000	0.001568
0.000000	0.001568	0.000000	0.001542
0.000000	0.001542	0.000000	0.001528
0.000000	0.001528	0.000000	0.001540
0.000000	0.001540	0.000000	0.001434
0.000000	0.001434	0.000000	0.001510
0.000000	0.001510	0.000000	0.001543
0.000000	0.001543	0.000000	0.001636
0.000000	0.001636	0.000000	0.001769
0.000000	0.001769	0.000000	0.001814
0.000000	0.001814	0.000000	0.001845
0.000000	0.001845	0.000000	0.001907
0.000000	0.001907	0.000000	0.001901
0.000000	0.001901	0.000000	0.001833
0.000000	0.001833	0.000000	0.001704
0.000000	0.001704	0.000000	0.001803
0.000000	0.001803	0.000000	0.001864
0.000000	0.001864	0.000000	0.001809
0.000000	0.001809	0.000000	0.001766
0.000000	0.001766	0.000000	0.001806
0.000000	0.001806	0.000000	0.001684
0.000000	0.001684	0.000000	0.001729
0.000000	0.001729	0.000000	0.001746
0.000000	0.001746	0.000000	0.001919
0.000000	0.001919	0.000000	0.001785
0.000000	0.001785	0.000000	0.001804
0.000000	0.001804	0.000000	0.001736
0.000000	0.001736	0.000000	0.001842
0.000000	0.001842	0.000000	0.001955
0.000000	0.001955	0.000000	0.002008
0.000000	0.002008	0.000000	0.001874
0.000000	0.001874	0.000000	0.001892
0.000000	0.001892	0.000000	0.001818
0.000000	0.001818	0.000000	0.001752
0.000000	0.001752	0.000000	0.001775
0.000000	0.001775	0.000000	0.001774
0.000000	0.001774	0.000000	0.001828
0.000000	0.001828	0.000000	0.001642
0.000000	0.001642	0.000000	0.001679
0.000000	0.001679	0.000000	0.001666
0.000000	0.001666	0.000000	0.001614
0.000000	0.001614	0.000000	0.001512
0.000000	0.001512	0.000000	0.001487
0.000000	0.001487	0.000000	0.001506
0.000000	0.001506	0.000000	0.001560
0.000000	0.001560	0.000000	0.001580
0.000000	0.001580	0.000000	0.001480
0.000000	0.001480	0.000000	0.001494
0.000000	0.001494	0.000000	0.001545
0.000000	0.001545	0.000000	0.001545
0.000000	0.001545	0.000000	0.001671
0.000000	0.001671	0.000000	0.001732
0.000000	0.001732	0.000000	0.001854
0.000000	0.001854	0.000000	0.001833
0.000000	0.001833	0.000000	0.001834
0.000000	0.001834	0.000000	0.001989
0.000000	0.001989	0.000000	0.001982
0.000000	0.001982	0.000000	0.002019
0.000000	0.002019	0.000000	0.002026
0.000000	0.002026	0.000000	0.002130
0.000000	0.002130	0.000000	0.002105
0.000000	0.002105	0.000000	0.002023
0.000000	0.002023	0.000000	0.001955
0.000000	0.001955	0.000000	0.002047
0.000000	0.002047	0.000000	0.001902
0.000000	0.001902	0.000000	0.001873
0.000000	0.001873	0.000000	0.001778
0.000000	0.001778	0.000000	0.001803
0.000000	0.001803	0.000000	0.001856
0.000000	0.001856	0.000000	0.001854
0.000000	0.001854	0.000000	0.001795
0.000000	0.001795	0.000000	0.001992
0.000000	0.001992	0.000000	0.002025
0.000000	0.002025	0.000000	0.001979
0.000000	0.001979	0.000000	0.002174
0.000000	0.002174	0.000000	0.002222
0.000000	0.002222	0.000000	0.002168
0.000000	0.002168	0.000000	0.002299
0.000000	0.002299	0.000000	0.002219
0.000000	0.002219	0.000000	0.002203
0.000000	0.002203	0.000000	0.002366
0.000000	0.002366	0.000000	0.002379
0.000000	0.002379	0.000000	0.002334
0.000000	0.002334	0.000000	0.002133
0.000000	0.002133	0.000000	0.002292
0.000000	0.002292	0.000000	0.002254
0.000000	0.002254	0.000000	0.002234
0.000000	0.002234	0.000000	0.002316
0.000000	0.002316	0.000000	0.002419
0.000000	0.002419	0.000000	0.002332
0.000000	0.002332	0.000000	0.002575
0.000000	0.002575	0.000000	0.002600
0.000000	0.002600	0.000000	0.002611
0.000000	0.002611	0.000000	0.002631
0.000000	0.002631	0.000000	0.002707
0.000000	0.002707	0.000000	0.002837
0.000000	0.002837	0.000000	0.002809
0.000000	0.002809	0.000000	0.002717
0.300631	0.199933	0.213552	0.200527
0.213552	0.200527	0.165523	0.199432
0.165523	0.199432	0.139687	0.198170
0.139687	0.198170	0.125973	0.195176
0.125973	0.195176	0.121344	0.191335
0.121344	0.191335	0.120313	0.186358
0.120313	0.186358	0.122575	0.182934
0.122575	0.182934	0.124958	0.179018
0.124958	0.179018	0.126501	0.173784
0.126501	0.173784	0.127268	0.168030
0.127268	0.168030	0.128705	0.162975
0.128705	0.162975	0.129444	0.158319
0.129444	0.158319	0.128530	0.152797
0.128530	0.152797	0.127069	0.147168
0.127069	0.147168	0.125537	0.141743
0.125537	0.141743	0.122883	0.136416
0.122883	0.136416	0.119921	0.131487
0.119921	0.131487	0.117703	0.127154
0.117703	0.127154	0.114189	0.122180
0.114189	0.122180	0.109786	0.116454
0.109786	0.116454	0.107032	0.112795
0.107032	0.112795	0.103382	0.108277
0.103382	0.108277	0.099352	0.103331
0.099352	0.103331	0.095676	0.099269
0.095676	0.099269	0.091806	0.094847
0.091806	0.094847	0.088806	0.091413
0.088806	0.091413	0.084978	0.087456
0.084978	0.087456	0.082026	0.084139
0.082026	0.084139	0.078736	0.080564
0.078736	0.080564	0.075314	0.077017
0.075314	0.077017	0.071708	0.073313
0.071708	0.073313	0.068615	0.070191
0.068615	0.070191	0.065505	0.066964
0.065505	0.066964	0.062728	0.063965
0.062728	0.063965	0.060467	0.061683
0.060467	0.061683	0.057697	0.058907
0.057697	0.058907	0.055315	0.056311
0.055315	0.056311	0.053281	0.054225
0.053281	0.054225	0.050902	0.051975
0.050902	0.051975	0.048474	0.049537
0.048474	0.049537	0.046121	0.047264
0.046121	0.047264	0.044047	0.045197
0.044047	0.045197	0.042872	0.044107
0.042872	0.044107	0.041080	0.042357
0.041080	0.042357	0.039089	0.040453
0.039089	0.040453	0.037799	0.039333
0.037799	0.039333	0.036256	0.037808
0.036256	0.037808	0.034760	0.036158
0.034760	0.036158	0.033518	0.035039
0.033518	0.035039	0.032243	0.033796
0.032243	0.033796	0.031138	0.032667
0.031138	0.032667	0.030043	0.031523
0.030043	0.031523	0.028853	0.030282
0.028853	0.030282	0.027735	0.029236
0.027735	0.029236	0.026643	0.028163
0.026643	0.028163	0.025803	0.027275
0.025803	0.027275	0.024663	0.026208
0.024663	0.026208	0.023825	0.025342
0.023825	0.025342	0.022851	0.024308
0.022851	0.024308	0.022086	0.023614
0.022086	0.023614	0.021361	0.022854
0.021361	0.022854	0.020308	0.021915
0.020308	0.021915	0.019411	0.020869
0.019411	0.020869	0.018778	0.020197
0.018778	0.020197	0.018006	0.019278
0.018006	0.019278	0.017533	0.018692
0.017533	0.018692	0.016829	0.018030
0.016829	0.018030	0.016282	0.017511
0.016282	0.017511	0.015635	0.016806
0.015635	0.016806	0.014962	0.016094
0.014962	0.016094	0.014503	0.015645
0.014503	0.015645	0.013808	0.014986
0.013808	0.014986	0.013434	0.014624
0.013434	0.014624	0.013056	0.014128
0.013056	0.014128	0.012599	0.013711
0.012599	0.013711	0.012222	0.013449
0.012222	0.013449	0.011895	0.013169
0.011895	0.013169	0.011515	0.012791
0.011515	0.012791	0.011149	0.012407
0.011149	0.012407	0.010736	0.012079
0.010736	0.012079	0.010332	0.011682
0.010332	0.011682	0.010006	0.011216
0.010006	0.011216	0.009600	0.010768
0.009600	0.010768	0.009309	0.010389
0.009309	0.010389	0.008938	0.010120
0.008938	0.010120	0.008564	0.009757
0.008564	0.009757	0.008287	0.009373
0.008287	0.009373	0.007857	0.009011
0.007857	0.009011	0.007604	0.008690
0.007604	0.008690	0.007260	0.008383
0.007260	0.008383	0.006944	0.008071
0.006944	0.008071	0.006663	0.007830
0.006663	0.007830	0.006291	0.007438
0.006291	0.007438	0.006044	0.007204
0.006044	0.007204	0.005840	0.006919
0.005840	0.006919	0.005628	0.006703
0.005628	0.006703	0.005368	0.006396
0.005368	0.006396	0.005206	0.006125
0.005206	0.006125	0.004990	0.005931
0.004990	0.005931	0.004796	0.005676
0.004796	0.005676	0.004554	0.005451
0.004554	0.005451	0.004469	0.005422
0.004469	0.005422	0.004127	0.005071
0.004127	0.005071	0.003958	0.004899
0.003958	0.004899	0.003792	0.004643
0.003792	0.004643	0.003574	0.004377
0.003574	0.004377	0.003490	0.004303
0.003490	0.004303	0.003279	0.004224
0.003279	0.004224	0.003124	0.004074
0.003124	0.004074	0.002933	0.003893
0.002933	0.003893	0.002802	0.003735
0.002802	0.003735	0.002672	0.003568
0.002672	0.003568	0.002673	0.003628
0.002673	0.003628	0.002553	0.003505
0.002553	0.003505	0.002382	0.003377
0.002382	0.003377	0.002321	0.003362
0.002321	0.003362	0.002189	0.003188
0.002189	0.003188	0.002067	0.003075
0.002067	0.003075	0.001961	0.003012
0.001961	0.003012	0.001816	0.002793
0.001816	0.002793	0.001631	0.002583
0.001631	0.002583	0.001551	0.002520
0.001551	0.002520	0.001546	0.002542
0.001546	0.002542	0.001431	0.002424
0.001431	0.002424	0.001370	0.002241
0.001370	0.002241	0.001326	0.002233
0.001326	0.002233	0.001195	0.002110
0.001195	0.002110	0.001077	0.002009
0.001077	0.002009	0.001034	0.001905
0.001034	0.001905	0.001014	0.001931
0.001014	0.001931	0.001002	0.001981
0.001002	0.001981	0.000939	0.001950
0.000939	0.001950	0.000938	0.002017
0.000938	0.002017	0.000873	0.002053
0.000873	0.002053	0.000765	0.001869
0.000765	0.001869	0.000724	0.001889
0.000724	0.001889	0.000625	0.001765
0.000625	0.001765	0.000641	0.001761
0.000641	0.001761	0.000595	0.001631
0.000595	0.001631	0.000578	0.001639
0.000578	0.001639	0.000559	0.001770
0.000559	0.001770	0.000529	0.001683
0.000529	0.001683	0.000508	0.001573
0.000508	0.001573	0.000536	0.001718
0.000536	0.001718	0.000500	0.001711
0.000500	0.001711	0.000507	0.001740
0.000507	0.001740	0.000471	0.001702
0.000471	0.001702	0.000449	0.001765
0.000449	0.001765	0.000411	0.001616
0.000411	0.001616	0.000384	0.001635
0.000384	0.001635	0.000369	0.001535
0.000369	0.001535	0.000295	0.001407
0.000295	0.001407	0.000236	0.001305
0.000236	0.001305	0.000210	0.001223
0.000210	0.001223	0.000161	0.001150
0.000161	0.001150	0.000152	0.001264
0.000152	0.001264	0.000153	0.001287
0.000153	0.001287	0.000152	0.001213
0.000152	0.001213	0.000122	0.001185
0.000122	0.001185	0.000083	0.001098
0.000083	0.001098	0.000075	0.001070
0.000075	0.001070	0.000081	0.001076
0.000081	0.001076	0.000079	0.001030
0.000079	0.001030	0.000071	0.000977
0.000071	0.000977	0.000061	0.000974
0.000061	0.000974	0.000066	0.000968
0.000066	0.000968	0.000060	0.000934
0.000060	0.000934	0.000038	0.000896
0.000038	0.000896	0.000031	0.000948
0.000031	0.000948	0.000022	0.000835
0.000022	0.000835	0.000007	0.000847
0.000007	0.000847	0.000011	0.000779
0.000011	0.000779	0.000004	0.000786
0.000004	0.000786	0.000000	0.000805
0.000000	0.000805	0.000000	0.000782
0.000000	0.000782	0.000000	0.000822
0.000000	0.000822	0.000000	0.000747
0.000000	0.000747	0.000000	0.000718
0.000000	0.000718	0.000000	0.000732
0.000000	0.000732	0.000000	0.000732
0.000000	0.000732	0.000000	0.000662
0.000000	0.000662	0.000000	0.000659
0.000000	0.000659	0.000000	0.000701
0.000000	0.000701	0.000000	0.000685
0.000000	0.000685	0.000000	0.000712
0.000000	0.000712	0.000000	0.000719
0.000000	0.000719	0.000000	0.000736
0.000000	0.000736	0.000000	0.000591
0.000000	0.000591	0.000000	0.000525
0.000000	0.000525	0.000000	0.000555
0.000000	0.000555	0.000000	0.000611
0.000000	0.000611	0.000000	0.000602
0.000000	0.000602	0.000000	0.000636
0.000000	0.000636	0.000000	0.000577
0.000000	0.000577	0.000000	0.000499
0.000000	0.000499	0.000000	0.000523
0.000000	0.000523	0.000000	0.000468
0.000000	0.000468	0.000000	0.000425
0.000000	0.000425	0.000000	0.000448
0.300846	0.299991	0.273578	0.301073
0.273578	0.301073	0.256410	0.302596
0.256410	0.302596	0.249505	0.304698
0.249505	0.304698	0.248725	0.304880
0.248725	0.304880	0.251946	0.304534
0.251946	0.304534	0.257104	0.304333
0.257104	0.304333	0.263847	0.304194
0.263847	0.304194	0.271020	0.303126
0.271020	0.303126	0.277337	0.302354
0.277337	0.302354	0.281520	0.300856
0.281520	0.300856	0.284553	0.299180
0.284553	0.299180	0.286014	0.297585
0.286014	0.297585	0.287731	0.295901
0.287731	0.295901	0.287710	0.293350
0.287710	0.293350	0.286616	0.290484
0.286616	0.290484	0.285704	0.288072
0.285704	0.288072	0.283110	0.285005
0.283110	0.285005	0.280341	0.281519
0.280341	0.281519	0.276867	0.277839
0.276867	0.277839	0.272836	0.273547
0.272836	0.273547	0.269733	0.270116
0.269733	0.270116	0.266148	0.266386
0.266148	0.266386	0.262824	0.262968
0.262824	0.262968	0.258534	0.258572
0.258534	0.258572	0.254597	0.254689
0.254597	0.254689	0.249007	0.249118
0.249007	0.249118	0.244821	0.244847
0.244821	0.244847	0.240575	0.240682
0.240575	0.240682	0.236884	0.236979
0.236884	0.236979	0.231913	0.231985
0.231913	0.231985	0.227403	0.227494
0.227403	0.227494	0.223388	0.223340
0.223388	0.223340	0.219108	0.219122
0.219108	0.219122	0.215004	0.215080
0.215004	0.215080	0.211251	0.211207
0.211251	0.211207	0.206911	0.206860
0.206911	0.206860	0.202837	0.202850
0.202837	0.202850	0.198815	0.198812
0.198815	0.198812	0.195194	0.195234
0.195194	0.195234	0.191834	0.191886
0.191834	0.191886	0.188414	0.188437
0.188414	0.188437	0.184423	0.184406
0.184423	0.184406	0.180150	0.180132
0.180150	0.180132	0.176346	0.176307
0.176346	0.176307	0.172879	0.172856
0.172879	0.172856	0.168408	0.168383
0.168408	0.168383	0.165312	0.165356
0.165312	0.165356	0.162214	0.162286
0.162214	0.162286	0.159057	0.159095
0.159057	0.159095	0.156598	0.156670
0.156598	0.156670	0.152996	0.153073
0.152996	0.153073	0.149500	0.149593
0.149500	0.149593	0.146606	0.146686
0.146606	0.146686	0.143241	0.143363
0.143241	0.143363	0.140173	0.140314
0.140173	0.140314	0.137230	0.137336
0.137230	0.137336	0.134496	0.134601
0.134496	0.134601	0.131907	0.132030
0.131907	0.132030	0.129359	0.129480
0.129359	0.129480	0.126842	0.126912
0.126842	0.126912	0.124265	0.124304
0.124265	0.124304	0.120583	0.120615
0.120583	0.120615	0.117696	0.117736
0.117696	0.117736	0.115153	0.115190
0.115153	0.115190	0.112800	0.112839
0.112800	0.112839	0.110145	0.110213
0.110145	0.110213	0.107705	0.107764
0.107705	0.107764	0.105937	0.105990
0.105937	0.105990	0.103656	0.103726
0.103656	0.103726	0.101085	0.101181
0.101085	0.101181	0.098912	0.099013
0.098912	0.099013	0.097130	0.097224
0.097130	0.097224	0.095064	0.095126
0.095064	0.095126	0.092519	0.092606
0.092519	0.092606	0.090297	0.090413
0.090297	0.090413	0.087955	0.088083
0.087955	0.088083	0.086357	0.086470
0.086357	0.086470	0.085087	0.085173
0.085087	0.085173	0.083400	0.083490
0.083400	0.083490	0.081514	0.081587
0.081514	0.081587	0.079931	0.080001
0.079931	0.080001	0.078360	0.078465
0.078360	0.078465	0.076152	0.076263
0.076152	0.076263	0.074803	0.074892
0.074803	0.074892	0.073272	0.073343
0.073272	0.073343	0.071471	0.071534
0.071471	0.071534	0.069916	0.069999
0.069916	0.069999	0.068376	0.068458
0.068376	0.068458	0.067459	0.067517
0.067459	0.067517	0.065636	0.065679
0.065636	0.065679	0.064120	0.064155
0.064120	0.064155	0.062915	0.062961
0.062915	0.062961	0.061506	0.061558
0.061506	0.061558	0.059984	0.060034
0.059984	0.060034	0.058821	0.058867
0.058821	0.058867	0.057575	0.057634
0.057575	0.057634	0.056901	0.056923
0.056901	0.056923	0.055687	0.055722
0.055687	0.055722	0.054270	0.054302
0.054270	0.054302	0.053180	0.053234
0.053180	0.053234	0.051935	0.052002
0.051935	0.052002	0.051254	0.051317
0.051254	0.051317	0.050064	0.050104
0.050064	0.050104	0.049732	0.049760
0.049732	0.049760	0.048669	0.048709
0.048669	0.048709	0.047886	0.047910
0.047886	0.047910	0.047175	0.047198
0.047175	0.047198	0.046176	0.046186
0.046176	0.046186	0.045039	0.045062
0.045039	0.045062	0.044254	0.044284
0.044254	0.044284	0.043165	0.043204
0.043165	0.043204	0.042066	0.042113
0.042066	0.042113	0.041024	0.041049
0.041024	0.041049	0.040155	0.040179
0.040155	0.040179	0.039312	0.039344
0.039312	0.039344	0.038486	0.038524
0.038486	0.038524	0.037674	0.037712
0.037674	0.037712	0.036449	0.036479
0.036449	0.036479	0.035691	0.035723
0.035691	0.035723	0.035129	0.035146
0.035129	0.035146	0.034488	0.034511
0.034488	0.034511	0.034124	0.034156
0.034124	0.034156	0.033680	0.033703
0.033680	0.033703	0.033229	0.033257
0.033229	0.033257	0.032824	0.032855
0.032824	0.032855	0.031989	0.032009
0.031989	0.032009	0.031546	0.031564
0.031546	0.031564	0.030989	0.031007
0.030989	0.031007	0.030229	0.030252
0.030229	0.030252	0.030003	0.030031
0.030003	0.030031	0.029317	0.029359
0.029317	0.029359	0.028877	0.028944
0.028877	0.028944	0.028385	0.028453
0.028385	0.028453	0.027422	0.027490
0.027422	0.027490	0.027094	0.027135
0.027094	0.027135	0.026721	0.026738
0.026721	0.026738	0.025977	0.026011
0.025977	0.026011	0.025275	0.025315
0.025275	0.025315	0.024666	0.024704
0.024666	0.024704	0.023982	0.024018
0.023982	0.024018	0.023466	0.023483
0.023466	0.023483	0.022993	0.023007
0.022993	0.023007	0.022406	0.022411
0.022406	0.022411	0.021714	0.021714
0.021714	0.021714	0.021206	0.021206
0.021206	0.021206	0.020809	0.020809
0.020809	0.020809	0.020558	0.020558
0.020558	0.020558	0.020097	0.020097
0.020097	0.020097	0.019693	0.019693
0.019693	0.019693	0.019198	0.019198
0.019198	0.019198	0.018673	0.018673
0.018673	0.018673	0.018246	0.018246
0.018246	0.018246	0.017684	0.017684
0.017684	0.017684	0.017338	0.017338
0.017338	0.017338	0.016784	0.016784
0.016784	0.016784	0.016377	0.016377
0.016377	0.016377	0.016064	0.016064
0.016064	0.016064	0.015572	0.015572
0.015572	0.015572	0.015368	0.015368
0.015368	0.015368	0.014879	0.014879
0.014879	0.014879	0.014721	0.014721
0.014721	0.014721	0.014424	0.014424
0.014424	0.014424	0.014061	0.014061
0.014061	0.014061	0.013726	0.013726
0.013726	0.013726	0.013340	0.013340
0.013340	0.013340	0.013044	0.013044
0.013044	0.013044	0.012683	0.012683
0.012683	0.012683	0.012309	0.012309
0.012309	0.012309	0.012065	0.012065
0.012065	0.012065	0.012042	0.012042
0.012042	0.012042	0.011593	0.011593
0.011593	0.011593	0.011359	0.011359
0.011359	0.011359	0.011110	0.011110
0.011110	0.011110	0.010695	0.010695
0.010695	0.010695	0.010577	0.010577
0.010577	0.010577	0.010346	0.010346
0.010346	0.010346	0.010280	0.010280
0.010280	0.010280	0.009922	0.009922
0.009922	0.009922	0.009732	0.009732
0.009732	0.009732	0.009696	0.009696
0.009696	0.009696	0.009383	0.009383
0.009383	0.009383	0.009247	0.009247
0.009247	0.009247	0.008979	0.008979
0.008979	0.008979	0.008850	0.008850
0.008850	0.008850	0.008682	0.008682
0.008682	0.008682	0.008628	0.008628
0.008628	0.008628	0.008490	0.008490
0.008490	0.008490	0.008415	0.008415
0.008415	0.008415	0.008163	0.008163
0.008163	0.008163	0.008036	0.008036
0.008036	0.008036	0.007764	0.007764
0.007764	0.007764	0.007595	0.007595
0.007595	0.007595	0.007295	0.007295
0.007295	0.007295	0.007209	0.007209
0.007209	0.007209	0.007071	0.007071
0.007071	0.007071	0.007066	0.007066
0.007066	0.007066	0.006905	0.006905
0.006905	0.006905	0.006890	0.006890
0.006890	0.006890	0.006778	0.006778
0.300120	0.399689	0.337440	0.400163
0.337440	0.400163	0.365645	0.407759
0.365645	0.407759	0.384810	0.414771
0.384810	0.414771	0.401754	0.421097
0.401754	0.421097	0.414878	0.425351
0.414878	0.425351	0.427117	0.432123
0.427117	0.432123	0.438357	0.437068
0.438357	0.437068	0.446107	0.441862
0.446107	0.441862	0.453139	0.447093
0.453139	0.447093	0.460455	0.453175
0.460455	0.453175	0.466589	0.457663
0.466589	0.457663	0.471896	0.462342
0.471896	0.462342	0.477740	0.468297
0.477740	0.468297	0.482091	0.472974
0.482091	0.472974	0.483871	0.475301
0.483871	0.475301	0.487249	0.478713
0.487249	0.478713	0.487400	0.479584
0.487400	0.479584	0.489147	0.481652
0.489147	0.481652	0.490108	0.482760
0.490108	0.482760	0.489641	0.482660
0.489641	0.482660	0.489663	0.482980
0.489663	0.482980	0.489359	0.482810
0.489359	0.482810	0.488740	0.482537
0.488740	0.482537	0.486089	0.480380
0.486089	0.480380	0.484125	0.478699
0.484125	0.478699	0.482685	0.477664
0.482685	0.477664	0.481123	0.476321
0.481123	0.476321	0.479369	0.474813
0.479369	0.474813	0.477984	0.473621
0.477984	0.473621	0.475167	0.470983
0.475167	0.470983	0.472707	0.468803
0.472707	0.468803	0.470125	0.466581
0.470125	0.466581	0.468479	0.465293
0.468479	0.465293	0.466189	0.463236
0.466189	0.463236	0.463240	0.460482
0.463240	0.460482	0.460742	0.458012
0.460742	0.458012	0.458458	0.455895
0.458458	0.455895	0.455707	0.453140
0.455707	0.453140	0.453443	0.451004
0.453443	0.451004	0.449420	0.446966
0.449420	0.446966	0.447150	0.444867
0.447150	0.444867	0.445552	0.443313
0.445552	0.443313	0.443951	0.441883
0.443951	0.441883	0.441692	0.439657
0.441692	0.439657	0.439558	0.437615
0.439558	0.437615	0.437513	0.435767
0.437513	0.435767	0.434913	0.433281
0.434913	0.433281	0.432357	0.430760
0.432357	0.430760	0.428861	0.427347
0.428861	0.427347	0.426513	0.425128
0.426513	0.425128	0.424215	0.422891
0.424215	0.422891	0.421494	0.420147
0.421494	0.420147	0.419346	0.417978
0.419346	0.417978	0.416743	0.415469
0.416743	0.415469	0.413833	0.412547
0.413833	0.412547	0.412483	0.411240
0.412483	0.411240	0.410783	0.409552
0.410783	0.409552	0.408512	0.407246
0.408512	0.407246	0.405856	0.404705
0.405856	0.404705	0.404816	0.403592
0.404816	0.403592	0.402799	0.401662
0.402799	0.401662	0.400080	0.399034
0.400080	0.399034	0.396797	0.395654
0.396797	0.395654	0.393484	0.392415
0.393484	0.392415	0.391742	0.390718
0.391742	0.390718	0.388953	0.388042
0.388953	0.388042	0.385543	0.384671
0.385543	0.384671	0.383563	0.382717
0.383563	0.382717	0.380867	0.380001
0.380867	0.380001	0.378507	0.377690
0.378507	0.377690	0.376282	0.375465
0.376282	0.375465	0.373994	0.373156
0.373994	0.373156	0.372238	0.371348
0.372238	0.371348	0.370466	0.369640
0.370466	0.369640	0.369328	0.368632
0.369328	0.368632	0.367064	0.366375
0.367064	0.366375	0.364296	0.363660
0.364296	0.363660	0.362241	0.361641
0.362241	0.361641	0.360610	0.359996
0.360610	0.359996	0.358084	0.357426
0.358084	0.357426	0.356820	0.356154
0.356820	0.356154	0.354776	0.354136
0.354776	0.354136	0.351852	0.351207
0.351852	0.351207	0.350002	0.349383
0.350002	0.349383	0.348186	0.347503
0.348186	0.347503	0.346479	0.345858
0.346479	0.345858	0.344569	0.343947
0.344569	0.343947	0.342493	0.341912
0.342493	0.341912	0.340128	0.339582
0.340128	0.339582	0.338937	0.338364
0.338937	0.338364	0.336524	0.335971
0.336524	0.335971	0.334329	0.333751
0.334329	0.333751	0.333373	0.332821
0.333373	0.332821	0.330733	0.330176
0.330733	0.330176	0.328712	0.328147
0.328712	0.328147	0.327493	0.327002
0.327493	0.327002	0.325569	0.325124
0.325569	0.325124	0.323997	0.323632
0.323997	0.323632	0.321858	0.321484
0.321858	0.321484	0.320705	0.320292
0.320705	0.320292	0.318520	0.318141
0.318520	0.318141	0.316716	0.316353
0.316716	0.316353	0.315115	0.314763
0.315115	0.314763	0.313260	0.312919
0.313260	0.312919	0.311711	0.311316
0.311711	0.311316	0.310612	0.310216
0.310612	0.310216	0.309190	0.308765
0.309190	0.308765	0.308404	0.307996
0.308404	0.307996	0.307021	0.306591
0.307021	0.306591	0.305016	0.304602
0.305016	0.304602	0.303587	0.303205
0.303587	0.303205	0.301952	0.301599
0.301952	0.301599	0.300293	0.299985
0.300293	0.299985	0.298816	0.298535
0.298816	0.298535	0.296990	0.296750
0.296990	0.296750	0.295100	0.294841
0.295100	0.294841	0.293323	0.293068
0.293323	0.293068	0.292165	0.291922
0.292165	0.291922	0.290545	0.290363
0.290545	0.290363	0.288437	0.288262
0.288437	0.288262	0.286470	0.286329
0.286470	0.286329	0.284330	0.284212
0.284330	0.284212	0.282783	0.282703
0.282783	0.282703	0.281441	0.281376
0.281441	0.281376	0.280016	0.279975
0.280016	0.279975	0.278562	0.278513
0.278562	0.278513	0.277137	0.277086
0.277137	0.277086	0.276147	0.276107
0.276147	0.276107	0.274280	0.274221
0.274280	0.274221	0.272713	0.272624
0.272713	0.272624	0.270909	0.270824
0.270909	0.270824	0.268875	0.268790
0.268875	0.268790	0.267508	0.267425
0.267508	0.267425	0.265945	0.265856
0.265945	0.265856	0.264098	0.264033
0.264098	0.264033	0.262808	0.262780
0.262808	0.262780	0.261973	0.261935
0.261973	0.261935	0.260746	0.260693
0.260746	0.260693	0.259926	0.259849
0.259926	0.259849	0.258783	0.258685
0.258783	0.258685	0.256956	0.256852
0.256956	0.256852	0.255582	0.255498
0.255582	0.255498	0.253901	0.253798
0.253901	0.253798	0.252414	0.252308
0.252414	0.252308	0.250517	0.250384
0.250517	0.250384	0.249161	0.249010
0.249161	0.249010	0.247673	0.247489
0.247673	0.247489	0.245452	0.245243
0.245452	0.245243	0.244159	0.243993
0.244159	0.243993	0.242543	0.242387
0.242543	0.242387	0.241226	0.241070
0.241226	0.241070	0.238969	0.238816
0.238969	0.238816	0.237245	0.237098
0.237245	0.237098	0.236635	0.236517
0.236635	0.236517	0.235217	0.235075
0.235217	0.235075	0.234093	0.233954
0.234093	0.233954	0.232454	0.232319
0.232454	0.232319	0.231167	0.231042
0.231167	0.231042	0.230110	0.229979
0.230110	0.229979	0.228652	0.228563
0.228652	0.228563	0.227029	0.226941
0.227029	0.226941	0.225856	0.225751
0.225856	0.225751	0.224295	0.224194
0.224295	0.224194	0.222531	0.222449
0.222531	0.222449	0.220695	0.220577
0.220695	0.220577	0.219683	0.219522
0.219683	0.219522	0.218702	0.218555
0.218702	0.218555	0.217689	0.217536
0.217689	0.217536	0.216671	0.216494
0.216671	0.216494	0.215174	0.214946
0.215174	0.214946	0.214024	0.213813
0.214024	0.213813	0.212544	0.212329
0.212544	0.212329	0.211501	0.211320
0.211501	0.211320	0.210716	0.210543
0.210716	0.210543	0.209758	0.209602
0.209758	0.209602	0.208512	0.208335
0.208512	0.208335	0.206911	0.206749
0.206911	0.206749	0.205166	0.205030
0.205166	0.205030	0.203611	0.203518
0.203611	0.203518	0.201610	0.201502
0.201610	0.201502	0.199894	0.199789
0.199894	0.199789	0.198206	0.198148
0.198206	0.198148	0.197070	0.197019
0.197070	0.197019	0.195952	0.195891
0.195952	0.195891	0.194719	0.194644
0.194719	0.194644	0.193491	0.193417
0.193491	0.193417	0.192434	0.192362
0.192434	0.192362	0.191895	0.191817
0.191895	0.191817	0.190539	0.190464
0.190539	0.190464	0.189403	0.189332
0.189403	0.189332	0.188295	0.188195
0.188295	0.188195	0.187159	0.187092
0.187159	0.187092	0.185678	0.185625
0.185678	0.185625	0.184196	0.184154
0.184196	0.184154	0.182713	0.182673
0.182713	0.182673	0.181781	0.181729
0.181781	0.181729	0.180965	0.180915
0.180965	0.180915	0.179724	0.179677
0.179724	0.179677	0.178725	0.178668
0.299937	0.499667	0.404673	0.503047
0.404673	0.503047	0.478124	0.515186
0.478124	0.515186	0.529016	0.527672
0.529016	0.527672	0.563228	0.536121
0.563228	0.536121	0.585197	0.545782
0.585197	0.545782	0.599624	0.555139
0.599624	0.555139	0.610786	0.565534
0.610786	0.565534	0.619061	0.574270
0.619061	0.574270	0.626871	0.583849
0.626871	0.583849	0.633063	0.591623
0.633063	0.591623	0.637031	0.600247
0.637031	0.600247	0.642194	0.608184
0.642194	0.608184	0.647045	0.615985
0.647045	0.615985	0.652046	0.623608
0.652046	0.623608	0.655124	0.629037
0.655124	0.629037	0.659301	0.635149
0.659301	0.635149	0.663210	0.640686
0.663210	0.640686	0.666738	0.645768
0.666738	0.645768	0.670600	0.650946
0.670600	0.650946	0.673552	0.655158
0.673552	0.655158	0.676341	0.658776
0.676341	0.658776	0.678253	0.661933
0.678253	0.661933	0.679922	0.664449
0.679922	0.664449	0.681686	0.666957
0.681686	0.666957	0.682986	0.668978
0.682986	0.668978	0.684591	0.670257
0.684591	0.670257	0.686110	0.672111
0.686110	0.672111	0.687524	0.674002
0.687524	0.674002	0.688257	0.675367
0.688257	0.675367	0.688803	0.676462
0.688803	0.676462	0.688073	0.676106
0.688073	0.676106	0.687160	0.675244
0.687160	0.675244	0.687820	0.676386
0.687820	0.676386	0.687597	0.676422
0.687597	0.676422	0.686315	0.675411
0.686315	0.675411	0.686695	0.675782
0.686695	0.675782	0.686081	0.675350
0.686081	0.675350	0.684719	0.674200
0.684719	0.674200	0.684364	0.674320
0.684364	0.674320	0.683799	0.673672
0.683799	0.673672	0.682502	0.672582
0.682502	0.672582	0.681593	0.671840
0.681593	0.671840	0.680560	0.670769
0.680560	0.670769	0.679221	0.669786
0.679221	0.669786	0.679197	0.670069
0.679197	0.670069	0.679377	0.670723
0.679377	0.670723	0.679995	0.671386
0.679995	0.671386	0.680056	0.671705
0.680056	0.671705	0.679816	0.671273
0.679816	0.671273	0.679684	0.671315
0.679684	0.671315	0.679114	0.671151
0.679114	0.671151	0.678671	0.670821
0.678671	0.670821	0.677549	0.669585
0.677549	0.669585	0.677552	0.669536
0.677552	0.669536	0.676952	0.669155
0.676952	0.669155	0.676690	0.669010
0.676690	0.669010	0.677052	0.669550
0.677052	0.669550	0.676954	0.669427
0.676954	0.669427	0.675268	0.667805
0.675268	0.667805	0.674524	0.667547
0.674524	0.667547	0.675032	0.668100
0.675032	0.668100	0.674222	0.667415
0.674222	0.667415	0.673552	0.666815
0.673552	0.666815	0.673076	0.666576
0.673076	0.666576	0.671904	0.665183
0.671904	0.665183	0.670921	0.664169
0.670921	0.664169	0.670675	0.663911
0.670675	0.663911	0.670807	0.664192
0.670807	0.664192	0.669937	0.663748
0.669937	0.663748	0.670145	0.664126
0.670145	0.664126	0.669533	0.663616
0.669533	0.663616	0.669321	0.663412
0.669321	0.663412	0.668222	0.662693
0.668222	0.662693	0.667498	0.662013
0.667498	0.662013	0.667275	0.661887
0.667275	0.661887	0.666225	0.661056
0.666225	0.661056	0.664955	0.660050
0.664955	0.660050	0.664995	0.660122
0.664995	0.660122	0.664157	0.659396
0.664157	0.659396	0.662852	0.658031
0.662852	0.658031	0.661996	0.657372
0.661996	0.657372	0.661506	0.656973
0.661506	0.656973	0.660539	0.656177
0.660539	0.656177	0.660829	0.656636
0.660829	0.656636	0.660318	0.656217
0.660318	0.656217	0.659199	0.655264
0.659199	0.655264	0.657912	0.653949
0.657912	0.653949	0.657948	0.654008
0.657948	0.654008	0.656861	0.652844
0.656861	0.652844	0.656394	0.652477
0.656394	0.652477	0.655482	0.651747
0.655482	0.651747	0.654925	0.651085
0.654925	0.651085	0.653778	0.650007
0.653778	0.650007	0.653308	0.649487
0.653308	0.649487	0.653143	0.649317
0.653143	0.649317	0.652886	0.649181
0.652886	0.649181	0.652185	0.648537
0.652185	0.648537	0.651439	0.647831
0.651439	0.647831	0.650625	0.646955
0.650625	0.646955	0.649794	0.646114
0.649794	0.646114	0.649542	0.645835
0.649542	0.645835	0.648417	0.644640
0.648417	0.644640	0.647888	0.644147
0.647888	0.644147	0.648008	0.644335
0.648008	0.644335	0.647716	0.643991
0.647716	0.643991	0.647617	0.643905
0.647617	0.643905	0.646862	0.643140
0.646862	0.643140	0.646013	0.642357
0.646013	0.642357	0.644952	0.641215
0.644952	0.641215	0.644096	0.640380
0.644096	0.640380	0.643773	0.640113
0.643773	0.640113	0.643629	0.640000
0.643629	0.640000	0.642494	0.639107
0.642494	0.639107	0.641813	0.638564
0.641813	0.638564	0.641007	0.637654
0.641007	0.637654	0.640919	0.637561
0.640919	0.637561	0.639922	0.636644
0.639922	0.636644	0.639146	0.635775
0.639146	0.635775	0.638769	0.635413
0.638769	0.635413	0.638230	0.634662
0.638230	0.634662	0.637624	0.634032
0.637624	0.634032	0.637014	0.633356
0.637014	0.633356	0.635526	0.632066
0.635526	0.632066	0.634904	0.631434
0.634904	0.631434	0.634097	0.630689
0.634097	0.630689	0.633027	0.629770
0.633027	0.629770	0.632162	0.629172
0.632162	0.629172	0.631548	0.628599
0.631548	0.628599	0.630859	0.628028
0.630859	0.628028	0.629596	0.626900
0.629596	0.626900	0.628534	0.625750
0.628534	0.625750	0.627472	0.624678
0.627472	0.624678	0.627173	0.624487
0.627173	0.624487	0.626012	0.623192
0.626012	0.623192	0.625538	0.622722
0.625538	0.622722	0.624534	0.621592
0.624534	0.621592	0.623522	0.620558
0.623522	0.620558	0.622962	0.619869
0.622962	0.619869	0.622569	0.619551
0.622569	0.619551	0.622390	0.619241
0.622390	0.619241	0.622008	0.618796
0.622008	0.618796	0.621154	0.618085
0.621154	0.618085	0.621112	0.618195
0.621112	0.618195	0.620311	0.617563
0.620311	0.617563	0.620348	0.617671
0.620348	0.617671	0.619020	0.616518
0.619020	0.616518	0.617659	0.615245
0.617659	0.615245	0.616982	0.614467
0.616982	0.614467	0.616221	0.613738
0.616221	0.613738	0.615502	0.613045
0.615502	0.613045	0.614691	0.612273
0.614691	0.612273	0.613261	0.610939
0.613261	0.610939	0.613035	0.610776
0.613035	0.610776	0.611803	0.609444
0.611803	0.609444	0.610671	0.608337
0.610671	0.608337	0.609650	0.607416
0.609650	0.607416	0.608443	0.606253
0.608443	0.606253	0.608181	0.606031
0.608181	0.606031	0.607242	0.605136
0.607242	0.605136	0.606187	0.604157
0.606187	0.604157	0.605004	0.603188
0.605004	0.603188	0.604123	0.602492
0.604123	0.602492	0.603833	0.602257
0.603833	0.602257	0.603132	0.601638
0.603132	0.601638	0.602369	0.600922
0.602369	0.600922	0.602093	0.600770
0.602093	0.600770	0.601427	0.599974
0.601427	0.599974	0.600413	0.598886
0.600413	0.598886	0.600087	0.598602
0.600087	0.598602	0.598749	0.597222
0.598749	0.597222	0.598968	0.597310
0.598968	0.597310	0.598323	0.596637
0.598323	0.596637	0.597889	0.596334
0.597889	0.596334	0.596938	0.595296
0.596938	0.595296	0.596438	0.594917
0.596438	0.594917	0.596322	0.594852
0.596322	0.594852	0.595011	0.593563
0.595011	0.593563	0.594325	0.592823
0.594325	0.592823	0.594141	0.592696
0.594141	0.592696	0.593197	0.591827
0.593197	0.591827	0.592146	0.590836
0.592146	0.590836	0.590756	0.589498
0.590756	0.589498	0.590630	0.589399
0.590630	0.589399	0.589655	0.588468
0.589655	0.588468	0.589442	0.588320
0.589442	0.588320	0.588397	0.587238
0.588397	0.587238	0.587628	0.586565
0.587628	0.586565	0.587441	0.586462
0.587441	0.586462	0.586427	0.585418
0.586427	0.585418	0.585994	0.585020
0.585994	0.585020	0.584888	0.583998
0.584888	0.583998	0.584486	0.583652
0.584486	0.583652	0.583104	0.582414
0.583104	0.582414	0.582295	0.581646
0.582295	0.581646	0.581183	0.580560
0.581183	0.580560	0.580768	0.580152
0.580768	0.580152	0.580345	0.579779
0.580345	0.579779	0.580132	0.579507
0.580132	0.579507	0.579360	0.578797
0.299391	0.599701	0.476017	0.606858
0.476017	0.606858	0.593785	0.617679
0.593785	0.617679	0.667878	0.632869
0.667878	0.632869	0.713733	0.645848
0.713733	0.645848	0.742528	0.658790
0.742528	0.658790	0.758519	0.669816
0.758519	0.669816	0.768148	0.679353
0.768148	0.679353	0.775543	0.690046
0.775543	0.690046	0.780414	0.699556
0.780414	0.699556	0.784501	0.709529
0.784501	0.709529	0.788654	0.718065
0.788654	0.718065	0.793737	0.729179
0.793737	0.729179	0.797951	0.737509
0.797951	0.737509	0.801810	0.745118
0.801810	0.745118	0.805090	0.752854
0.805090	0.752854	0.808475	0.759713
0.808475	0.759713	0.811505	0.765889
0.811505	0.765889	0.815768	0.772385
0.815768	0.772385	0.819109	0.778079
0.819109	0.778079	0.822270	0.783168
0.822270	0.783168	0.824847	0.786678
0.824847	0.786678	0.827506	0.790401
0.827506	0.790401	0.830589	0.794646
0.830589	0.794646	0.833887	0.798799
0.833887	0.798799	0.835888	0.802167
0.835888	0.802167	0.838042	0.805085
0.838042	0.805085	0.840528	0.808818
0.840528	0.808818	0.842922	0.811719
0.842922	0.811719	0.843823	0.812893
0.843823	0.812893	0.845182	0.814907
0.845182	0.814907	0.846712	0.817634
0.846712	0.817634	0.848671	0.819667
0.848671	0.819667	0.850124	0.821608
0.850124	0.821608	0.851375	0.822933
0.851375	0.822933	0.852201	0.824727
0.852201	0.824727	0.853072	0.825870
0.853072	0.825870	0.854395	0.828171
0.854395	0.828171	0.855543	0.828884
0.855543	0.828884	0.856014	0.829785
0.856014	0.829785	0.856586	0.831542
0.856586	0.831542	0.857723	0.832970
0.857723	0.832970	0.857906	0.833288
0.857906	0.833288	0.858196	0.833880
0.858196	0.833880	0.858517	0.834677
0.858517	0.834677	0.858610	0.835209
0.858610	0.835209	0.859689	0.836393
0.859689	0.836393	0.859830	0.836368
0.859830	0.836368	0.860179	0.836699
0.860179	0.836699	0.860859	0.837518
0.860859	0.837518	0.860995	0.837665
0.860995	0.837665	0.861039	0.838017
0.861039	0.838017	0.861805	0.838185
0.861805	0.838185	0.862420	0.839171
0.862420	0.839171	0.863572	0.840511
0.863572	0.840511	0.864013	0.840777
0.864013	0.840777	0.863838	0.840703
0.863838	0.840703	0.864245	0.841366
0.864245	0.841366	0.864377	0.841791
0.864377	0.841791	0.864787	0.842946
0.864787	0.842946	0.865315	0.843628
0.865315	0.843628	0.865569	0.843862
0.865569	0.843862	0.866062	0.844709
0.866062	0.844709	0.866430	0.845355
0.866430	0.845355	0.866303	0.845544
0.866303	0.845544	0.866479	0.846322
0.866479	0.846322	0.866714	0.846343
0.866714	0.846343	0.866873	0.846662
0.866873	0.846662	0.867127	0.846958
0.867127	0.846958	0.867531	0.847895
0.867531	0.847895	0.867605	0.847875
0.867605	0.847875	0.867755	0.847837
0.867755	0.847837	0.867484	0.847968
0.867484	0.847968	0.867849	0.848422
0.867849	0.848422	0.867999	0.848906
0.867999	0.848906	0.867997	0.848966
0.867997	0.848966	0.867912	0.849567
0.867912	0.849567	0.868234	0.850142
0.868234	0.850142	0.868376	0.850782
0.868376	0.850782	0.868432	0.850639
0.868432	0.850639	0.869013	0.851245
0.869013	0.851245	0.869178	0.851501
0.869178	0.851501	0.869250	0.851889
0.869250	0.851889	0.869860	0.852813
0.869860	0.852813	0.869766	0.852997
0.869766	0.852997	0.869692	0.853231
0.869692	0.853231	0.869759	0.853474
0.869759	0.853474	0.870055	0.852988
0.870055	0.852988	0.870441	0.853572
0.870441	0.853572	0.870120	0.854051
0.870120	0.854051	0.870128	0.854274
0.870128	0.854274	0.870353	0.854731
0.870353	0.854731	0.870531	0.854819
0.870531	0.854819	0.870745	0.855761
0.870745	0.855761	0.870278	0.855320
0.870278	0.855320	0.870181	0.855186
0.870181	0.855186	0.869959	0.855339
0.869959	0.855339	0.869748	0.855246
0.869748	0.855246	0.869975	0.855718
0.869975	0.855718	0.869771	0.855817
0.869771	0.855817	0.870045	0.855508
0.870045	0.855508	0.869908	0.855635
0.869908	0.855635	0.870887	0.856531
0.870887	0.856531	0.871781	0.857645
0.871781	0.857645	0.872239	0.858491
0.872239	0.858491	0.871670	0.857853
0.871670	0.857853	0.871624	0.858203
0.871624	0.858203	0.871298	0.857662
0.871298	0.857662	0.871321	0.857812
0.871321	0.857812	0.871517	0.857630
0.871517	0.857630	0.871841	0.857609
0.871841	0.857609	0.872243	0.858081
0.872243	0.858081	0.872292	0.858256
0.872292	0.858256	0.872509	0.858076
0.872509	0.858076	0.872664	0.858064
0.872664	0.858064	0.872593	0.858488
0.872593	0.858488	0.872298	0.858040
0.872298	0.858040	0.872407	0.858361
0.872407	0.858361	0.872423	0.858760
0.872423	0.858760	0.872934	0.859539
0.872934	0.859539	0.873095	0.859657
0.873095	0.859657	0.873482	0.860405
0.873482	0.860405	0.874094	0.860805
0.874094	0.860805	0.874178	0.861132
0.874178	0.861132	0.874303	0.861497
0.874303	0.861497	0.874436	0.861807
0.874436	0.861807	0.874242	0.861439
0.874242	0.861439	0.873987	0.861196
0.873987	0.861196	0.873810	0.861028
0.873810	0.861028	0.873857	0.861852
0.873857	0.861852	0.873862	0.861442
0.873862	0.861442	0.873650	0.861217
0.873650	0.861217	0.873898	0.861707
0.873898	0.861707	0.873358	0.861268
0.873358	0.861268	0.872895	0.860868
0.872895	0.860868	0.872891	0.860797
0.872891	0.860797	0.873333	0.861394
0.873333	0.861394	0.873791	0.861944
0.873791	0.861944	0.873965	0.862195
0.873965	0.862195	0.873860	0.862197
0.873860	0.862197	0.873652	0.861792
0.873652	0.861792	0.873262	0.861431
0.873262	0.861431	0.873123	0.861505
0.873123	0.861505	0.872793	0.861444
0.872793	0.861444	0.872609	0.861224
0.872609	0.861224	0.872695	0.861304
0.872695	0.861304	0.872698	0.861456
0.872698	0.861456	0.872559	0.861156
0.872559	0.861156	0.872787	0.861365
0.872787	0.861365	0.872789	0.861262
0.872789	0.861262	0.872968	0.861694
0.872968	0.861694	0.873031	0.861512
0.873031	0.861512	0.872982	0.861449
0.872982	0.861449	0.872923	0.861470
0.872923	0.861470	0.873290	0.862259
0.873290	0.862259	0.873342	0.862296
0.873342	0.862296	0.873261	0.861883
0.873261	0.861883	0.872974	0.862055
0.872974	0.862055	0.872568	0.861720
0.872568	0.861720	0.872781	0.861828
0.872781	0.861828	0.873005	0.862008
0.873005	0.862008	0.872462	0.861338
0.872462	0.861338	0.872254	0.861262
0.872254	0.861262	0.872268	0.861716
0.872268	0.861716	0.871623	0.861107
0.871623	0.861107	0.871691	0.861442
0.871691	0.861442	0.871917	0.861918
0.871917	0.861918	0.871855	0.861625
0.871855	0.861625	0.871953	0.861779
0.871953	0.861779	0.871860	0.862000
0.871860	0.862000	0.871581	0.862021
0.871581	0.862021	0.871256	0.861588
0.871256	0.861588	0.871306	0.861786
0.871306	0.861786	0.871292	0.861869
0.871292	0.861869	0.872031	0.862678
0.872031	0.862678	0.871664	0.862486
0.871664	0.862486	0.871989	0.862971
0.871989	0.862971	0.872032	0.863253
0.872032	0.863253	0.871808	0.863000
0.871808	0.863000	0.871747	0.862934
0.871747	0.862934	0.871844	0.862840
0.871844	0.862840	0.871649	0.862987
0.871649	0.862987	0.871306	0.862489
0.871306	0.862489	0.870998	0.862361
0.870998	0.862361	0.870688	0.861850
0.870688	0.861850	0.870947	0.862125
0.870947	0.862125	0.870872	0.862066
0.870872	0.862066	0.870520	0.861798
0.870520	0.861798	0.869848	0.861117
0.869848	0.861117	0.869765	0.861148
0.869765	0.861148	0.869629	0.860858
0.869629	0.860858	0.869962	0.861305
0.869962	0.861305	0.870304	0.861666
0.870304	0.861666	0.870205	0.861852
0.870205	0.861852	0.869909	0.861531
0.869909	0.861531	0.869893	0.861620
0.869893	0.861620	0.869507	0.860991
0.869507	0.860991	0.868936	0.860525
0.868936	0.860525	0.868629	0.860174
0.868629	0.860174	0.868212	0.859991
0.299881	0.699638	0.545794	0.706598
0.545794	0.706598	0.698540	0.718854
0.698540	0.718854	0.785866	0.735882
0.785866	0.735882	0.834833	0.747984
0.834833	0.747984	0.862342	0.760576
0.862342	0.760576	0.878151	0.771477
0.878151	0.771477	0.889215	0.781769
0.889215	0.781769	0.894320	0.789394
0.894320	0.789394	0.898168	0.796264
0.898168	0.796264	0.900800	0.802647
0.900800	0.802647	0.903059	0.808200
0.903059	0.808200	0.904894	0.812959
0.904894	0.812959	0.906951	0.819598
0.906951	0.819598	0.909454	0.824764
0.909454	0.824764	0.910103	0.827637
0.910103	0.827637	0.911768	0.830739
0.911768	0.830739	0.914093	0.836521
0.914093	0.836521	0.915711	0.840658
0.915711	0.840658	0.917642	0.843806
0.917642	0.843806	0.919401	0.847025
0.919401	0.847025	0.921620	0.850352
0.921620	0.850352	0.923573	0.853467
0.923573	0.853467	0.924307	0.855047
0.924307	0.855047	0.925988	0.857874
0.925988	0.857874	0.927134	0.860115
0.927134	0.860115	0.928573	0.861859
0.928573	0.861859	0.929797	0.863841
0.929797	0.863841	0.931200	0.865859
0.931200	0.865859	0.931247	0.867378
0.931247	0.867378	0.932004	0.869746
0.932004	0.869746	0.932957	0.871573
0.932957	0.871573	0.933861	0.873262
0.933861	0.873262	0.935137	0.875337
0.935137	0.875337	0.935209	0.876538
0.935209	0.876538	0.936267	0.878783
0.936267	0.878783	0.936812	0.879855
0.936812	0.879855	0.937433	0.881216
0.937433	0.881216	0.937838	0.881977
0.937838	0.881977	0.938804	0.882959
0.938804	0.882959	0.939058	0.883272
0.939058	0.883272	0.939170	0.883464
0.939170	0.883464	0.939797	0.884985
0.939797	0.884985	0.940128	0.885435
0.940128	0.885435	0.940606	0.885918
0.940606	0.885918	0.940680	0.886399
0.940680	0.886399	0.941455	0.887131
0.941455	0.887131	0.942049	0.888521
0.942049	0.888521	0.942085	0.888970
0.942085	0.888970	0.942221	0.889609
0.942221	0.889609	0.942484	0.890315
0.942484	0.890315	0.943468	0.892234
0.943468	0.892234	0.943751	0.892656
0.943751	0.892656	0.943911	0.893660
0.943911	0.893660	0.944501	0.894373
0.944501	0.894373	0.944516	0.895294
0.944516	0.895294	0.944940	0.895870
0.944940	0.895870	0.945257	0.896562
0.945257	0.896562	0.945803	0.897323
0.945803	0.897323	0.945930	0.897653
0.945930	0.897653	0.946183	0.898293
0.946183	0.898293	0.946329	0.898541
0.946329	0.898541	0.946542	0.899070
0.946542	0.899070	0.946504	0.899154
0.946504	0.899154	0.947125	0.900291
0.947125	0.900291	0.947171	0.900306
0.947171	0.900306	0.947205	0.900684
0.947205	0.900684	0.947109	0.901733
0.947109	0.901733	0.946941	0.901717
0.946941	0.901717	0.946912	0.902199
0.946912	0.902199	0.947058	0.902600
0.947058	0.902600	0.947065	0.902999
0.947065	0.902999	0.947735	0.903738
0.947735	0.903738	0.947970	0.903642
0.947970	0.903642	0.947510	0.903406
0.947510	0.903406	0.948013	0.903522
0.948013	0.903522	0.948493	0.903873
0.948493	0.903873	0.948476	0.903542
0.948476	0.903542	0.948651	0.903889
0.948651	0.903889	0.948674	0.904410
0.948674	0.904410	0.949016	0.904845
0.949016	0.904845	0.949090	0.905048
0.949090	0.905048	0.949366	0.905193
0.949366	0.905193	0.949597	0.905366
0.949597	0.905366	0.949870	0.906315
0.949870	0.906315	0.949879	0.906119
0.949879	0.906119	0.950085	0.906494
0.950085	0.906494	0.950143	0.906464
0.950143	0.906464	0.950069	0.906723
0.950069	0.906723	0.950229	0.907314
0.950229	0.907314	0.950433	0.906935
0.950433	0.906935	0.950352	0.907137
0.950352	0.907137	0.949921	0.906341
0.949921	0.906341	0.949837	0.906094
0.949837	0.906094	0.950101	0.906723
0.950101	0.906723	0.950468	0.906700
0.950468	0.906700	0.950313	0.906228
0.950313	0.906228	0.949956	0.906162
0.949956	0.906162	0.950011	0.906442
0.950011	0.906442	0.949811	0.906347
0.949811	0.906347	0.950121	0.906671
0.950121	0.906671	0.949854	0.906209
0.949854	0.906209	0.950051	0.907175
0.950051	0.907175	0.950263	0.907594
0.950263	0.907594	0.950127	0.907896
0.950127	0.907896	0.949982	0.907683
0.949982	0.907683	0.950005	0.907132
0.950005	0.907132	0.949862	0.906520
0.949862	0.906520	0.949980	0.906464
0.949980	0.906464	0.950074	0.906489
0.950074	0.906489	0.950181	0.906854
0.950181	0.906854	0.949739	0.906560
0.949739	0.906560	0.949660	0.906322
0.949660	0.906322	0.949421	0.906057
0.949421	0.906057	0.949475	0.906031
0.949475	0.906031	0.949095	0.905722
0.949095	0.905722	0.949152	0.905834
0.949152	0.905834	0.949262	0.905293
0.949262	0.905293	0.949108	0.904949
0.949108	0.904949	0.949196	0.905039
0.949196	0.905039	0.948981	0.904759
0.948981	0.904759	0.949634	0.905338
0.949634	0.905338	0.949669	0.904969
0.949669	0.904969	0.949427	0.905411
0.949427	0.905411	0.949040	0.905461
0.949040	0.905461	0.949018	0.905974
0.949018	0.905974	0.949154	0.906527
0.949154	0.906527	0.949170	0.906598
0.949170	0.906598	0.949078	0.906898
0.949078	0.906898	0.948921	0.906673
0.948921	0.906673	0.948804	0.906162
0.948804	0.906162	0.948819	0.906286
0.948819	0.906286	0.948754	0.906288
0.948754	0.906288	0.948657	0.906043
0.948657	0.906043	0.948656	0.906614
0.948656	0.906614	0.948330	0.905842
0.948330	0.905842	0.948002	0.905259
0.948002	0.905259	0.947754	0.904723
0.947754	0.904723	0.947806	0.904607
0.947806	0.904607	0.947749	0.905151
0.947749	0.905151	0.947621	0.905276
0.947621	0.905276	0.947577	0.905499
0.947577	0.905499	0.947342	0.905214
0.947342	0.905214	0.947293	0.905623
0.947293	0.905623	0.946886	0.905837
0.946886	0.905837	0.946580	0.905032
0.946580	0.905032	0.946327	0.904423
0.946327	0.904423	0.946363	0.904378
0.946363	0.904378	0.946166	0.903660
0.946166	0.903660	0.945980	0.903347
0.945980	0.903347	0.945848	0.903393
0.945848	0.903393	0.945665	0.902565
0.945665	0.902565	0.945744	0.903045
0.945744	0.903045	0.945627	0.902413
0.945627	0.902413	0.945351	0.902553
0.945351	0.902553	0.945301	0.901909
0.945301	0.901909	0.945154	0.901304
0.945154	0.901304	0.945070	0.901331
0.945070	0.901331	0.944872	0.901370
0.944872	0.901370	0.945119	0.901664
0.945119	0.901664	0.944959	0.901957
0.944959	0.901957	0.944943	0.902092
0.944943	0.902092	0.944740	0.901770
0.944740	0.901770	0.944586	0.901403
0.944586	0.901403	0.944347	0.901686
0.944347	0.901686	0.944270	0.902156
0.944270	0.902156	0.944489	0.902588
0.944489	0.902588	0.944275	0.902302
0.944275	0.902302	0.944289	0.902937
0.944289	0.902937	0.944111	0.903508
0.944111	0.903508	0.943532	0.902970
0.943532	0.902970	0.943534	0.903019
0.943534	0.903019	0.943312	0.902706
0.943312	0.902706	0.942981	0.902286
0.942981	0.902286	0.942500	0.902220
0.942500	0.902220	0.942156	0.901643
0.942156	0.901643	0.942112	0.901364
0.942112	0.901364	0.941711	0.901512
0.941711	0.901512	0.941631	0.901540
0.941631	0.901540	0.941543	0.901830
0.941543	0.901830	0.941418	0.901941
0.941418	0.901941	0.941182	0.902788
0.941182	0.902788	0.941046	0.902097
0.941046	0.902097	0.940721	0.901841
0.940721	0.901841	0.940660	0.901861
0.940660	0.901861	0.940962	0.902739
0.940962	0.902739	0.940904	0.902738
0.940904	0.902738	0.940804	0.902444
0.940804	0.902444	0.940573	0.902313
0.940573	0.902313	0.940256	0.902308
0.940256	0.902308	0.940215	0.901945
0.940215	0.901945	0.940098	0.901521
0.940098	0.901521	0.940187	0.901077
0.940187	0.901077	0.939790	0.900142
0.939790	0.900142	0.939973	0.900271
0.939973	0.900271	0.939559	0.899407
0.939559	0.899407	0.939354	0.899602
0.939354	0.899602	0.939248	0.899917
0.939248	0.899917	0.939095	0.899689
0.939095	0.899689	0.938784	0.898683
0.299826	0.799826	0.614050	0.804598
0.614050	0.804598	0.790783	0.817155
0.790783	0.817155	0.878293	0.827471
0.878293	0.827471	0.921715	0.837791
0.921715	0.837791	0.943399	0.844917
0.943399	0.844917	0.954073	0.851318
0.954073	0.851318	0.961219	0.857713
0.961219	0.857713	0.965528	0.863382
0.965528	0.863382	0.968669	0.867794
0.968669	0.867794	0.970634	0.871410
0.970634	0.871410	0.971989	0.872498
0.971989	0.872498	0.973089	0.875271
0.973089	0.875271	0.974301	0.877154
0.974301	0.877154	0.975595	0.879808
0.975595	0.879808	0.976292	0.881686
0.976292	0.881686	0.977071	0.882971
0.977071	0.882971	0.977694	0.884996
0.977694	0.884996	0.978079	0.887157
0.978079	0.887157	0.978378	0.889287
0.978378	0.889287	0.978508	0.889585
0.978508	0.889585	0.978836	0.891485
0.978836	0.891485	0.979055	0.892302
0.979055	0.892302	0.979644	0.893808
0.979644	0.893808	0.979935	0.894928
0.979935	0.894928	0.980176	0.895625
0.980176	0.895625	0.980172	0.895585
0.980172	0.895585	0.980536	0.896001
0.980536	0.896001	0.980485	0.896546
0.980485	0.896546	0.980602	0.897288
0.980602	0.897288	0.980661	0.898638
0.980661	0.898638	0.980908	0.898855
0.980908	0.898855	0.981286	0.899372
0.981286	0.899372	0.981413	0.899256
0.981413	0.899256	0.981791	0.900286
0.981791	0.900286	0.982180	0.900338
0.982180	0.900338	0.982498	0.901642
0.982498	0.901642	0.982717	0.903337
0.982717	0.903337	0.983163	0.903503
0.983163	0.903503	0.983495	0.904170
0.983495	0.904170	0.983647	0.903325
0.983647	0.903325	0.983992	0.903628
0.983992	0.903628	0.984286	0.903417
0.984286	0.903417	0.984530	0.903835
0.984530	0.903835	0.984628	0.904249
0.984628	0.904249	0.985042	0.904901
0.985042	0.904901	0.985182	0.904860
0.985182	0.904860	0.985234	0.904619
0.985234	0.904619	0.985579	0.905066
0.985579	0.905066	0.985826	0.905482
0.985826	0.905482	0.985838	0.905490
0.985838	0.905490	0.985956	0.904298
0.985956	0.904298	0.986278	0.904797
0.986278	0.904797	0.986326	0.904707
0.986326	0.904707	0.986341	0.905240
0.986341	0.905240	0.986514	0.905825
0.986514	0.905825	0.986583	0.906255
0.986583	0.906255	0.986580	0.906002
0.986580	0.906002	0.986698	0.906340
0.986698	0.906340	0.986778	0.906392
0.986778	0.906392	0.986763	0.906152
0.986763	0.906152	0.986691	0.906830
0.986691	0.906830	0.986755	0.908169
0.986755	0.908169	0.986978	0.908206
0.986978	0.908206	0.986780	0.908494
0.986780	0.908494	0.986710	0.907592
0.986710	0.907592	0.986776	0.907321
0.986776	0.907321	0.986855	0.908329
0.986855	0.908329	0.987091	0.907625
0.987091	0.907625	0.987062	0.908318
0.987062	0.908318	0.986992	0.907467
0.986992	0.907467	0.987058	0.907371
0.987058	0.907371	0.987074	0.907362
0.987074	0.907362	0.987216	0.907965
0.987216	0.907965	0.987177	0.909472
0.987177	0.909472	0.987295	0.908889
0.987295	0.908889	0.987432	0.908432
0.987432	0.908432	0.987503	0.908078
0.987503	0.908078	0.987637	0.909077
0.987637	0.909077	0.987735	0.908528
0.987735	0.908528	0.987965	0.909610
0.987965	0.909610	0.987936	0.909984
0.987936	0.909984	0.988032	0.911132
0.988032	0.911132	0.988000	0.911135
0.988000	0.911135	0.987932	0.910558
0.987932	0.910558	0.987876	0.910202
0.987876	0.910202	0.987824	0.910191
0.987824	0.910191	0.987775	0.909446
0.987775	0.909446	0.987520	0.909182
0.987520	0.909182	0.987461	0.909225
0.987461	0.909225	0.987368	0.909550
0.987368	0.909550	0.987400	0.908791
0.987400	0.908791	0.987401	0.909066
0.987401	0.909066	0.987546	0.908956
0.987546	0.908956	0.987591	0.908108
0.987591	0.908108	0.987492	0.907488
0.987492	0.907488	0.987504	0.907986
0.987504	0.907986	0.987586	0.908620
0.987586	0.908620	0.987485	0.908553
0.987485	0.908553	0.987404	0.909346
0.987404	0.909346	0.987557	0.910826
0.987557	0.910826	0.987659	0.910436
0.987659	0.910436	0.987797	0.909865
0.987797	0.909865	0.987819	0.910725
0.987819	0.910725	0.987673	0.909945
0.987673	0.909945	0.987618	0.910181
0.987618	0.910181	0.987764	0.909855
0.987764	0.909855	0.987832	0.910468
0.987832	0.910468	0.987785	0.911286
0.987785	0.911286	0.987566	0.911350
0.987566	0.911350	0.987615	0.911649
0.987615	0.911649	0.987785	0.912519
0.987785	0.912519	0.987636	0.912075
0.987636	0.912075	0.987860	0.912473
0.987860	0.912473	0.987696	0.911955
0.987696	0.911955	0.987659	0.911381
0.987659	0.911381	0.987696	0.911293
0.987696	0.911293	0.987715	0.911546
0.987715	0.911546	0.987534	0.911734
0.987534	0.911734	0.987704	0.911509
0.987704	0.911509	0.987659	0.912137
0.987659	0.912137	0.987600	0.912880
0.987600	0.912880	0.987678	0.913327
0.987678	0.913327	0.987594	0.913413
0.987594	0.913413	0.987441	0.913293
0.987441	0.913293	0.987348	0.912716
0.987348	0.912716	0.987292	0.912750
0.987292	0.912750	0.987305	0.913416
0.987305	0.913416	0.987178	0.912480
0.987178	0.912480	0.987062	0.912745
0.987062	0.912745	0.987013	0.913659
0.987013	0.913659	0.986882	0.914012
0.986882	0.914012	0.986936	0.915030
0.986936	0.915030	0.986912	0.914602
0.986912	0.914602	0.986722	0.914497
0.986722	0.914497	0.986577	0.914610
0.986577	0.914610	0.986502	0.915160
0.986502	0.915160	0.986531	0.914663
0.986531	0.914663	0.986552	0.914432
0.986552	0.914432	0.986693	0.915554
0.986693	0.915554	0.986533	0.915642
0.986533	0.915642	0.986555	0.914870
0.986555	0.914870	0.986245	0.914660
0.986245	0.914660	0.986286	0.913647
0.986286	0.913647	0.986156	0.913422
0.986156	0.913422	0.986063	0.913390
0.986063	0.913390	0.986026	0.913904
0.986026	0.913904	0.986221	0.914827
0.986221	0.914827	0.985938	0.914816
0.985938	0.914816	0.985855	0.914068
0.985855	0.914068	0.985932	0.914157
0.985932	0.914157	0.986016	0.913862
0.986016	0.913862	0.986061	0.913378
0.986061	0.913378	0.986104	0.913272
0.986104	0.913272	0.986077	0.912487
0.986077	0.912487	0.986024	0.912330
0.986024	0.912330	0.986006	0.912941
0.986006	0.912941	0.986112	0.912704
0.986112	0.912704	0.986046	0.912685
0.986046	0.912685	0.986007	0.912711
0.986007	0.912711	0.986036	0.912052
0.986036	0.912052	0.986182	0.912054
0.986182	0.912054	0.986195	0.911619
0.986195	0.911619	0.986131	0.911820
0.986131	0.911820	0.985986	0.911636
0.985986	0.911636	0.986001	0.911950
0.986001	0.911950	0.986024	0.911494
0.986024	0.911494	0.985928	0.910982
0.985928	0.910982	0.985930	0.910193
0.985930	0.910193	0.985913	0.911137
0.985913	0.911137	0.985890	0.912171
0.985890	0.912171	0.985813	0.911084
0.985813	0.911084	0.985945	0.911290
0.985945	0.911290	0.985716	0.910524
0.985716	0.910524	0.985807	0.911423
0.985807	0.911423	0.986021	0.911520
0.986021	0.911520	0.986222	0.911803
0.986222	0.911803	0.986241	0.911047
0.986241	0.911047	0.986178	0.910775
0.986178	0.910775	0.986371	0.910709
0.986371	0.910709	0.986393	0.910344
0.986393	0.910344	0.986348	0.910242
0.986348	0.910242	0.986247	0.910374
0.986247	0.910374	0.986232	0.909467
0.986232	0.909467	0.986077	0.908481
0.986077	0.908481	0.986189	0.907881
0.986189	0.907881	0.986134	0.907217
0.986134	0.907217	0.986184	0.908261
0.986184	0.908261	0.986180	0.909227
0.986180	0.909227	0.986182	0.908667
0.986182	0.908667	0.986180	0.908636
0.986180	0.908636	0.986244	0.909348
0.986244	0.909348	0.986391	0.909598
0.986391	0.909598	0.986290	0.909568
0.986290	0.909568	0.985970	0.910028
0.985970	0.910028	0.985982	0.909551
0.985982	0.909551	0.986047	0.909428
0.986047	0.909428	0.985901	0.909275
0.985901	0.909275	0.985968	0.909218
0.985968	0.909218	0.985916	0.908968
0.299992	0.900067	0.677753	0.902748
0.677753	0.902748	0.861874	0.908951
0.861874	0.908951	0.938508	0.915669
0.938508	0.915669	0.969398	0.920524
0.969398	0.920524	0.982930	0.924974
0.982930	0.924974	0.989167	0.926931
0.989167	0.926931	0.992295	0.928931
0.992295	0.928931	0.993868	0.930212
0.993868	0.930212	0.995156	0.932218
0.995156	0.932218	0.995957	0.931589
0.995957	0.931589	0.996615	0.932193
0.996615	0.932193	0.996855	0.933106
0.996855	0.933106	0.997391	0.933155
0.997391	0.933155	0.997723	0.933730
0.997723	0.933730	0.997811	0.933708
0.997811	0.933708	0.997742	0.933487
0.997742	0.933487	0.997707	0.933605
0.997707	0.933605	0.997817	0.933610
0.997817	0.933610	0.997919	0.934311
0.997919	0.934311	0.998171	0.935231
0.998171	0.935231	0.998314	0.935239
0.998314	0.935239	0.998425	0.934882
0.998425	0.934882	0.998644	0.935954
0.998644	0.935954	0.998703	0.936546
0.998703	0.936546	0.998938	0.937092
0.998938	0.937092	0.998973	0.936896
0.998973	0.936896	0.999074	0.937511
0.999074	0.937511	0.999069	0.937078
0.999069	0.937078	0.999062	0.937273
0.999062	0.937273	0.999126	0.937027
0.999126	0.937027	0.999190	0.937005
0.999190	0.937005	0.999314	0.936840
0.999314	0.936840	0.999350	0.936437
0.999350	0.936437	0.999380	0.936244
0.999380	0.936244	0.999401	0.936157
0.999401	0.936157	0.999402	0.936770
0.999402	0.936770	0.999421	0.936469
0.999421	0.936469	0.999509	0.937145
0.999509	0.937145	0.999535	0.935869
0.999535	0.935869	0.999535	0.936088
0.999535	0.936088	0.999535	0.936840
0.999535	0.936840	0.999542	0.936389
0.999542	0.936389	0.999566	0.935614
0.999566	0.935614	0.999622	0.936628
0.999622	0.936628	0.999672	0.937215
0.999672	0.937215	0.999675	0.937922
0.999675	0.937922	0.999709	0.938183
0.999709	0.938183	0.999763	0.938904
0.999763	0.938904	0.999791	0.939162
0.999791	0.939162	0.999828	0.938406
0.999828	0.938406	0.999886	0.938293
0.999886	0.938293	0.999895	0.938495
0.999895	0.938495	0.999926	0.938722
0.999926	0.938722	0.999943	0.937348
0.999943	0.937348	0.999967	0.937512
0.999967	0.937512	0.999965	0.937159
0.999965	0.937159	0.999986	0.937846
0.999986	0.937846	0.999996	0.937531
0.999996	0.937531	0.999996	0.937659
0.999996	0.937659	1.000000	0.937528
1.000000	0.937528	1.000000	0.938317
1.000000	0.938317	1.000000	0.938131
1.000000	0.938131	1.000000	0.938109
1.000000	0.938109	1.000000	0.938853
1.000000	0.938853	1.000000	0.939644
1.000000	0.939644	1.000000	0.939439
1.000000	0.939439	1.000000	0.940164
1.000000	0.940164	1.000000	0.939672
1.000000	0.939672	1.000000	0.939661
1.000000	0.939661	1.000000	0.939642
1.000000	0.939642	1.000000	0.938864
1.000000	0.938864	1.000000	0.938910
1.000000	0.938910	1.000000	0.938927
1.000000	0.938927	1.000000	0.938713
1.000000	0.938713	1.000000	0.938895
1.000000	0.938895	1.000000	0.938772
1.000000	0.938772	1.000000	0.939096
1.000000	0.939096	1.000000	0.938899
1.000000	0.938899	1.000000	0.938263
1.000000	0.938263	1.000000	0.938140
1.000000	0.938140	1.000000	0.937487
1.000000	0.937487	1.000000	0.937352
1.000000	0.937352	1.000000	0.937234
1.000000	0.937234	1.000000	0.937171
1.000000	0.937171	1.000000	0.936592
1.000000	0.936592	1.000000	0.935705
1.000000	0.935705	1.000000	0.934858
1.000000	0.934858	1.000000	0.934344
1.000000	0.934344	1.000000	0.935045
1.000000	0.935045	1.000000	0.935076
1.000000	0.935076	1.000000	0.935005
1.000000	0.935005	1.000000	0.936122
1.000000	0.936122	1.000000	0.936644
1.000000	0.936644	1.000000	0.936868
1.000000	0.936868	1.000000	0.936987
1.000000	0.936987	1.000000	0.937590
1.000000	0.937590	1.000000	0.938021
1.000000	0.938021	1.000000	0.938307
1.000000	0.938307	1.000000	0.938746
1.000000	0.938746	1.000000	0.939393
1.000000	0.939393	1.000000	0.940088
1.000000	0.940088	1.000000	0.939336
1.000000	0.939336	1.000000	0.939493
1.000000	0.939493	1.000000	0.939259
1.000000	0.939259	1.000000	0.938849
1.000000	0.938849	1.000000	0.939349
1.000000	0.939349	1.000000	0.939614
1.000000	0.939614	1.000000	0.939256
1.000000	0.939256	1.000000	0.939011
1.000000	0.939011	1.000000	0.939175
1.000000	0.939175	1.000000	0.939620
1.000000	0.939620	1.000000	0.939143
1.000000	0.939143	1.000000	0.939564
1.000000	0.939564	1.000000	0.940029
1.000000	0.940029	1.000000	0.940606
1.000000	0.940606	1.000000	0.940856
1.000000	0.940856	1.000000	0.940688
1.000000	0.940688	1.000000	0.940709
1.000000	0.940709	1.000000	0.940691
1.000000	0.940691	1.000000	0.940709
1.000000	0.940709	1.000000	0.940669
1.000000	0.940669	1.000000	0.940294
1.000000	0.940294	1.000000	0.939351
1.000000	0.939351	1.000000	0.939392
1.000000	0.939392	1.000000	0.939169
1.000000	0.939169	1.000000	0.938830
1.000000	0.938830	1.000000	0.939091
1.000000	0.939091	1.000000	0.938751
1.000000	0.938751	1.000000	0.938316
1.000000	0.938316	1.000000	0.937720
1.000000	0.937720	1.000000	0.937943
1.000000	0.937943	1.000000	0.938177
1.000000	0.938177	1.000000	0.938564
1.000000	0.938564	1.000000	0.938715
1.000000	0.938715	1.000000	0.938938
1.000000	0.938938	1.000000	0.939275
1.000000	0.939275	1.000000	0.938442
1.000000	0.938442	1.000000	0.938335
1.000000	0.938335	1.000000	0.939017
1.000000	0.939017	1.000000	0.939429
1.000000	0.939429	1.000000	0.940098
1.000000	0.940098	1.000000	0.940278
1.000000	0.940278	1.000000	0.939794
1.000000	0.939794	1.000000	0.939878
1.000000	0.939878	1.000000	0.940411
1.000000	0.940411	1.000000	0.941119
1.000000	0.941119	1.000000	0.940724
1.000000	0.940724	1.000000	0.940402
1.000000	0.940402	1.000000	0.939736
1.000000	0.939736	1.000000	0.938881
1.000000	0.938881	1.000000	0.939061
1.000000	0.939061	1.000000	0.939234
1.000000	0.939234	1.000000	0.938548
1.000000	0.938548	1.000000	0.938440
1.000000	0.938440	1.000000	0.937854
1.000000	0.937854	1.000000	0.938007
1.000000	0.938007	1.000000	0.937997
1.000000	0.937997	1.000000	0.938504
1.000000	0.938504	1.000000	0.938800
1.000000	0.938800	1.000000	0.938362
1.000000	0.938362	1.000000	0.938779
1.000000	0.938779	1.000000	0.937721
1.000000	0.937721	1.000000	0.937953
1.000000	0.937953	1.000000	0.937783
1.000000	0.937783	1.000000	0.938290
1.000000	0.938290	1.000000	0.938496
1.000000	0.938496	1.000000	0.938045
1.000000	0.938045	1.000000	0.938744
1.000000	0.938744	1.000000	0.938543
1.000000	0.938543	1.000000	0.937921
1.000000	0.937921	1.000000	0.938206
1.000000	0.938206	1.000000	0.938215
1.000000	0.938215	1.000000	0.937727
1.000000	0.937727	1.000000	0.937331
1.000000	0.937331	1.000000	0.936497
1.000000	0.936497	1.000000	0.936890
1.000000	0.936890	1.000000	0.936195
1.000000	0.936195	1.000000	0.935904
1.000000	0.935904	1.000000	0.935687
1.000000	0.935687	1.000000	0.935676
1.000000	0.935676	1.000000	0.935637
1.000000	0.935637	1.000000	0.935948
1.000000	0.935948	1.000000	0.935273
1.000000	0.935273	1.000000	0.934733
1.000000	0.934733	1.000000	0.934327
1.000000	0.934327	1.000000	0.934046
1.000000	0.934046	1.000000	0.933109
1.000000	0.933109	1.000000	0.933327
1.000000	0.933327	1.000000	0.933117
1.000000	0.933117	1.000000	0.933220
1.000000	0.933220	1.000000	0.932957
1.000000	0.932957	1.000000	0.932625
1.000000	0.932625	1.000000	0.932632
1.000000	0.932632	1.000000	0.932408
1.000000	0.932408	1.000000	0.933369
1.000000	0.933369	1.000000	0.931841
1.000000	0.931841	1.000000	0.932406
1.000000	0.932406	1.000000	0.932461
1.000000	0.932461	1.000000	0.932286
