0.350419	0.449089	0.324663	0.440220
0.324663	0.440220	0.265910	0.407761
0.265910	0.407761	0.225517	0.359556
0.225517	0.359556	0.186778	0.306257
0.186778	0.306257	0.147866	0.251969
0.147866	0.251969	0.109047	0.200532
0.109047	0.200532	0.075439	0.157084
0.075439	0.157084	0.051335	0.126992
0.051335	0.126992	0.033803	0.105417
0.033803	0.105417	0.022602	0.091006
0.022602	0.091006	0.014992	0.080614
0.014992	0.080614	0.010394	0.073801
0.010394	0.073801	0.007373	0.070143
0.007373	0.070143	0.005430	0.066729
0.005430	0.066729	0.004015	0.064347
0.004015	0.064347	0.002859	0.063155
0.002859	0.063155	0.002036	0.062269
0.002036	0.062269	0.001582	0.061583
0.001582	0.061583	0.001180	0.060585
0.001180	0.060585	0.000816	0.059880
0.000816	0.059880	0.000538	0.060208
0.000538	0.060208	0.000382	0.059066
0.000382	0.059066	0.000287	0.059778
0.000287	0.059778	0.000267	0.059354
0.000267	0.059354	0.000249	0.059607
0.000249	0.059607	0.000183	0.058968
0.000183	0.058968	0.000080	0.058985
0.000080	0.058985	0.000050	0.058849
0.000050	0.058849	0.000033	0.058429
0.000033	0.058429	0.000024	0.058672
0.000024	0.058672	0.000011	0.058664
0.000011	0.058664	0.000003	0.058975
0.000003	0.058975	0.000001	0.058875
0.000001	0.058875	0.000000	0.059030
0.000000	0.059030	0.000000	0.058975
0.000000	0.058975	0.000000	0.059401
0.000000	0.059401	0.000000	0.059512
0.000000	0.059512	0.000000	0.059539
0.000000	0.059539	0.000000	0.059233
0.000000	0.059233	0.000000	0.059045
0.000000	0.059045	0.000000	0.059114
0.000000	0.059114	0.000000	0.059192
0.000000	0.059192	0.000000	0.059387
0.000000	0.059387	0.000000	0.058904
0.000000	0.058904	0.000000	0.058265
0.000000	0.058265	0.000000	0.058687
0.000000	0.058687	0.000000	0.058936
0.000000	0.058936	0.000000	0.058870
0.000000	0.058870	0.000000	0.058892
0.000000	0.058892	0.000000	0.059266
0.000000	0.059266	0.000000	0.059434
0.000000	0.059434	0.000000	0.058896
0.000000	0.058896	0.000000	0.058261
0.000000	0.058261	0.000000	0.058349
0.000000	0.058349	0.000000	0.058226
0.000000	0.058226	0.000000	0.058006
0.000000	0.058006	0.000000	0.057445
0.000000	0.057445	0.000000	0.057176
0.000000	0.057176	0.000000	0.057073
0.000000	0.057073	0.000000	0.056363
0.000000	0.056363	0.000000	0.056192
0.000000	0.056192	0.000000	0.056252
0.000000	0.056252	0.000000	0.056350
0.000000	0.056350	0.000000	0.056299
0.000000	0.056299	0.000000	0.056374
0.000000	0.056374	0.000000	0.056020
0.000000	0.056020	0.000000	0.055781
0.000000	0.055781	0.000000	0.055601
0.000000	0.055601	0.000000	0.055725
0.000000	0.055725	0.000000	0.055642
0.000000	0.055642	0.000000	0.055992
0.000000	0.055992	0.000000	0.056582
0.000000	0.056582	0.000000	0.056911
0.000000	0.056911	0.000000	0.056459
0.000000	0.056459	0.000000	0.056287
0.000000	0.056287	0.000000	0.056814
0.000000	0.056814	0.000000	0.056006
0.000000	0.056006	0.000000	0.056127
0.000000	0.056127	0.000000	0.056014
0.000000	0.056014	0.000000	0.056839
0.000000	0.056839	0.000000	0.056723
0.000000	0.056723	0.000000	0.055899
0.000000	0.055899	0.000000	0.055226
0.000000	0.055226	0.000000	0.055623
0.000000	0.055623	0.000000	0.054870
0.000000	0.054870	0.000000	0.054502
0.000000	0.054502	0.000000	0.054510
0.000000	0.054510	0.000000	0.054898
0.000000	0.054898	0.000000	0.055440
0.000000	0.055440	0.000000	0.055763
0.000000	0.055763	0.000000	0.055063
0.000000	0.055063	0.000000	0.055010
0.000000	0.055010	0.000000	0.055051
0.000000	0.055051	0.000000	0.054936
0.000000	0.054936	0.000000	0.054659
0.000000	0.054659	0.000000	0.054999
0.000000	0.054999	0.000000	0.055668
0.000000	0.055668	0.000000	0.055682
0.000000	0.055682	0.000000	0.055689
0.000000	0.055689	0.000000	0.055513
0.000000	0.055513	0.000000	0.054664
0.000000	0.054664	0.000000	0.054394
0.000000	0.054394	0.000000	0.054806
0.000000	0.054806	0.000000	0.055019
0.000000	0.055019	0.000000	0.055036
0.000000	0.055036	0.000000	0.054918
0.000000	0.054918	0.000000	0.054601
0.000000	0.054601	0.000000	0.055022
0.000000	0.055022	0.000000	0.054917
0.000000	0.054917	0.000000	0.054881
0.000000	0.054881	0.000000	0.055128
0.000000	0.055128	0.000000	0.055697
0.000000	0.055697	0.000000	0.056161
0.000000	0.056161	0.000000	0.056365
0.000000	0.056365	0.000000	0.056598
0.000000	0.056598	0.000000	0.056546
0.000000	0.056546	0.000000	0.056777
0.000000	0.056777	0.000000	0.055965
0.000000	0.055965	0.000000	0.056398
0.000000	0.056398	0.000000	0.056247
0.000000	0.056247	0.000000	0.056098
0.000000	0.056098	0.000000	0.056535
0.000000	0.056535	0.000000	0.056335
0.000000	0.056335	0.000000	0.055703
0.000000	0.055703	0.000000	0.055337
0.000000	0.055337	0.000000	0.055717
0.000000	0.055717	0.000000	0.055302
0.000000	0.055302	0.000000	0.054856
0.000000	0.054856	0.000000	0.054505
0.000000	0.054505	0.000000	0.054448
0.000000	0.054448	0.000000	0.054668
0.000000	0.054668	0.000000	0.054151
0.000000	0.054151	0.000000	0.054238
0.000000	0.054238	0.000000	0.054013
0.000000	0.054013	0.000000	0.053294
0.000000	0.053294	0.000000	0.053804
0.000000	0.053804	0.000000	0.053710
0.000000	0.053710	0.000000	0.053729
0.000000	0.053729	0.000000	0.053700
0.000000	0.053700	0.000000	0.053815
0.000000	0.053815	0.000000	0.054790
0.000000	0.054790	0.000000	0.054409
0.000000	0.054409	0.000000	0.054549
0.000000	0.054549	0.000000	0.055307
0.000000	0.055307	0.000000	0.055211
0.000000	0.055211	0.000000	0.055316
0.000000	0.055316	0.000000	0.054799
0.000000	0.054799	0.000000	0.054897
0.000000	0.054897	0.000000	0.055167
0.000000	0.055167	0.000000	0.054797
0.000000	0.054797	0.000000	0.054606
0.000000	0.054606	0.000000	0.055496
0.000000	0.055496	0.000000	0.055428
0.000000	0.055428	0.000000	0.055024
0.000000	0.055024	0.000000	0.055790
0.000000	0.055790	0.000000	0.055020
0.000000	0.055020	0.000000	0.055190
0.000000	0.055190	0.000000	0.055064
0.000000	0.055064	0.000000	0.055207
0.000000	0.055207	0.000000	0.055576
0.000000	0.055576	0.000000	0.055873
0.000000	0.055873	0.000000	0.055905
0.000000	0.055905	0.000000	0.055109
0.000000	0.055109	0.000000	0.055190
0.000000	0.055190	0.000000	0.054345
0.000000	0.054345	0.000000	0.053665
0.000000	0.053665	0.000000	0.053614
0.000000	0.053614	0.000000	0.052942
0.000000	0.052942	0.000000	0.052966
0.000000	0.052966	0.000000	0.053057
0.000000	0.053057	0.000000	0.052921
0.000000	0.052921	0.000000	0.053093
0.000000	0.053093	0.000000	0.052621
0.000000	0.052621	0.000000	0.052833
0.000000	0.052833	0.000000	0.052953
0.000000	0.052953	0.000000	0.052874
0.000000	0.052874	0.000000	0.053506
0.000000	0.053506	0.000000	0.053653
0.000000	0.053653	0.000000	0.053344
0.000000	0.053344	0.000000	0.053593
0.000000	0.053593	0.000000	0.053958
0.000000	0.053958	0.000000	0.054631
0.000000	0.054631	0.000000	0.053821
0.000000	0.053821	0.000000	0.053843
0.000000	0.053843	0.000000	0.053891
0.000000	0.053891	0.000000	0.053694
0.000000	0.053694	0.000000	0.053104
0.000000	0.053104	0.000000	0.053267
0.000000	0.053267	0.000000	0.053285
0.000000	0.053285	0.000000	0.053713
0.000000	0.053713	0.000000	0.054823
0.000000	0.054823	0.000000	0.055612
0.000000	0.055612	0.000000	0.055640
0.000000	0.055640	0.000000	0.056047
0.000000	0.056047	0.000000	0.055776
0.000000	0.055776	0.000000	0.055007
0.000000	0.055007	0.000000	0.055667
0.000000	0.055667	0.000000	0.056216
0.000000	0.056216	0.000000	0.056885
0.350643	0.400392	0.274002	0.392210
0.274002	0.392210	0.214317	0.363516
0.214317	0.363516	0.180303	0.326302
0.180303	0.326302	0.152605	0.284355
0.152605	0.284355	0.122593	0.239134
0.122593	0.239134	0.095038	0.198291
0.095038	0.198291	0.070899	0.163502
0.070899	0.163502	0.051088	0.136432
0.051088	0.136432	0.035474	0.114785
0.035474	0.114785	0.024457	0.099168
0.024457	0.099168	0.017353	0.089174
0.017353	0.089174	0.012703	0.082314
0.012703	0.082314	0.008998	0.077230
0.008998	0.077230	0.006439	0.073714
0.006439	0.073714	0.004590	0.071206
0.004590	0.071206	0.003478	0.068959
0.003478	0.068959	0.002669	0.067063
0.002669	0.067063	0.002255	0.066774
0.002255	0.066774	0.001968	0.065636
0.001968	0.065636	0.001751	0.064704
0.001751	0.064704	0.001565	0.064721
0.001565	0.064721	0.001261	0.065142
0.001261	0.065142	0.000887	0.065258
0.000887	0.065258	0.000615	0.065097
0.000615	0.065097	0.000401	0.065464
0.000401	0.065464	0.000332	0.064944
0.000332	0.064944	0.000313	0.065054
0.000313	0.065054	0.000339	0.064471
0.000339	0.064471	0.000215	0.064719
0.000215	0.064719	0.000202	0.065249
0.000202	0.065249	0.000107	0.064436
0.000107	0.064436	0.000060	0.064025
0.000060	0.064025	0.000069	0.063376
0.000069	0.063376	0.000071	0.062504
0.000071	0.062504	0.000093	0.063580
0.000093	0.063580	0.000073	0.063395
0.000073	0.063395	0.000082	0.063671
0.000082	0.063671	0.000060	0.063217
0.000060	0.063217	0.000039	0.063784
0.000039	0.063784	0.000016	0.063720
0.000016	0.063720	0.000030	0.063391
0.000030	0.063391	0.000025	0.063489
0.000025	0.063489	0.000013	0.063156
0.000013	0.063156	0.000002	0.063105
0.000002	0.063105	0.000000	0.062521
0.000000	0.062521	0.000000	0.061814
0.000000	0.061814	0.000000	0.061826
0.000000	0.061826	0.000000	0.061173
0.000000	0.061173	0.000000	0.060692
0.000000	0.060692	0.000000	0.060944
0.000000	0.060944	0.000000	0.060836
0.000000	0.060836	0.000000	0.060725
0.000000	0.060725	0.000000	0.060633
0.000000	0.060633	0.000000	0.060995
0.000000	0.060995	0.000000	0.061134
0.000000	0.061134	0.000000	0.060796
0.000000	0.060796	0.000000	0.061249
0.000000	0.061249	0.000000	0.061550
0.000000	0.061550	0.000000	0.062169
0.000000	0.062169	0.000000	0.062586
0.000000	0.062586	0.000000	0.061907
0.000000	0.061907	0.000000	0.061909
0.000000	0.061909	0.000000	0.062648
0.000000	0.062648	0.000000	0.062773
0.000000	0.062773	0.000000	0.062517
0.000000	0.062517	0.000000	0.063033
0.000000	0.063033	0.000000	0.062674
0.000000	0.062674	0.000000	0.062607
0.000000	0.062607	0.000000	0.062369
0.000000	0.062369	0.000000	0.063536
0.000000	0.063536	0.000000	0.063292
0.000000	0.063292	0.000000	0.062862
0.000000	0.062862	0.000000	0.062808
0.000000	0.062808	0.000000	0.062376
0.000000	0.062376	0.000000	0.061715
0.000000	0.061715	0.000000	0.061864
0.000000	0.061864	0.000000	0.062448
0.000000	0.062448	0.000000	0.061989
0.000000	0.061989	0.000000	0.062201
0.000000	0.062201	0.000000	0.062567
0.000000	0.062567	0.000000	0.062647
0.000000	0.062647	0.000000	0.062106
0.000000	0.062106	0.000000	0.061917
0.000000	0.061917	0.000000	0.062312
0.000000	0.062312	0.000000	0.062334
0.000000	0.062334	0.000000	0.062268
0.000000	0.062268	0.000000	0.062115
0.000000	0.062115	0.000000	0.061802
0.000000	0.061802	0.000000	0.061219
0.000000	0.061219	0.000000	0.061438
0.000000	0.061438	0.000000	0.060988
0.000000	0.060988	0.000000	0.060915
0.000000	0.060915	0.000000	0.060979
0.000000	0.060979	0.000000	0.060315
0.000000	0.060315	0.000000	0.060227
0.000000	0.060227	0.000000	0.061053
0.000000	0.061053	0.000000	0.060525
0.000000	0.060525	0.000000	0.060453
0.000000	0.060453	0.000000	0.061192
0.000000	0.061192	0.000000	0.061319
0.000000	0.061319	0.000000	0.061515
0.000000	0.061515	0.000000	0.061553
0.000000	0.061553	0.000000	0.062257
0.000000	0.062257	0.000000	0.062169
0.000000	0.062169	0.000000	0.062247
0.000000	0.062247	0.000000	0.062517
0.000000	0.062517	0.000000	0.062113
0.000000	0.062113	0.000000	0.062346
0.000000	0.062346	0.000000	0.062014
0.000000	0.062014	0.000000	0.062136
0.000000	0.062136	0.000000	0.062298
0.000000	0.062298	0.000000	0.062331
0.000000	0.062331	0.000000	0.062703
0.000000	0.062703	0.000000	0.062782
0.000000	0.062782	0.000000	0.062523
0.000000	0.062523	0.000000	0.062093
0.000000	0.062093	0.000000	0.063194
0.000000	0.063194	0.000000	0.062923
0.000000	0.062923	0.000000	0.063474
0.000000	0.063474	0.000000	0.062545
0.000000	0.062545	0.000000	0.062177
0.000000	0.062177	0.000000	0.063031
0.000000	0.063031	0.000000	0.063319
0.000000	0.063319	0.000000	0.063202
0.000000	0.063202	0.000000	0.061936
0.000000	0.061936	0.000000	0.062857
0.000000	0.062857	0.000000	0.062793
0.000000	0.062793	0.000000	0.062798
0.000000	0.062798	0.000000	0.063202
0.000000	0.063202	0.000000	0.062843
0.000000	0.062843	0.000000	0.063642
0.000000	0.063642	0.000000	0.063046
0.000000	0.063046	0.000000	0.063120
0.000000	0.063120	0.000000	0.062251
0.000000	0.062251	0.000000	0.061875
0.000000	0.061875	0.000000	0.061707
0.000000	0.061707	0.000000	0.062078
0.000000	0.062078	0.000000	0.062168
0.000000	0.062168	0.000000	0.062471
0.000000	0.062471	0.000000	0.061852
0.000000	0.061852	0.000000	0.062262
0.000000	0.062262	0.000000	0.061981
0.000000	0.061981	0.000000	0.061491
0.000000	0.061491	0.000000	0.061925
0.000000	0.061925	0.000000	0.062066
0.000000	0.062066	0.000000	0.061442
0.000000	0.061442	0.000000	0.061361
0.000000	0.061361	0.000000	0.060862
0.000000	0.060862	0.000000	0.060362
0.000000	0.060362	0.000000	0.059759
0.000000	0.059759	0.000000	0.059622
0.000000	0.059622	0.000000	0.058997
0.000000	0.058997	0.000000	0.059366
0.000000	0.059366	0.000000	0.058471
0.000000	0.058471	0.000000	0.058629
0.000000	0.058629	0.000000	0.058379
0.000000	0.058379	0.000000	0.058843
0.000000	0.058843	0.000000	0.058354
0.000000	0.058354	0.000000	0.057635
0.000000	0.057635	0.000000	0.057330
0.000000	0.057330	0.000000	0.057764
0.000000	0.057764	0.000000	0.056908
0.000000	0.056908	0.000000	0.056406
0.000000	0.056406	0.000000	0.056522
0.000000	0.056522	0.000000	0.056525
0.000000	0.056525	0.000000	0.055757
0.000000	0.055757	0.000000	0.054820
0.000000	0.054820	0.000000	0.054071
0.000000	0.054071	0.000000	0.054177
0.000000	0.054177	0.000000	0.054371
0.000000	0.054371	0.000000	0.054375
0.000000	0.054375	0.000000	0.053777
0.000000	0.053777	0.000000	0.053747
0.000000	0.053747	0.000000	0.053820
0.000000	0.053820	0.000000	0.053399
0.000000	0.053399	0.000000	0.052726
0.000000	0.052726	0.000000	0.052523
0.000000	0.052523	0.000000	0.052394
0.000000	0.052394	0.000000	0.052529
0.000000	0.052529	0.000000	0.053137
0.000000	0.053137	0.000000	0.053320
0.000000	0.053320	0.000000	0.054140
0.000000	0.054140	0.000000	0.054414
0.000000	0.054414	0.000000	0.055062
0.000000	0.055062	0.000000	0.055514
0.000000	0.055514	0.000000	0.055781
0.000000	0.055781	0.000000	0.056103
0.000000	0.056103	0.000000	0.056110
0.000000	0.056110	0.000000	0.056940
0.000000	0.056940	0.000000	0.056921
0.000000	0.056921	0.000000	0.056973
0.000000	0.056973	0.000000	0.057449
0.000000	0.057449	0.000000	0.057464
0.000000	0.057464	0.000000	0.057852
0.000000	0.057852	0.000000	0.057957
0.000000	0.057957	0.000000	0.057703
0.000000	0.057703	0.000000	0.057995
0.000000	0.057995	0.000000	0.057440
0.000000	0.057440	0.000000	0.058042
0.349867	0.349598	0.222291	0.343413
0.222291	0.343413	0.166939	0.322905
0.166939	0.322905	0.142870	0.296938
0.142870	0.296938	0.123501	0.265762
0.123501	0.265762	0.104891	0.233084
0.104891	0.233084	0.085707	0.201835
0.085707	0.201835	0.066918	0.173018
0.066918	0.173018	0.051643	0.149920
0.051643	0.149920	0.038861	0.130578
0.038861	0.130578	0.029241	0.115974
0.029241	0.115974	0.021038	0.104370
0.021038	0.104370	0.016049	0.096352
0.016049	0.096352	0.012249	0.090823
0.012249	0.090823	0.009293	0.085400
0.009293	0.085400	0.007124	0.081331
0.007124	0.081331	0.005567	0.078091
0.005567	0.078091	0.004531	0.077314
0.004531	0.077314	0.003524	0.075882
0.003524	0.075882	0.002892	0.074603
0.002892	0.074603	0.002504	0.073856
0.002504	0.073856	0.002086	0.072721
0.002086	0.072721	0.001643	0.072571
0.001643	0.072571	0.001248	0.072100
0.001248	0.072100	0.000966	0.072295
0.000966	0.072295	0.000767	0.072874
0.000767	0.072874	0.000632	0.071767
0.000632	0.071767	0.000511	0.072129
0.000511	0.072129	0.000427	0.072401
0.000427	0.072401	0.000384	0.072616
0.000384	0.072616	0.000364	0.072261
0.000364	0.072261	0.000346	0.071994
0.000346	0.071994	0.000314	0.072483
0.000314	0.072483	0.000199	0.073109
0.000199	0.073109	0.000138	0.073713
0.000138	0.073713	0.000113	0.074582
0.000113	0.074582	0.000142	0.075923
0.000142	0.075923	0.000122	0.074699
0.000122	0.074699	0.000124	0.073785
0.000124	0.073785	0.000128	0.073507
0.000128	0.073507	0.000080	0.075013
0.000080	0.075013	0.000060	0.074101
0.000060	0.074101	0.000033	0.073404
0.000033	0.073404	0.000036	0.072673
0.000036	0.072673	0.000033	0.072120
0.000033	0.072120	0.000048	0.072166
0.000048	0.072166	0.000058	0.072340
0.000058	0.072340	0.000081	0.072449
0.000081	0.072449	0.000037	0.073022
0.000037	0.073022	0.000017	0.074029
0.000017	0.074029	0.000009	0.073403
0.000009	0.073403	0.000013	0.074401
0.000013	0.074401	0.000026	0.074435
0.000026	0.074435	0.000025	0.074648
0.000025	0.074648	0.000030	0.075026
0.000030	0.075026	0.000028	0.074968
0.000028	0.074968	0.000007	0.075482
0.000007	0.075482	0.000009	0.076606
0.000009	0.076606	0.000001	0.077124
0.000001	0.077124	0.000000	0.077153
0.000000	0.077153	0.000000	0.076961
0.000000	0.076961	0.000000	0.077651
0.000000	0.077651	0.000000	0.076670
0.000000	0.076670	0.000000	0.077216
0.000000	0.077216	0.000000	0.077572
0.000000	0.077572	0.000000	0.077027
0.000000	0.077027	0.000000	0.077176
0.000000	0.077176	0.000000	0.077855
0.000000	0.077855	0.000000	0.078224
0.000000	0.078224	0.000000	0.078676
0.000000	0.078676	0.000000	0.079255
0.000000	0.079255	0.000000	0.078639
0.000000	0.078639	0.000000	0.078485
0.000000	0.078485	0.000000	0.079104
0.000000	0.079104	0.000000	0.079782
0.000000	0.079782	0.000000	0.079692
0.000000	0.079692	0.000000	0.078825
0.000000	0.078825	0.000000	0.079380
0.000000	0.079380	0.000000	0.079835
0.000000	0.079835	0.000000	0.079861
0.000000	0.079861	0.000000	0.080087
0.000000	0.080087	0.000000	0.079583
0.000000	0.079583	0.000000	0.079683
0.000000	0.079683	0.000000	0.080180
0.000000	0.080180	0.000000	0.080104
0.000000	0.080104	0.000000	0.079489
0.000000	0.079489	0.000000	0.079900
0.000000	0.079900	0.000000	0.079961
0.000000	0.079961	0.000000	0.079130
0.000000	0.079130	0.000000	0.078743
0.000000	0.078743	0.000000	0.078701
0.000000	0.078701	0.000000	0.078589
0.000000	0.078589	0.000000	0.078789
0.000000	0.078789	0.000000	0.078929
0.000000	0.078929	0.000000	0.078954
0.000000	0.078954	0.000000	0.077772
0.000000	0.077772	0.000000	0.077731
0.000000	0.077731	0.000000	0.076838
0.000000	0.076838	0.000000	0.076779
0.000000	0.076779	0.000000	0.077151
0.000000	0.077151	0.000000	0.076963
0.000000	0.076963	0.000000	0.076886
0.000000	0.076886	0.000000	0.076412
0.000000	0.076412	0.000000	0.076240
0.000000	0.076240	0.000000	0.076723
0.000000	0.076723	0.000000	0.077316
0.000000	0.077316	0.000000	0.077679
0.000000	0.077679	0.000000	0.078330
0.000000	0.078330	0.000000	0.079150
0.000000	0.079150	0.000000	0.079773
0.000000	0.079773	0.000000	0.080555
0.000000	0.080555	0.000000	0.080682
0.000000	0.080682	0.000000	0.081415
0.000000	0.081415	0.000000	0.081488
0.000000	0.081488	0.000000	0.082498
0.000000	0.082498	0.000000	0.081923
0.000000	0.081923	0.000000	0.083282
0.000000	0.083282	0.000000	0.081647
0.000000	0.081647	0.000000	0.081592
0.000000	0.081592	0.000000	0.080964
0.000000	0.080964	0.000000	0.080819
0.000000	0.080819	0.000000	0.081344
0.000000	0.081344	0.000000	0.082175
0.000000	0.082175	0.000000	0.082004
0.000000	0.082004	0.000000	0.081132
0.000000	0.081132	0.000000	0.080787
0.000000	0.080787	0.000000	0.081537
0.000000	0.081537	0.000000	0.080900
0.000000	0.080900	0.000000	0.079952
0.000000	0.079952	0.000000	0.079749
0.000000	0.079749	0.000000	0.079714
0.000000	0.079714	0.000000	0.079662
0.000000	0.079662	0.000000	0.079620
0.000000	0.079620	0.000000	0.079361
0.000000	0.079361	0.000000	0.079503
0.000000	0.079503	0.000000	0.080071
0.000000	0.080071	0.000000	0.079649
0.000000	0.079649	0.000000	0.080146
0.000000	0.080146	0.000000	0.081558
0.000000	0.081558	0.000000	0.081321
0.000000	0.081321	0.000000	0.080959
0.000000	0.080959	0.000000	0.081471
0.000000	0.081471	0.000000	0.081157
0.000000	0.081157	0.000000	0.081781
0.000000	0.081781	0.000000	0.081934
0.000000	0.081934	0.000000	0.081210
0.000000	0.081210	0.000000	0.081091
0.000000	0.081091	0.000000	0.081214
0.000000	0.081214	0.000000	0.080745
0.000000	0.080745	0.000000	0.080388
0.000000	0.080388	0.000000	0.080063
0.000000	0.080063	0.000000	0.079418
0.000000	0.079418	0.000000	0.079231
0.000000	0.079231	0.000000	0.078662
0.000000	0.078662	0.000000	0.078154
0.000000	0.078154	0.000000	0.077937
0.000000	0.077937	0.000000	0.078577
0.000000	0.078577	0.000000	0.079026
0.000000	0.079026	0.000000	0.079231
0.000000	0.079231	0.000000	0.078845
0.000000	0.078845	0.000000	0.078487
0.000000	0.078487	0.000000	0.078395
0.000000	0.078395	0.000000	0.078584
0.000000	0.078584	0.000000	0.079405
0.000000	0.079405	0.000000	0.078936
0.000000	0.078936	0.000000	0.078655
0.000000	0.078655	0.000000	0.078975
0.000000	0.078975	0.000000	0.078261
0.000000	0.078261	0.000000	0.078296
0.000000	0.078296	0.000000	0.077792
0.000000	0.077792	0.000000	0.077804
0.000000	0.077804	0.000000	0.076737
0.000000	0.076737	0.000000	0.075725
0.000000	0.075725	0.000000	0.076092
0.000000	0.076092	0.000000	0.074868
0.000000	0.074868	0.000000	0.075390
0.000000	0.075390	0.000000	0.075104
0.000000	0.075104	0.000000	0.075449
0.000000	0.075449	0.000000	0.076139
0.000000	0.076139	0.000000	0.076485
0.000000	0.076485	0.000000	0.076439
0.000000	0.076439	0.000000	0.076490
0.000000	0.076490	0.000000	0.076328
0.000000	0.076328	0.000000	0.076550
0.000000	0.076550	0.000000	0.075894
0.000000	0.075894	0.000000	0.075984
0.000000	0.075984	0.000000	0.075149
0.000000	0.075149	0.000000	0.074438
0.000000	0.074438	0.000000	0.074766
0.000000	0.074766	0.000000	0.074694
0.000000	0.074694	0.000000	0.074663
0.000000	0.074663	0.000000	0.074036
0.000000	0.074036	0.000000	0.074576
0.000000	0.074576	0.000000	0.076441
0.000000	0.076441	0.000000	0.076781
0.000000	0.076781	0.000000	0.076961
0.000000	0.076961	0.000000	0.076971
0.000000	0.076971	0.000000	0.076622
0.000000	0.076622	0.000000	0.075662
0.000000	0.075662	0.000000	0.076007
0.348849	0.299921	0.171290	0.291935
0.171290	0.291935	0.119707	0.277754
0.119707	0.277754	0.101967	0.260412
0.101967	0.260412	0.092063	0.240935
0.092063	0.240935	0.081746	0.220301
0.081746	0.220301	0.070343	0.199919
0.070343	0.199919	0.059372	0.181251
0.059372	0.181251	0.048597	0.164667
0.048597	0.164667	0.039690	0.150700
0.039690	0.150700	0.031791	0.138883
0.031791	0.138883	0.025683	0.128039
0.025683	0.128039	0.020640	0.120613
0.020640	0.120613	0.016720	0.114962
0.016720	0.114962	0.014041	0.111082
0.014041	0.111082	0.011433	0.107447
0.011433	0.107447	0.009781	0.104398
0.009781	0.104398	0.008148	0.101803
0.008148	0.101803	0.006526	0.099655
0.006526	0.099655	0.005399	0.098089
0.005399	0.098089	0.004479	0.096619
0.004479	0.096619	0.003693	0.095008
0.003693	0.095008	0.003041	0.094027
0.003041	0.094027	0.002619	0.093286
0.002619	0.093286	0.002027	0.092210
0.002027	0.092210	0.001616	0.091996
0.001616	0.091996	0.001270	0.091604
0.001270	0.091604	0.001119	0.092232
0.001119	0.092232	0.000958	0.092743
0.000958	0.092743	0.000811	0.092560
0.000811	0.092560	0.000690	0.093026
0.000690	0.093026	0.000674	0.093012
0.000674	0.093012	0.000508	0.093145
0.000508	0.093145	0.000426	0.093365
0.000426	0.093365	0.000381	0.093615
0.000381	0.093615	0.000292	0.093601
0.000292	0.093601	0.000272	0.094086
0.000272	0.094086	0.000340	0.093769
0.000340	0.093769	0.000363	0.094582
0.000363	0.094582	0.000404	0.093976
0.000404	0.093976	0.000410	0.092656
0.000410	0.092656	0.000419	0.093052
0.000419	0.093052	0.000382	0.093366
0.000382	0.093366	0.000389	0.092904
0.000389	0.092904	0.000396	0.093035
0.000396	0.093035	0.000353	0.093448
0.000353	0.093448	0.000321	0.094420
0.000321	0.094420	0.000345	0.095795
0.000345	0.095795	0.000324	0.095690
0.000324	0.095690	0.000358	0.095940
0.000358	0.095940	0.000269	0.095412
0.000269	0.095412	0.000227	0.095207
0.000227	0.095207	0.000182	0.094626
0.000182	0.094626	0.000157	0.093816
0.000157	0.093816	0.000134	0.094214
0.000134	0.094214	0.000124	0.094261
0.000124	0.094261	0.000087	0.094437
0.000087	0.094437	0.000052	0.094986
0.000052	0.094986	0.000054	0.095409
0.000054	0.095409	0.000048	0.094753
0.000048	0.094753	0.000028	0.094831
0.000028	0.094831	0.000026	0.095538
0.000026	0.095538	0.000017	0.095383
0.000017	0.095383	0.000004	0.095239
0.000004	0.095239	0.000010	0.094066
0.000010	0.094066	0.000006	0.093546
0.000006	0.093546	0.000000	0.092212
0.000000	0.092212	0.000000	0.092627
0.000000	0.092627	0.000000	0.092778
0.000000	0.092778	0.000000	0.092304
0.000000	0.092304	0.000000	0.093326
0.000000	0.093326	0.000000	0.093398
0.000000	0.093398	0.000000	0.092594
0.000000	0.092594	0.000000	0.092316
0.000000	0.092316	0.000000	0.091695
0.000000	0.091695	0.000000	0.092690
0.000000	0.092690	0.000000	0.091554
0.000000	0.091554	0.000000	0.091115
0.000000	0.091115	0.000000	0.090124
0.000000	0.090124	0.000000	0.089767
0.000000	0.089767	0.000000	0.089415
0.000000	0.089415	0.000000	0.088598
0.000000	0.088598	0.000000	0.088379
0.000000	0.088379	0.000000	0.088485
0.000000	0.088485	0.000000	0.087753
0.000000	0.087753	0.000000	0.087630
0.000000	0.087630	0.000000	0.087964
0.000000	0.087964	0.000000	0.088671
0.000000	0.088671	0.000000	0.088370
0.000000	0.088370	0.000000	0.088635
0.000000	0.088635	0.000000	0.088134
0.000000	0.088134	0.000000	0.088225
0.000000	0.088225	0.000000	0.089177
0.000000	0.089177	0.000000	0.088369
0.000000	0.088369	0.000000	0.088176
0.000000	0.088176	0.000000	0.088918
0.000000	0.088918	0.000000	0.087773
0.000000	0.087773	0.000000	0.087426
0.000000	0.087426	0.000000	0.088726
0.000000	0.088726	0.000000	0.087869
0.000000	0.087869	0.000000	0.088240
0.000000	0.088240	0.000000	0.088377
0.000000	0.088377	0.000000	0.089395
0.000000	0.089395	0.000000	0.090203
0.000000	0.090203	0.000000	0.090489
0.000000	0.090489	0.000000	0.089979
0.000000	0.089979	0.000000	0.089740
0.000000	0.089740	0.000000	0.088767
0.000000	0.088767	0.000000	0.088994
0.000000	0.088994	0.000000	0.088968
0.000000	0.088968	0.000000	0.089829
0.000000	0.089829	0.000000	0.089133
0.000000	0.089133	0.000000	0.088791
0.000000	0.088791	0.000000	0.089743
0.000000	0.089743	0.000000	0.089939
0.000000	0.089939	0.000000	0.091178
0.000000	0.091178	0.000000	0.090503
0.000000	0.090503	0.000000	0.090900
0.000000	0.090900	0.000000	0.090978
0.000000	0.090978	0.000000	0.090763
0.000000	0.090763	0.000000	0.090201
0.000000	0.090201	0.000000	0.089166
0.000000	0.089166	0.000000	0.088788
0.000000	0.088788	0.000000	0.089346
0.000000	0.089346	0.000000	0.089126
0.000000	0.089126	0.000000	0.089173
0.000000	0.089173	0.000000	0.089443
0.000000	0.089443	0.000000	0.089300
0.000000	0.089300	0.000000	0.088844
0.000000	0.088844	0.000000	0.089636
0.000000	0.089636	0.000000	0.088926
0.000000	0.088926	0.000000	0.088739
0.000000	0.088739	0.000000	0.089643
0.000000	0.089643	0.000000	0.089825
0.000000	0.089825	0.000000	0.090881
0.000000	0.090881	0.000000	0.091498
0.000000	0.091498	0.000000	0.091567
0.000000	0.091567	0.000000	0.091568
0.000000	0.091568	0.000000	0.091332
0.000000	0.091332	0.000000	0.090429
0.000000	0.090429	0.000000	0.090373
0.000000	0.090373	0.000000	0.091280
0.000000	0.091280	0.000000	0.091625
0.000000	0.091625	0.000000	0.091624
0.000000	0.091624	0.000000	0.091583
0.000000	0.091583	0.000000	0.091783
0.000000	0.091783	0.000000	0.091335
0.000000	0.091335	0.000000	0.090853
0.000000	0.090853	0.000000	0.091232
0.000000	0.091232	0.000000	0.090428
0.000000	0.090428	0.000000	0.092369
0.000000	0.092369	0.000000	0.093239
0.000000	0.093239	0.000000	0.092315
0.000000	0.092315	0.000000	0.092098
0.000000	0.092098	0.000000	0.092055
0.000000	0.092055	0.000000	0.092269
0.000000	0.092269	0.000000	0.092472
0.000000	0.092472	0.000000	0.091747
0.000000	0.091747	0.000000	0.092869
0.000000	0.092869	0.000000	0.092002
0.000000	0.092002	0.000000	0.092170
0.000000	0.092170	0.000000	0.091149
0.000000	0.091149	0.000000	0.090728
0.000000	0.090728	0.000000	0.092317
0.000000	0.092317	0.000000	0.092702
0.000000	0.092702	0.000000	0.092232
0.000000	0.092232	0.000000	0.092196
0.000000	0.092196	0.000000	0.092256
0.000000	0.092256	0.000000	0.092677
0.000000	0.092677	0.000000	0.092413
0.000000	0.092413	0.000000	0.092513
0.000000	0.092513	0.000000	0.092407
0.000000	0.092407	0.000000	0.092577
0.000000	0.092577	0.000000	0.093248
0.000000	0.093248	0.000000	0.093683
0.000000	0.093683	0.000000	0.092954
0.000000	0.092954	0.000000	0.093440
0.000000	0.093440	0.000000	0.092683
0.000000	0.092683	0.000000	0.093250
0.000000	0.093250	0.000000	0.093672
0.000000	0.093672	0.000000	0.093696
0.000000	0.093696	0.000000	0.093588
0.000000	0.093588	0.000000	0.094201
0.000000	0.094201	0.000000	0.094881
0.000000	0.094881	0.000000	0.094705
0.000000	0.094705	0.000000	0.094557
0.000000	0.094557	0.000000	0.095310
0.000000	0.095310	0.000000	0.094434
0.000000	0.094434	0.000000	0.094435
0.000000	0.094435	0.000000	0.095175
0.000000	0.095175	0.000000	0.094796
0.000000	0.094796	0.000000	0.094312
0.000000	0.094312	0.000000	0.094916
0.000000	0.094916	0.000000	0.095035
0.000000	0.095035	0.000000	0.096088
0.000000	0.096088	0.000000	0.096545
0.000000	0.096545	0.000000	0.096728
0.000000	0.096728	0.000000	0.096489
0.000000	0.096489	0.000000	0.097181
0.000000	0.097181	0.000000	0.098038
0.350268	0.249680	0.127679	0.242753
0.127679	0.242753	0.080363	0.236156
0.080363	0.236156	0.067548	0.230385
0.067548	0.230385	0.065378	0.226372
0.065378	0.226372	0.063436	0.220997
0.063436	0.220997	0.061000	0.213449
0.061000	0.213449	0.057480	0.205006
0.057480	0.205006	0.052947	0.195992
0.052947	0.195992	0.047760	0.186054
0.047760	0.186054	0.042961	0.178193
0.042961	0.178193	0.037891	0.168097
0.037891	0.168097	0.032819	0.159865
0.032819	0.159865	0.028206	0.152845
0.028206	0.152845	0.024238	0.146366
0.024238	0.146366	0.020526	0.140995
0.020526	0.140995	0.017953	0.137440
0.017953	0.137440	0.015095	0.133465
0.015095	0.133465	0.013094	0.130089
0.013094	0.130089	0.011548	0.127486
0.011548	0.127486	0.010022	0.124524
0.010022	0.124524	0.008807	0.122709
0.008807	0.122709	0.007658	0.120177
0.007658	0.120177	0.006417	0.117805
0.006417	0.117805	0.005402	0.116618
0.005402	0.116618	0.004419	0.115257
0.004419	0.115257	0.003982	0.113994
0.003982	0.113994	0.003597	0.113005
0.003597	0.113005	0.003331	0.113029
0.003331	0.113029	0.003087	0.111874
0.003087	0.111874	0.002455	0.110592
0.002455	0.110592	0.002110	0.110548
0.002110	0.110548	0.001782	0.110344
0.001782	0.110344	0.001526	0.110884
0.001526	0.110884	0.001190	0.110646
0.001190	0.110646	0.000965	0.110024
0.000965	0.110024	0.000825	0.109929
0.000825	0.109929	0.000641	0.109550
0.000641	0.109550	0.000562	0.109899
0.000562	0.109899	0.000489	0.109210
0.000489	0.109210	0.000541	0.109262
0.000541	0.109262	0.000464	0.108996
0.000464	0.108996	0.000419	0.109254
0.000419	0.109254	0.000370	0.110108
0.000370	0.110108	0.000427	0.110043
0.000427	0.110043	0.000263	0.110684
0.000263	0.110684	0.000203	0.110472
0.000203	0.110472	0.000235	0.110025
0.000235	0.110025	0.000160	0.108890
0.000160	0.108890	0.000115	0.108807
0.000115	0.108807	0.000107	0.109566
0.000107	0.109566	0.000084	0.110074
0.000084	0.110074	0.000093	0.109339
0.000093	0.109339	0.000076	0.107949
0.000076	0.107949	0.000083	0.107195
0.000083	0.107195	0.000073	0.106693
0.000073	0.106693	0.000142	0.106655
0.000142	0.106655	0.000147	0.105705
0.000147	0.105705	0.000138	0.105339
0.000138	0.105339	0.000086	0.105455
0.000086	0.105455	0.000051	0.104401
0.000051	0.104401	0.000023	0.105018
0.000023	0.105018	0.000014	0.104878
0.000014	0.104878	0.000015	0.105119
0.000015	0.105119	0.000000	0.105132
0.000000	0.105132	0.000000	0.105295
0.000000	0.105295	0.000000	0.104959
0.000000	0.104959	0.000000	0.104979
0.000000	0.104979	0.000000	0.104935
0.000000	0.104935	0.000000	0.105010
0.000000	0.105010	0.000000	0.105426
0.000000	0.105426	0.000000	0.104912
0.000000	0.104912	0.000000	0.104168
0.000000	0.104168	0.000000	0.104345
0.000000	0.104345	0.000000	0.104420
0.000000	0.104420	0.000000	0.105728
0.000000	0.105728	0.000000	0.105670
0.000000	0.105670	0.000000	0.106170
0.000000	0.106170	0.000000	0.105848
0.000000	0.105848	0.000000	0.106413
0.000000	0.106413	0.000000	0.105937
0.000000	0.105937	0.000000	0.105705
0.000000	0.105705	0.000000	0.105154
0.000000	0.105154	0.000000	0.104964
0.000000	0.104964	0.000000	0.103864
0.000000	0.103864	0.000000	0.104155
0.000000	0.104155	0.000000	0.103525
0.000000	0.103525	0.000000	0.103501
0.000000	0.103501	0.000000	0.103298
0.000000	0.103298	0.000000	0.103297
0.000000	0.103297	0.000000	0.103332
0.000000	0.103332	0.000000	0.102628
0.000000	0.102628	0.000000	0.102290
0.000000	0.102290	0.000000	0.102513
0.000000	0.102513	0.000000	0.102869
0.000000	0.102869	0.000000	0.102669
0.000000	0.102669	0.000000	0.103070
0.000000	0.103070	0.000000	0.103185
0.000000	0.103185	0.000000	0.104320
0.000000	0.104320	0.000000	0.104840
0.000000	0.104840	0.000000	0.103555
0.000000	0.103555	0.000000	0.102571
0.000000	0.102571	0.000000	0.102548
0.000000	0.102548	0.000000	0.102042
0.000000	0.102042	0.000000	0.102242
0.000000	0.102242	0.000000	0.102003
0.000000	0.102003	0.000000	0.102208
0.000000	0.102208	0.000000	0.103198
0.000000	0.103198	0.000000	0.102352
0.000000	0.102352	0.000000	0.102424
0.000000	0.102424	0.000000	0.102541
0.000000	0.102541	0.000000	0.102773
0.000000	0.102773	0.000000	0.102139
0.000000	0.102139	0.000000	0.102557
0.000000	0.102557	0.000000	0.103456
0.000000	0.103456	0.000000	0.103663
0.000000	0.103663	0.000000	0.103560
0.000000	0.103560	0.000000	0.104854
0.000000	0.104854	0.000000	0.104799
0.000000	0.104799	0.000000	0.104433
0.000000	0.104433	0.000000	0.105010
0.000000	0.105010	0.000000	0.104993
0.000000	0.104993	0.000000	0.105183
0.000000	0.105183	0.000000	0.104932
0.000000	0.104932	0.000000	0.105326
0.000000	0.105326	0.000000	0.106592
0.000000	0.106592	0.000000	0.105074
0.000000	0.105074	0.000000	0.104422
0.000000	0.104422	0.000000	0.104943
0.000000	0.104943	0.000000	0.104208
0.000000	0.104208	0.000000	0.104267
0.000000	0.104267	0.000000	0.103624
0.000000	0.103624	0.000000	0.104269
0.000000	0.104269	0.000000	0.104705
0.000000	0.104705	0.000000	0.104835
0.000000	0.104835	0.000000	0.104402
0.000000	0.104402	0.000000	0.104230
0.000000	0.104230	0.000000	0.104433
0.000000	0.104433	0.000000	0.105737
0.000000	0.105737	0.000000	0.106036
0.000000	0.106036	0.000000	0.106233
0.000000	0.106233	0.000000	0.105471
0.000000	0.105471	0.000000	0.104892
0.000000	0.104892	0.000000	0.104864
0.000000	0.104864	0.000000	0.104212
0.000000	0.104212	0.000000	0.103550
0.000000	0.103550	0.000000	0.103468
0.000000	0.103468	0.000000	0.103180
0.000000	0.103180	0.000000	0.103707
0.000000	0.103707	0.000000	0.103777
0.000000	0.103777	0.000000	0.103446
0.000000	0.103446	0.000000	0.102897
0.000000	0.102897	0.000000	0.104082
0.000000	0.104082	0.000000	0.103567
0.000000	0.103567	0.000000	0.103658
0.000000	0.103658	0.000000	0.103805
0.000000	0.103805	0.000000	0.103761
0.000000	0.103761	0.000000	0.104133
0.000000	0.104133	0.000000	0.103902
0.000000	0.103902	0.000000	0.104382
0.000000	0.104382	0.000000	0.105262
0.000000	0.105262	0.000000	0.105097
0.000000	0.105097	0.000000	0.104617
0.000000	0.104617	0.000000	0.104417
0.000000	0.104417	0.000000	0.104885
0.000000	0.104885	0.000000	0.105364
0.000000	0.105364	0.000000	0.105579
0.000000	0.105579	0.000000	0.105454
0.000000	0.105454	0.000000	0.105798
0.000000	0.105798	0.000000	0.105609
0.000000	0.105609	0.000000	0.106532
0.000000	0.106532	0.000000	0.106614
0.000000	0.106614	0.000000	0.106559
0.000000	0.106559	0.000000	0.107161
0.000000	0.107161	0.000000	0.106957
0.000000	0.106957	0.000000	0.107477
0.000000	0.107477	0.000000	0.106152
0.000000	0.106152	0.000000	0.106699
0.000000	0.106699	0.000000	0.106793
0.000000	0.106793	0.000000	0.106586
0.000000	0.106586	0.000000	0.106628
0.000000	0.106628	0.000000	0.106070
0.000000	0.106070	0.000000	0.104749
0.000000	0.104749	0.000000	0.104653
0.000000	0.104653	0.000000	0.105168
0.000000	0.105168	0.000000	0.105671
0.000000	0.105671	0.000000	0.105614
0.000000	0.105614	0.000000	0.106108
0.000000	0.106108	0.000000	0.105647
0.000000	0.105647	0.000000	0.105964
0.000000	0.105964	0.000000	0.106580
0.000000	0.106580	0.000000	0.106766
0.000000	0.106766	0.000000	0.107112
0.000000	0.107112	0.000000	0.106968
0.000000	0.106968	0.000000	0.106796
0.000000	0.106796	0.000000	0.106982
0.000000	0.106982	0.000000	0.106163
0.000000	0.106163	0.000000	0.105599
0.000000	0.105599	0.000000	0.104992
0.000000	0.104992	0.000000	0.104475
0.350880	0.200681	0.089294	0.194348
0.089294	0.194348	0.050003	0.191619
0.050003	0.191619	0.042630	0.195281
0.042630	0.195281	0.042262	0.201621
0.042262	0.201621	0.043486	0.208075
0.043486	0.208075	0.045460	0.214339
0.045460	0.214339	0.048228	0.221859
0.048228	0.221859	0.049686	0.224992
0.049686	0.224992	0.050343	0.226744
0.050343	0.226744	0.050646	0.224141
0.050646	0.224141	0.049141	0.218900
0.049141	0.218900	0.047871	0.214158
0.047871	0.214158	0.045370	0.207382
0.045370	0.207382	0.043162	0.199981
0.043162	0.199981	0.040029	0.191606
0.040029	0.191606	0.036503	0.182197
0.036503	0.182197	0.033203	0.174360
0.033203	0.174360	0.029929	0.166485
0.029929	0.166485	0.027008	0.159304
0.027008	0.159304	0.023143	0.152031
0.023143	0.152031	0.019734	0.145283
0.019734	0.145283	0.016789	0.139560
0.016789	0.139560	0.014041	0.134466
0.014041	0.134466	0.012088	0.130056
0.012088	0.130056	0.010187	0.126391
0.010187	0.126391	0.008805	0.125388
0.008805	0.125388	0.007394	0.122314
0.007394	0.122314	0.006381	0.121732
0.006381	0.121732	0.005775	0.120225
0.005775	0.120225	0.004825	0.117812
0.004825	0.117812	0.004044	0.115178
0.004044	0.115178	0.003630	0.113774
0.003630	0.113774	0.003260	0.112987
0.003260	0.112987	0.002680	0.111951
0.002680	0.111951	0.002484	0.110742
0.002484	0.110742	0.002173	0.109485
0.002173	0.109485	0.001805	0.109076
0.001805	0.109076	0.001481	0.108343
0.001481	0.108343	0.001242	0.108198
0.001242	0.108198	0.001048	0.107739
0.001048	0.107739	0.000951	0.107086
0.000951	0.107086	0.000736	0.107130
0.000736	0.107130	0.000586	0.107459
0.000586	0.107459	0.000473	0.107639
0.000473	0.107639	0.000430	0.107379
0.000430	0.107379	0.000393	0.106906
0.000393	0.106906	0.000366	0.106432
0.000366	0.106432	0.000309	0.105940
0.000309	0.105940	0.000298	0.106015
0.000298	0.106015	0.000229	0.105412
0.000229	0.105412	0.000209	0.104827
0.000209	0.104827	0.000162	0.104741
0.000162	0.104741	0.000162	0.104237
0.000162	0.104237	0.000100	0.104533
0.000100	0.104533	0.000048	0.104610
0.000048	0.104610	0.000035	0.104649
0.000035	0.104649	0.000027	0.104514
0.000027	0.104514	0.000030	0.104255
0.000030	0.104255	0.000020	0.104284
0.000020	0.104284	0.000031	0.104514
0.000031	0.104514	0.000064	0.103464
0.000064	0.103464	0.000055	0.103369
0.000055	0.103369	0.000065	0.103785
0.000065	0.103785	0.000052	0.103535
0.000052	0.103535	0.000020	0.103263
0.000020	0.103263	0.000027	0.103214
0.000027	0.103214	0.000008	0.102970
0.000008	0.102970	0.000015	0.102945
0.000015	0.102945	0.000011	0.103279
0.000011	0.103279	0.000000	0.102957
0.000000	0.102957	0.000000	0.102312
0.000000	0.102312	0.000000	0.101565
0.000000	0.101565	0.000000	0.102177
0.000000	0.102177	0.000000	0.102573
0.000000	0.102573	0.000000	0.102460
0.000000	0.102460	0.000000	0.102537
0.000000	0.102537	0.000000	0.102545
0.000000	0.102545	0.000000	0.103236
0.000000	0.103236	0.000000	0.101772
0.000000	0.101772	0.000000	0.102255
0.000000	0.102255	0.000000	0.101335
0.000000	0.101335	0.000000	0.102319
0.000000	0.102319	0.000000	0.102807
0.000000	0.102807	0.000000	0.102034
0.000000	0.102034	0.000000	0.101810
0.000000	0.101810	0.000000	0.102096
0.000000	0.102096	0.000000	0.102032
0.000000	0.102032	0.000000	0.101938
0.000000	0.101938	0.000000	0.101662
0.000000	0.101662	0.000000	0.101405
0.000000	0.101405	0.000000	0.102328
0.000000	0.102328	0.000000	0.102834
0.000000	0.102834	0.000000	0.102552
0.000000	0.102552	0.000000	0.102058
0.000000	0.102058	0.000000	0.100954
0.000000	0.100954	0.000000	0.100456
0.000000	0.100456	0.000000	0.100424
0.000000	0.100424	0.000000	0.101008
0.000000	0.101008	0.000000	0.100128
0.000000	0.100128	0.000000	0.099897
0.000000	0.099897	0.000000	0.099731
0.000000	0.099731	0.000000	0.099182
0.000000	0.099182	0.000000	0.099102
0.000000	0.099102	0.000000	0.099740
0.000000	0.099740	0.000000	0.100184
0.000000	0.100184	0.000000	0.099491
0.000000	0.099491	0.000000	0.100907
0.000000	0.100907	0.000000	0.101199
0.000000	0.101199	0.000000	0.100176
0.000000	0.100176	0.000000	0.100082
0.000000	0.100082	0.000000	0.100226
0.000000	0.100226	0.000000	0.099551
0.000000	0.099551	0.000000	0.099952
0.000000	0.099952	0.000000	0.100595
0.000000	0.100595	0.000000	0.101376
0.000000	0.101376	0.000000	0.101171
0.000000	0.101171	0.000000	0.101138
0.000000	0.101138	0.000000	0.100797
0.000000	0.100797	0.000000	0.100758
0.000000	0.100758	0.000000	0.100228
0.000000	0.100228	0.000000	0.099830
0.000000	0.099830	0.000000	0.099042
0.000000	0.099042	0.000000	0.098496
0.000000	0.098496	0.000000	0.098429
0.000000	0.098429	0.000000	0.099245
0.000000	0.099245	0.000000	0.098706
0.000000	0.098706	0.000000	0.098381
0.000000	0.098381	0.000000	0.098419
0.000000	0.098419	0.000000	0.097562
0.000000	0.097562	0.000000	0.097813
0.000000	0.097813	0.000000	0.097243
0.000000	0.097243	0.000000	0.097247
0.000000	0.097247	0.000000	0.096674
0.000000	0.096674	0.000000	0.096588
0.000000	0.096588	0.000000	0.097335
0.000000	0.097335	0.000000	0.096255
0.000000	0.096255	0.000000	0.096605
0.000000	0.096605	0.000000	0.096545
0.000000	0.096545	0.000000	0.096724
0.000000	0.096724	0.000000	0.096186
0.000000	0.096186	0.000000	0.096201
0.000000	0.096201	0.000000	0.096212
0.000000	0.096212	0.000000	0.095579
0.000000	0.095579	0.000000	0.094776
0.000000	0.094776	0.000000	0.094831
0.000000	0.094831	0.000000	0.095477
0.000000	0.095477	0.000000	0.094896
0.000000	0.094896	0.000000	0.094579
0.000000	0.094579	0.000000	0.094973
0.000000	0.094973	0.000000	0.095083
0.000000	0.095083	0.000000	0.094888
0.000000	0.094888	0.000000	0.094437
0.000000	0.094437	0.000000	0.094268
0.000000	0.094268	0.000000	0.093790
0.000000	0.093790	0.000000	0.093632
0.000000	0.093632	0.000000	0.092979
0.000000	0.092979	0.000000	0.093238
0.000000	0.093238	0.000000	0.093340
0.000000	0.093340	0.000000	0.092959
0.000000	0.092959	0.000000	0.093140
0.000000	0.093140	0.000000	0.093313
0.000000	0.093313	0.000000	0.093446
0.000000	0.093446	0.000000	0.093745
0.000000	0.093745	0.000000	0.094495
0.000000	0.094495	0.000000	0.094501
0.000000	0.094501	0.000000	0.093781
0.000000	0.093781	0.000000	0.094616
0.000000	0.094616	0.000000	0.095658
0.000000	0.095658	0.000000	0.094931
0.000000	0.094931	0.000000	0.095269
0.000000	0.095269	0.000000	0.094776
0.000000	0.094776	0.000000	0.094918
0.000000	0.094918	0.000000	0.094798
0.000000	0.094798	0.000000	0.095690
0.000000	0.095690	0.000000	0.096272
0.000000	0.096272	0.000000	0.096312
0.000000	0.096312	0.000000	0.096375
0.000000	0.096375	0.000000	0.095894
0.000000	0.095894	0.000000	0.095448
0.000000	0.095448	0.000000	0.095470
0.000000	0.095470	0.000000	0.094934
0.000000	0.094934	0.000000	0.094193
0.000000	0.094193	0.000000	0.094297
0.000000	0.094297	0.000000	0.094514
0.000000	0.094514	0.000000	0.093032
0.000000	0.093032	0.000000	0.092604
0.000000	0.092604	0.000000	0.092802
0.000000	0.092802	0.000000	0.093857
0.000000	0.093857	0.000000	0.094690
0.000000	0.094690	0.000000	0.094436
0.000000	0.094436	0.000000	0.094651
0.000000	0.094651	0.000000	0.095937
0.000000	0.095937	0.000000	0.096473
0.000000	0.096473	0.000000	0.096527
0.000000	0.096527	0.000000	0.096110
0.000000	0.096110	0.000000	0.095046
0.000000	0.095046	0.000000	0.094575
0.000000	0.094575	0.000000	0.094067
0.000000	0.094067	0.000000	0.093833
0.349925	0.149934	0.056113	0.143313
0.056113	0.143313	0.023890	0.141516
0.023890	0.141516	0.018754	0.149672
0.018754	0.149672	0.018470	0.163854
0.018470	0.163854	0.020459	0.183412
0.020459	0.183412	0.023222	0.204281
0.023222	0.204281	0.026734	0.225657
0.026734	0.225657	0.031122	0.244935
0.031122	0.244935	0.035861	0.262253
0.035861	0.262253	0.039978	0.273081
0.039978	0.273081	0.043398	0.280294
0.043398	0.280294	0.046179	0.280701
0.046179	0.280701	0.046474	0.278554
0.046474	0.278554	0.045818	0.272290
0.045818	0.272290	0.045804	0.263238
0.045804	0.263238	0.044305	0.255514
0.044305	0.255514	0.042367	0.245860
0.042367	0.245860	0.039996	0.236383
0.039996	0.236383	0.037320	0.227220
0.037320	0.227220	0.034307	0.218449
0.034307	0.218449	0.030891	0.208848
0.030891	0.208848	0.028067	0.200483
0.028067	0.200483	0.024209	0.190512
0.024209	0.190512	0.021279	0.182773
0.021279	0.182773	0.018638	0.176254
0.018638	0.176254	0.016973	0.171169
0.016973	0.171169	0.015358	0.166993
0.015358	0.166993	0.014032	0.163020
0.014032	0.163020	0.012721	0.158967
0.012721	0.158967	0.011623	0.155505
0.011623	0.155505	0.010333	0.152740
0.010333	0.152740	0.009116	0.150343
0.009116	0.150343	0.008198	0.146282
0.008198	0.146282	0.007172	0.144215
0.007172	0.144215	0.005988	0.141962
0.005988	0.141962	0.005091	0.140130
0.005091	0.140130	0.004396	0.139154
0.004396	0.139154	0.003663	0.137129
0.003663	0.137129	0.003138	0.135749
0.003138	0.135749	0.002768	0.135175
0.002768	0.135175	0.002235	0.133614
0.002235	0.133614	0.001905	0.132214
0.001905	0.132214	0.001542	0.131752
0.001542	0.131752	0.001290	0.130502
0.001290	0.130502	0.001131	0.130207
0.001131	0.130207	0.001176	0.130378
0.001176	0.130378	0.001192	0.129390
0.001192	0.129390	0.001118	0.130081
0.001118	0.130081	0.001080	0.130343
0.001080	0.130343	0.000907	0.130705
0.000907	0.130705	0.000754	0.129858
0.000754	0.129858	0.000805	0.131080
0.000805	0.131080	0.000740	0.131297
0.000740	0.131297	0.000820	0.131473
0.000820	0.131473	0.000760	0.130201
0.000760	0.130201	0.000733	0.129268
0.000733	0.129268	0.000764	0.129144
0.000764	0.129144	0.000735	0.129176
0.000735	0.129176	0.000726	0.128578
0.000726	0.128578	0.000581	0.128812
0.000581	0.128812	0.000466	0.129135
0.000466	0.129135	0.000450	0.128235
0.000450	0.128235	0.000355	0.128545
0.000355	0.128545	0.000392	0.129409
0.000392	0.129409	0.000332	0.129982
0.000332	0.129982	0.000320	0.130251
0.000320	0.130251	0.000307	0.130441
0.000307	0.130441	0.000321	0.131132
0.000321	0.131132	0.000366	0.131885
0.000366	0.131885	0.000377	0.131160
0.000377	0.131160	0.000399	0.130560
0.000399	0.130560	0.000407	0.130078
0.000407	0.130078	0.000432	0.130385
0.000432	0.130385	0.000514	0.130238
0.000514	0.130238	0.000516	0.129716
0.000516	0.129716	0.000421	0.129221
0.000421	0.129221	0.000305	0.129083
0.000305	0.129083	0.000253	0.129644
0.000253	0.129644	0.000185	0.129054
0.000185	0.129054	0.000167	0.128619
0.000167	0.128619	0.000103	0.128958
0.000103	0.128958	0.000057	0.131266
0.000057	0.131266	0.000038	0.130369
0.000038	0.130369	0.000029	0.131431
0.000029	0.131431	0.000019	0.130948
0.000019	0.130948	0.000007	0.129182
0.000007	0.129182	0.000012	0.129791
0.000012	0.129791	0.000007	0.129977
0.000007	0.129977	0.000000	0.129692
0.000000	0.129692	0.000000	0.130747
0.000000	0.130747	0.000000	0.130429
0.000000	0.130429	0.000000	0.130458
0.000000	0.130458	0.000000	0.130184
0.000000	0.130184	0.000000	0.129835
0.000000	0.129835	0.000000	0.129889
0.000000	0.129889	0.000000	0.130772
0.000000	0.130772	0.000000	0.130345
0.000000	0.130345	0.000000	0.130821
0.000000	0.130821	0.000000	0.130351
0.000000	0.130351	0.000000	0.131991
0.000000	0.131991	0.000000	0.132188
0.000000	0.132188	0.000000	0.131956
0.000000	0.131956	0.000000	0.131304
0.000000	0.131304	0.000000	0.130725
0.000000	0.130725	0.000000	0.131192
0.000000	0.131192	0.000000	0.130968
0.000000	0.130968	0.000000	0.131834
0.000000	0.131834	0.000000	0.132443
0.000000	0.132443	0.000000	0.132746
0.000000	0.132746	0.000000	0.132153
0.000000	0.132153	0.000000	0.131712
0.000000	0.131712	0.000000	0.131717
0.000000	0.131717	0.000000	0.132929
0.000000	0.132929	0.000000	0.133447
0.000000	0.133447	0.000000	0.132995
0.000000	0.132995	0.000000	0.131754
0.000000	0.131754	0.000000	0.131692
0.000000	0.131692	0.000000	0.130504
0.000000	0.130504	0.000000	0.129613
0.000000	0.129613	0.000000	0.128600
0.000000	0.128600	0.000000	0.129269
0.000000	0.129269	0.000000	0.128816
0.000000	0.128816	0.000000	0.128678
0.000000	0.128678	0.000000	0.128576
0.000000	0.128576	0.000000	0.128808
0.000000	0.128808	0.000000	0.129407
0.000000	0.129407	0.000000	0.129509
0.000000	0.129509	0.000000	0.129803
0.000000	0.129803	0.000000	0.129382
0.000000	0.129382	0.000000	0.130039
0.000000	0.130039	0.000000	0.130025
0.000000	0.130025	0.000000	0.130058
0.000000	0.130058	0.000000	0.131987
0.000000	0.131987	0.000000	0.131529
0.000000	0.131529	0.000000	0.131421
0.000000	0.131421	0.000000	0.130091
0.000000	0.130091	0.000000	0.130887
0.000000	0.130887	0.000000	0.131108
0.000000	0.131108	0.000000	0.131759
0.000000	0.131759	0.000000	0.131976
0.000000	0.131976	0.000000	0.131319
0.000000	0.131319	0.000000	0.131543
0.000000	0.131543	0.000000	0.131006
0.000000	0.131006	0.000000	0.131435
0.000000	0.131435	0.000000	0.131786
0.000000	0.131786	0.000000	0.131085
0.000000	0.131085	0.000000	0.131489
0.000000	0.131489	0.000000	0.131515
0.000000	0.131515	0.000000	0.132981
0.000000	0.132981	0.000000	0.133272
0.000000	0.133272	0.000000	0.133599
0.000000	0.133599	0.000000	0.132091
0.000000	0.132091	0.000000	0.132690
0.000000	0.132690	0.000000	0.131995
0.000000	0.131995	0.000000	0.131454
0.000000	0.131454	0.000000	0.131272
0.000000	0.131272	0.000000	0.130572
0.000000	0.130572	0.000000	0.129892
0.000000	0.129892	0.000000	0.130150
0.000000	0.130150	0.000000	0.129831
0.000000	0.129831	0.000000	0.128673
0.000000	0.128673	0.000000	0.128003
0.000000	0.128003	0.000000	0.127664
0.000000	0.127664	0.000000	0.129393
0.000000	0.129393	0.000000	0.129460
0.000000	0.129460	0.000000	0.129597
0.000000	0.129597	0.000000	0.130315
0.000000	0.130315	0.000000	0.130482
0.000000	0.130482	0.000000	0.130884
0.000000	0.130884	0.000000	0.131239
0.000000	0.131239	0.000000	0.131692
0.000000	0.131692	0.000000	0.131539
0.000000	0.131539	0.000000	0.131340
0.000000	0.131340	0.000000	0.131372
0.000000	0.131372	0.000000	0.131870
0.000000	0.131870	0.000000	0.131772
0.000000	0.131772	0.000000	0.132782
0.000000	0.132782	0.000000	0.133036
0.000000	0.133036	0.000000	0.131551
0.000000	0.131551	0.000000	0.132088
0.000000	0.132088	0.000000	0.132091
0.000000	0.132091	0.000000	0.130006
0.000000	0.130006	0.000000	0.129817
0.000000	0.129817	0.000000	0.131107
0.000000	0.131107	0.000000	0.130860
0.000000	0.130860	0.000000	0.130504
0.000000	0.130504	0.000000	0.130422
0.000000	0.130422	0.000000	0.129703
0.000000	0.129703	0.000000	0.129726
0.000000	0.129726	0.000000	0.129982
0.000000	0.129982	0.000000	0.129373
0.000000	0.129373	0.000000	0.129974
0.000000	0.129974	0.000000	0.129983
0.000000	0.129983	0.000000	0.130059
0.000000	0.130059	0.000000	0.130547
0.000000	0.130547	0.000000	0.129673
0.000000	0.129673	0.000000	0.128413
0.000000	0.128413	0.000000	0.128220
0.000000	0.128220	0.000000	0.128317
0.349752	0.100329	0.031984	0.096830
0.031984	0.096830	0.010530	0.099416
0.010530	0.099416	0.007838	0.110740
0.007838	0.110740	0.007449	0.129575
0.007449	0.129575	0.008590	0.154689
0.008590	0.154689	0.010716	0.185257
0.010716	0.185257	0.014077	0.219038
0.014077	0.219038	0.017959	0.253497
0.017959	0.253497	0.022550	0.284938
0.022550	0.284938	0.027040	0.310116
0.027040	0.310116	0.032040	0.327525
0.032040	0.327525	0.036578	0.338671
0.036578	0.338671	0.041306	0.343935
0.041306	0.343935	0.046277	0.344294
0.046277	0.344294	0.050131	0.340095
0.050131	0.340095	0.052595	0.332587
0.052595	0.332587	0.053463	0.323957
0.053463	0.323957	0.051947	0.313055
0.051947	0.313055	0.049691	0.301770
0.049691	0.301770	0.047036	0.291686
0.047036	0.291686	0.042746	0.279945
0.042746	0.279945	0.039710	0.270438
0.039710	0.270438	0.036880	0.260621
0.036880	0.260621	0.033992	0.251197
0.033992	0.251197	0.031237	0.242786
0.031237	0.242786	0.028284	0.232823
0.028284	0.232823	0.026147	0.224730
0.026147	0.224730	0.024169	0.218733
0.024169	0.218733	0.022364	0.212477
0.022364	0.212477	0.021443	0.207470
0.021443	0.207470	0.020727	0.202911
0.020727	0.202911	0.020396	0.197014
0.020396	0.197014	0.019878	0.193771
0.019878	0.193771	0.019286	0.190081
0.019286	0.190081	0.018296	0.186495
0.018296	0.186495	0.016837	0.181790
0.016837	0.181790	0.015713	0.175947
0.015713	0.175947	0.014685	0.172693
0.014685	0.172693	0.013459	0.168906
0.013459	0.168906	0.012549	0.164863
0.012549	0.164863	0.011174	0.160873
0.011174	0.160873	0.010165	0.156849
0.010165	0.156849	0.009184	0.154273
0.009184	0.154273	0.008300	0.153027
0.008300	0.153027	0.007530	0.150197
0.007530	0.150197	0.007105	0.148441
0.007105	0.148441	0.006759	0.147963
0.006759	0.147963	0.006402	0.145069
0.006402	0.145069	0.005743	0.144559
0.005743	0.144559	0.005427	0.143623
0.005427	0.143623	0.005229	0.141864
0.005229	0.141864	0.005044	0.140782
0.005044	0.140782	0.004839	0.139491
0.004839	0.139491	0.004534	0.138553
0.004534	0.138553	0.004396	0.136934
0.004396	0.136934	0.004021	0.134881
0.004021	0.134881	0.004063	0.135290
0.004063	0.135290	0.004200	0.134471
0.004200	0.134471	0.004310	0.132900
0.004310	0.132900	0.004347	0.131780
0.004347	0.131780	0.004372	0.130500
0.004372	0.130500	0.004653	0.129664
0.004653	0.129664	0.004583	0.127933
0.004583	0.127933	0.004388	0.126825
0.004388	0.126825	0.004643	0.125070
0.004643	0.125070	0.004666	0.124409
0.004666	0.124409	0.004793	0.122958
0.004793	0.122958	0.004501	0.121624
0.004501	0.121624	0.004129	0.120377
0.004129	0.120377	0.003721	0.119781
0.003721	0.119781	0.003240	0.118029
0.003240	0.118029	0.002694	0.116457
0.002694	0.116457	0.002176	0.115211
0.002176	0.115211	0.001703	0.115077
0.001703	0.115077	0.001240	0.113191
0.001240	0.113191	0.000943	0.111899
0.000943	0.111899	0.000925	0.111375
0.000925	0.111375	0.000797	0.111319
0.000797	0.111319	0.000750	0.110567
0.000750	0.110567	0.000756	0.110717
0.000756	0.110717	0.000694	0.111544
0.000694	0.111544	0.000802	0.110814
0.000802	0.110814	0.000807	0.109770
0.000807	0.109770	0.000738	0.110138
0.000738	0.110138	0.000621	0.110684
0.000621	0.110684	0.000572	0.109886
0.000572	0.109886	0.000454	0.110298
0.000454	0.110298	0.000354	0.111375
0.000354	0.111375	0.000237	0.110506
0.000237	0.110506	0.000285	0.111053
0.000285	0.111053	0.000228	0.110880
0.000228	0.110880	0.000168	0.111649
0.000168	0.111649	0.000102	0.111681
0.000102	0.111681	0.000052	0.110526
0.000052	0.110526	0.000025	0.111423
0.000025	0.111423	0.000014	0.111604
0.000014	0.111604	0.000006	0.111213
0.000006	0.111213	0.000008	0.111713
0.000008	0.111713	0.000006	0.111207
0.000006	0.111207	0.000000	0.110675
0.000000	0.110675	0.000000	0.109994
0.000000	0.109994	0.000000	0.109924
0.000000	0.109924	0.000000	0.109663
0.000000	0.109663	0.000000	0.109874
0.000000	0.109874	0.000000	0.109052
0.000000	0.109052	0.000000	0.109323
0.000000	0.109323	0.000000	0.109577
0.000000	0.109577	0.000000	0.109512
0.000000	0.109512	0.000000	0.109461
0.000000	0.109461	0.000000	0.110190
0.000000	0.110190	0.000000	0.109137
0.000000	0.109137	0.000000	0.108370
0.000000	0.108370	0.000000	0.107376
0.000000	0.107376	0.000000	0.107949
0.000000	0.107949	0.000000	0.107980
0.000000	0.107980	0.000000	0.106937
0.000000	0.106937	0.000000	0.105597
0.000000	0.105597	0.000000	0.105559
0.000000	0.105559	0.000000	0.105839
0.000000	0.105839	0.000000	0.105848
0.000000	0.105848	0.000000	0.105220
0.000000	0.105220	0.000000	0.105619
0.000000	0.105619	0.000000	0.106121
0.000000	0.106121	0.000000	0.107283
0.000000	0.107283	0.000000	0.106797
0.000000	0.106797	0.000000	0.107434
0.000000	0.107434	0.000000	0.107905
0.000000	0.107905	0.000000	0.107859
0.000000	0.107859	0.000000	0.107669
0.000000	0.107669	0.000000	0.106630
0.000000	0.106630	0.000000	0.107317
0.000000	0.107317	0.000000	0.107480
0.000000	0.107480	0.000000	0.107414
0.000000	0.107414	0.000000	0.108248
0.000000	0.108248	0.000000	0.108214
0.000000	0.108214	0.000000	0.108119
0.000000	0.108119	0.000000	0.108097
0.000000	0.108097	0.000000	0.107977
0.000000	0.107977	0.000000	0.108320
0.000000	0.108320	0.000000	0.108234
0.000000	0.108234	0.000000	0.108202
0.000000	0.108202	0.000000	0.108707
0.000000	0.108707	0.000000	0.108064
0.000000	0.108064	0.000000	0.107715
0.000000	0.107715	0.000000	0.107952
0.000000	0.107952	0.000000	0.108023
0.000000	0.108023	0.000000	0.108255
0.000000	0.108255	0.000000	0.107808
0.000000	0.107808	0.000000	0.107991
0.000000	0.107991	0.000000	0.107442
0.000000	0.107442	0.000000	0.106302
0.000000	0.106302	0.000000	0.106157
0.000000	0.106157	0.000000	0.106514
0.000000	0.106514	0.000000	0.106269
0.000000	0.106269	0.000000	0.106383
0.000000	0.106383	0.000000	0.106336
0.000000	0.106336	0.000000	0.107145
0.000000	0.107145	0.000000	0.106653
0.000000	0.106653	0.000000	0.106673
0.000000	0.106673	0.000000	0.106034
0.000000	0.106034	0.000000	0.105646
0.000000	0.105646	0.000000	0.105685
0.000000	0.105685	0.000000	0.105032
0.000000	0.105032	0.000000	0.104553
0.000000	0.104553	0.000000	0.104326
0.000000	0.104326	0.000000	0.104066
0.000000	0.104066	0.000000	0.103788
0.000000	0.103788	0.000000	0.104000
0.000000	0.104000	0.000000	0.102709
0.000000	0.102709	0.000000	0.103395
0.000000	0.103395	0.000000	0.103580
0.000000	0.103580	0.000000	0.102593
0.000000	0.102593	0.000000	0.101926
0.000000	0.101926	0.000000	0.101739
0.000000	0.101739	0.000000	0.101308
0.000000	0.101308	0.000000	0.101497
0.000000	0.101497	0.000000	0.101631
0.000000	0.101631	0.000000	0.101569
0.000000	0.101569	0.000000	0.102182
0.000000	0.102182	0.000000	0.103352
0.000000	0.103352	0.000000	0.103420
0.000000	0.103420	0.000000	0.102485
0.000000	0.102485	0.000000	0.102129
0.000000	0.102129	0.000000	0.102461
0.000000	0.102461	0.000000	0.102819
0.000000	0.102819	0.000000	0.102713
0.000000	0.102713	0.000000	0.102244
0.000000	0.102244	0.000000	0.101968
0.000000	0.101968	0.000000	0.101460
0.000000	0.101460	0.000000	0.101666
0.000000	0.101666	0.000000	0.101483
0.000000	0.101483	0.000000	0.101838
0.000000	0.101838	0.000000	0.100881
0.000000	0.100881	0.000000	0.102031
0.000000	0.102031	0.000000	0.100852
0.000000	0.100852	0.000000	0.101893
0.000000	0.101893	0.000000	0.102022
0.000000	0.102022	0.000000	0.102078
0.000000	0.102078	0.000000	0.101740
0.350103	0.050147	0.014955	0.047849
0.014955	0.047849	0.002648	0.049138
0.002648	0.049138	0.001653	0.055825
0.001653	0.055825	0.001364	0.068806
0.001364	0.068806	0.001424	0.087914
0.001424	0.087914	0.001770	0.113410
0.001770	0.113410	0.002386	0.147319
0.002386	0.147319	0.003276	0.186045
0.003276	0.186045	0.004410	0.228546
0.004410	0.228546	0.005676	0.271911
0.005676	0.271911	0.007063	0.311460
0.007063	0.311460	0.008562	0.345405
0.008562	0.345405	0.010206	0.373605
0.010206	0.373605	0.012125	0.395357
0.012125	0.395357	0.013962	0.410257
0.013962	0.410257	0.016190	0.418723
0.016190	0.418723	0.018250	0.422387
0.018250	0.422387	0.019870	0.425269
0.019870	0.425269	0.021935	0.423792
0.021935	0.423792	0.024348	0.422583
0.024348	0.422583	0.026018	0.419106
0.026018	0.419106	0.027967	0.415692
0.027967	0.415692	0.028954	0.412937
0.028954	0.412937	0.029589	0.406832
0.029589	0.406832	0.029584	0.401588
0.029584	0.401588	0.028911	0.396744
0.028911	0.396744	0.028839	0.391444
0.028839	0.391444	0.028050	0.386696
0.028050	0.386696	0.027791	0.380781
0.027791	0.380781	0.027346	0.375061
0.027346	0.375061	0.026949	0.369663
0.026949	0.369663	0.026881	0.364378
0.026881	0.364378	0.026956	0.359842
0.026956	0.359842	0.026771	0.354393
0.026771	0.354393	0.025778	0.347589
0.025778	0.347589	0.025419	0.342712
0.025419	0.342712	0.024806	0.337449
0.024806	0.337449	0.024640	0.333509
0.024640	0.333509	0.023903	0.327903
0.023903	0.327903	0.023670	0.322453
0.023670	0.322453	0.023240	0.317827
0.023240	0.317827	0.023401	0.313364
0.023401	0.313364	0.023455	0.308131
0.023455	0.308131	0.022957	0.305154
0.022957	0.305154	0.022436	0.299763
0.022436	0.299763	0.021768	0.294643
0.021768	0.294643	0.020830	0.289758
0.020830	0.289758	0.020274	0.285183
0.020274	0.285183	0.019637	0.280776
0.019637	0.280776	0.019649	0.276079
0.019649	0.276079	0.019578	0.271506
0.019578	0.271506	0.019893	0.268399
0.019893	0.268399	0.020143	0.264778
0.020143	0.264778	0.019501	0.260330
0.019501	0.260330	0.019139	0.255484
0.019139	0.255484	0.018389	0.250545
0.018389	0.250545	0.018281	0.246501
0.018281	0.246501	0.018364	0.243521
0.018364	0.243521	0.018148	0.239679
0.018148	0.239679	0.017883	0.235980
0.017883	0.235980	0.017259	0.231658
0.017259	0.231658	0.016322	0.227316
0.016322	0.227316	0.015715	0.224778
0.015715	0.224778	0.014927	0.221241
0.014927	0.221241	0.013927	0.218493
0.013927	0.218493	0.013009	0.214795
0.013009	0.214795	0.012135	0.212100
0.012135	0.212100	0.011472	0.208540
0.011472	0.208540	0.010584	0.206185
0.010584	0.206185	0.009554	0.203893
0.009554	0.203893	0.009180	0.201868
0.009180	0.201868	0.008821	0.199766
0.008821	0.199766	0.007999	0.197703
0.007999	0.197703	0.007324	0.195931
0.007324	0.195931	0.007042	0.193305
0.007042	0.193305	0.006855	0.191888
0.006855	0.191888	0.006914	0.190109
0.006914	0.190109	0.007159	0.187357
0.007159	0.187357	0.007364	0.185130
0.007364	0.185130	0.007422	0.183287
0.007422	0.183287	0.007393	0.182511
0.007393	0.182511	0.007009	0.181509
0.007009	0.181509	0.007035	0.180841
0.007035	0.180841	0.006684	0.178334
0.006684	0.178334	0.006569	0.176271
0.006569	0.176271	0.006585	0.175387
0.006585	0.175387	0.006648	0.174046
0.006648	0.174046	0.006778	0.174059
0.006778	0.174059	0.006700	0.173092
0.006700	0.173092	0.007001	0.172273
0.007001	0.172273	0.007237	0.170616
0.007237	0.170616	0.007202	0.169725
0.007202	0.169725	0.007003	0.169491
0.007003	0.169491	0.006690	0.168845
0.006690	0.168845	0.006381	0.168573
0.006381	0.168573	0.005802	0.168199
0.005802	0.168199	0.005123	0.165769
0.005123	0.165769	0.004513	0.163067
0.004513	0.163067	0.003889	0.161357
0.003889	0.161357	0.003737	0.161871
0.003737	0.161871	0.003632	0.160781
0.003632	0.160781	0.003423	0.159390
0.003423	0.159390	0.003606	0.159281
0.003606	0.159281	0.003684	0.158929
0.003684	0.158929	0.003710	0.158398
0.003710	0.158398	0.003618	0.157404
0.003618	0.157404	0.003479	0.155806
0.003479	0.155806	0.003316	0.156189
0.003316	0.156189	0.003110	0.156166
0.003110	0.156166	0.002888	0.154670
0.002888	0.154670	0.003085	0.153663
0.003085	0.153663	0.003434	0.152283
0.003434	0.152283	0.003529	0.152598
0.003529	0.152598	0.003509	0.151658
0.003509	0.151658	0.003425	0.149893
0.003425	0.149893	0.003236	0.149267
0.003236	0.149267	0.003010	0.149174
0.003010	0.149174	0.002777	0.148198
0.002777	0.148198	0.002668	0.146898
0.002668	0.146898	0.002521	0.146084
0.002521	0.146084	0.002273	0.145194
0.002273	0.145194	0.002053	0.144051
0.002053	0.144051	0.001850	0.144343
0.001850	0.144343	0.001609	0.143761
0.001609	0.143761	0.001390	0.143236
0.001390	0.143236	0.001201	0.143318
0.001201	0.143318	0.001121	0.143036
0.001121	0.143036	0.000909	0.141955
0.000909	0.141955	0.000855	0.142426
0.000855	0.142426	0.000707	0.142722
0.000707	0.142722	0.000643	0.142361
0.000643	0.142361	0.000673	0.142031
0.000673	0.142031	0.000637	0.142587
0.000637	0.142587	0.000575	0.140956
0.000575	0.140956	0.000564	0.140796
0.000564	0.140796	0.000611	0.140228
0.000611	0.140228	0.000669	0.140769
0.000669	0.140769	0.000737	0.140871
0.000737	0.140871	0.000802	0.141561
0.000802	0.141561	0.000950	0.140836
0.000950	0.140836	0.001019	0.141592
0.001019	0.141592	0.001070	0.140440
0.001070	0.140440	0.001180	0.141182
0.001180	0.141182	0.001296	0.140142
0.001296	0.140142	0.001368	0.140112
0.001368	0.140112	0.001273	0.139911
0.001273	0.139911	0.001370	0.139760
0.001370	0.139760	0.001441	0.139474
0.001441	0.139474	0.001454	0.139840
0.001454	0.139840	0.001365	0.140446
0.001365	0.140446	0.001409	0.140042
0.001409	0.140042	0.001467	0.140472
0.001467	0.140472	0.001442	0.139691
0.001442	0.139691	0.001242	0.140247
0.001242	0.140247	0.001234	0.140347
0.001234	0.140347	0.001117	0.139934
0.001117	0.139934	0.000843	0.140106
0.000843	0.140106	0.000738	0.140414
0.000738	0.140414	0.000828	0.139728
0.000828	0.139728	0.000746	0.139246
0.000746	0.139246	0.000652	0.140006
0.000652	0.140006	0.000498	0.140304
0.000498	0.140304	0.000494	0.139793
0.000494	0.139793	0.000424	0.138895
0.000424	0.138895	0.000365	0.137789
0.000365	0.137789	0.000261	0.137617
0.000261	0.137617	0.000240	0.137777
0.000240	0.137777	0.000259	0.137551
0.000259	0.137551	0.000241	0.138204
0.000241	0.138204	0.000163	0.138080
0.000163	0.138080	0.000166	0.137461
0.000166	0.137461	0.000138	0.137748
0.000138	0.137748	0.000088	0.136436
0.000088	0.136436	0.000057	0.136931
0.000057	0.136931	0.000049	0.136597
0.000049	0.136597	0.000014	0.136383
0.000014	0.136383	0.000010	0.136049
0.000010	0.136049	0.000028	0.136403
0.000028	0.136403	0.000043	0.136573
0.000043	0.136573	0.000078	0.137026
0.000078	0.137026	0.000077	0.135508
0.000077	0.135508	0.000102	0.135098
0.000102	0.135098	0.000072	0.134965
0.000072	0.134965	0.000061	0.134954
0.000061	0.134954	0.000055	0.135791
0.000055	0.135791	0.000035	0.135894
0.000035	0.135894	0.000030	0.136198
0.000030	0.136198	0.000005	0.136421
0.000005	0.136421	0.000005	0.136439
0.000005	0.136439	0.000000	0.136256
0.000000	0.136256	0.000000	0.136328
0.000000	0.136328	0.000000	0.136913
0.000000	0.136913	0.000000	0.135771
0.000000	0.135771	0.000000	0.136322
0.000000	0.136322	0.000000	0.136611
0.000000	0.136611	0.000000	0.136994
0.000000	0.136994	0.000000	0.136710
0.000000	0.136710	0.000000	0.135757
0.000000	0.135757	0.000000	0.136410
