0.299422	0.100076	0.076631	0.100547
0.076631	0.100547	0.021705	0.100469
0.021705	0.100469	0.009272	0.104073
0.009272	0.104073	0.005375	0.107711
0.005375	0.107711	0.003902	0.113562
0.003902	0.113562	0.003062	0.118534
0.003062	0.118534	0.002902	0.124099
0.002902	0.124099	0.002563	0.126987
0.002563	0.126987	0.002266	0.129733
0.002266	0.129733	0.001983	0.131697
0.001983	0.131697	0.001806	0.132094
0.001806	0.132094	0.001824	0.132028
0.001824	0.132028	0.001662	0.131773
0.001662	0.131773	0.001428	0.132527
0.001428	0.132527	0.001311	0.131875
0.001311	0.131875	0.001215	0.130961
0.001215	0.130961	0.001006	0.130571
0.001006	0.130571	0.001025	0.131456
0.001025	0.131456	0.000916	0.130084
0.000916	0.130084	0.000701	0.130657
0.000701	0.130657	0.000673	0.130780
0.000673	0.130780	0.000517	0.130858
0.000517	0.130858	0.000437	0.129777
0.000437	0.129777	0.000383	0.129933
0.000383	0.129933	0.000345	0.130341
0.000345	0.130341	0.000335	0.129829
0.000335	0.129829	0.000294	0.130457
0.000294	0.130457	0.000263	0.131563
0.000263	0.131563	0.000204	0.131248
0.000204	0.131248	0.000121	0.130719
0.000121	0.130719	0.000118	0.129692
0.000118	0.129692	0.000074	0.129109
0.000074	0.129109	0.000075	0.129094
0.000075	0.129094	0.000060	0.129828
0.000060	0.129828	0.000057	0.128709
0.000057	0.128709	0.000034	0.128815
0.000034	0.128815	0.000035	0.128645
0.000035	0.128645	0.000016	0.128434
0.000016	0.128434	0.000001	0.128491
0.000001	0.128491	0.000000	0.128820
0.000000	0.128820	0.000000	0.127850
0.000000	0.127850	0.000000	0.127655
0.000000	0.127655	0.000000	0.126052
0.000000	0.126052	0.000000	0.125974
0.000000	0.125974	0.000000	0.124928
0.000000	0.124928	0.000000	0.125142
0.000000	0.125142	0.000000	0.126336
0.000000	0.126336	0.000000	0.126160
0.000000	0.126160	0.000000	0.124722
0.000000	0.124722	0.000000	0.125421
0.000000	0.125421	0.000000	0.125960
0.000000	0.125960	0.000000	0.124846
0.000000	0.124846	0.000000	0.124910
0.000000	0.124910	0.000000	0.125438
0.000000	0.125438	0.000000	0.124680
0.000000	0.124680	0.000000	0.124634
0.000000	0.124634	0.000000	0.124618
0.000000	0.124618	0.000000	0.126273
0.000000	0.126273	0.000000	0.126426
0.000000	0.126426	0.000000	0.127049
0.000000	0.127049	0.000000	0.125899
0.000000	0.125899	0.000000	0.125512
0.000000	0.125512	0.000000	0.125098
0.000000	0.125098	0.000000	0.125250
0.000000	0.125250	0.000000	0.125158
0.000000	0.125158	0.000000	0.125118
0.000000	0.125118	0.000000	0.125960
0.000000	0.125960	0.000000	0.126043
0.000000	0.126043	0.000000	0.126869
0.000000	0.126869	0.000000	0.127713
0.000000	0.127713	0.000000	0.127891
0.000000	0.127891	0.000000	0.126241
0.000000	0.126241	0.000000	0.126466
0.000000	0.126466	0.000000	0.125985
0.000000	0.125985	0.000000	0.125434
0.000000	0.125434	0.000000	0.125593
0.000000	0.125593	0.000000	0.124805
0.000000	0.124805	0.000000	0.124953
0.000000	0.124953	0.000000	0.125714
0.000000	0.125714	0.000000	0.125959
0.000000	0.125959	0.000000	0.125805
0.000000	0.125805	0.000000	0.125706
0.000000	0.125706	0.000000	0.124911
0.000000	0.124911	0.000000	0.123754
0.000000	0.123754	0.000000	0.124073
0.000000	0.124073	0.000000	0.122727
0.000000	0.122727	0.000000	0.121959
0.000000	0.121959	0.000000	0.121825
0.000000	0.121825	0.000000	0.121379
0.000000	0.121379	0.000000	0.120221
0.000000	0.120221	0.000000	0.119608
0.000000	0.119608	0.000000	0.120392
0.000000	0.120392	0.000000	0.120212
0.000000	0.120212	0.000000	0.120350
0.000000	0.120350	0.000000	0.119687
0.000000	0.119687	0.000000	0.119254
0.000000	0.119254	0.000000	0.119061
0.000000	0.119061	0.000000	0.118387
0.000000	0.118387	0.000000	0.118696
0.000000	0.118696	0.000000	0.119096
0.000000	0.119096	0.000000	0.118506
0.000000	0.118506	0.000000	0.117946
0.000000	0.117946	0.000000	0.117904
0.000000	0.117904	0.000000	0.117505
0.000000	0.117505	0.000000	0.116764
0.000000	0.116764	0.000000	0.116220
0.000000	0.116220	0.000000	0.115488
0.000000	0.115488	0.000000	0.115396
0.000000	0.115396	0.000000	0.116288
0.000000	0.116288	0.000000	0.115969
0.000000	0.115969	0.000000	0.116298
0.000000	0.116298	0.000000	0.115987
0.000000	0.115987	0.000000	0.116423
0.000000	0.116423	0.000000	0.117427
0.000000	0.117427	0.000000	0.117409
0.000000	0.117409	0.000000	0.117113
0.000000	0.117113	0.000000	0.117859
0.000000	0.117859	0.000000	0.117350
0.000000	0.117350	0.000000	0.116728
0.000000	0.116728	0.000000	0.116527
0.000000	0.116527	0.000000	0.116861
0.000000	0.116861	0.000000	0.117155
0.000000	0.117155	0.000000	0.116828
0.000000	0.116828	0.000000	0.116380
0.000000	0.116380	0.000000	0.115922
0.000000	0.115922	0.000000	0.115245
0.000000	0.115245	0.000000	0.115688
0.000000	0.115688	0.000000	0.115137
0.000000	0.115137	0.000000	0.115927
0.000000	0.115927	0.000000	0.115785
0.000000	0.115785	0.000000	0.116118
0.000000	0.116118	0.000000	0.116587
0.000000	0.116587	0.000000	0.115879
0.000000	0.115879	0.000000	0.116164
0.000000	0.116164	0.000000	0.115140
0.000000	0.115140	0.000000	0.114626
0.000000	0.114626	0.000000	0.114827
0.000000	0.114827	0.000000	0.114866
0.000000	0.114866	0.000000	0.114693
0.000000	0.114693	0.000000	0.114625
0.000000	0.114625	0.000000	0.114437
0.000000	0.114437	0.000000	0.114679
0.000000	0.114679	0.000000	0.115154
0.000000	0.115154	0.000000	0.116236
0.000000	0.116236	0.000000	0.116460
0.000000	0.116460	0.000000	0.116489
0.000000	0.116489	0.000000	0.115879
0.000000	0.115879	0.000000	0.115021
0.000000	0.115021	0.000000	0.114661
0.000000	0.114661	0.000000	0.115063
0.000000	0.115063	0.000000	0.114500
0.000000	0.114500	0.000000	0.115241
0.000000	0.115241	0.000000	0.115115
0.000000	0.115115	0.000000	0.115124
0.000000	0.115124	0.000000	0.115257
0.000000	0.115257	0.000000	0.115496
0.000000	0.115496	0.000000	0.115649
0.000000	0.115649	0.000000	0.114620
0.000000	0.114620	0.000000	0.114198
0.000000	0.114198	0.000000	0.115161
0.000000	0.115161	0.000000	0.115595
0.000000	0.115595	0.000000	0.114991
0.000000	0.114991	0.000000	0.113700
0.000000	0.113700	0.000000	0.113616
0.000000	0.113616	0.000000	0.114902
0.000000	0.114902	0.000000	0.114869
0.000000	0.114869	0.000000	0.115807
0.000000	0.115807	0.000000	0.115998
0.000000	0.115998	0.000000	0.116165
0.000000	0.116165	0.000000	0.114647
0.000000	0.114647	0.000000	0.113517
0.000000	0.113517	0.000000	0.113489
0.000000	0.113489	0.000000	0.113555
0.000000	0.113555	0.000000	0.114000
0.000000	0.114000	0.000000	0.114009
0.000000	0.114009	0.000000	0.113071
0.000000	0.113071	0.000000	0.113209
0.000000	0.113209	0.000000	0.113397
0.000000	0.113397	0.000000	0.113272
0.000000	0.113272	0.000000	0.113150
0.000000	0.113150	0.000000	0.112382
0.000000	0.112382	0.000000	0.112427
0.000000	0.112427	0.000000	0.112573
0.000000	0.112573	0.000000	0.113904
0.000000	0.113904	0.000000	0.113551
0.000000	0.113551	0.000000	0.113514
0.000000	0.113514	0.000000	0.113343
0.000000	0.113343	0.000000	0.113745
0.000000	0.113745	0.000000	0.113241
0.000000	0.113241	0.000000	0.113850
0.000000	0.113850	0.000000	0.113792
0.000000	0.113792	0.000000	0.114887
0.000000	0.114887	0.000000	0.116035
0.000000	0.116035	0.000000	0.117518
0.000000	0.117518	0.000000	0.117068
0.000000	0.117068	0.000000	0.117249
0.000000	0.117249	0.000000	0.116463
0.000000	0.116463	0.000000	0.115949
0.000000	0.115949	0.000000	0.116349
0.299387	0.199397	0.125268	0.196757
0.125268	0.196757	0.058857	0.196607
0.058857	0.196607	0.036222	0.198100
0.036222	0.198100	0.028285	0.201556
0.028285	0.201556	0.024926	0.206068
0.024926	0.206068	0.023303	0.210853
0.023303	0.210853	0.022134	0.213320
0.022134	0.213320	0.021225	0.213639
0.021225	0.213639	0.019963	0.214029
0.019963	0.214029	0.019305	0.213956
0.019305	0.213956	0.018568	0.211159
0.018568	0.211159	0.017788	0.210008
0.017788	0.210008	0.016308	0.210067
0.016308	0.210067	0.014356	0.208279
0.014356	0.208279	0.013037	0.205999
0.013037	0.205999	0.012098	0.204064
0.012098	0.204064	0.011304	0.202351
0.011304	0.202351	0.010953	0.199739
0.010953	0.199739	0.010074	0.198098
0.010074	0.198098	0.009197	0.196651
0.009197	0.196651	0.008210	0.195465
0.008210	0.195465	0.007223	0.193649
0.007223	0.193649	0.006328	0.192612
0.006328	0.192612	0.006017	0.191756
0.006017	0.191756	0.005482	0.188962
0.005482	0.188962	0.004863	0.187646
0.004863	0.187646	0.004314	0.185481
0.004314	0.185481	0.004050	0.184221
0.004050	0.184221	0.003898	0.183559
0.003898	0.183559	0.003855	0.183342
0.003855	0.183342	0.003582	0.182083
0.003582	0.182083	0.003144	0.181108
0.003144	0.181108	0.002966	0.180979
0.002966	0.180979	0.002896	0.180721
0.002896	0.180721	0.002764	0.180164
0.002764	0.180164	0.002784	0.180588
0.002784	0.180588	0.002738	0.179950
0.002738	0.179950	0.002541	0.180737
0.002541	0.180737	0.002299	0.180220
0.002299	0.180220	0.001987	0.180617
0.001987	0.180617	0.001756	0.179762
0.001756	0.179762	0.001512	0.179907
0.001512	0.179907	0.001304	0.180243
0.001304	0.180243	0.001096	0.179235
0.001096	0.179235	0.001049	0.179171
0.001049	0.179171	0.001121	0.179397
0.001121	0.179397	0.001099	0.178949
0.001099	0.178949	0.001107	0.177601
0.001107	0.177601	0.001192	0.176178
0.001192	0.176178	0.001050	0.175511
0.001050	0.175511	0.001045	0.175595
0.001045	0.175595	0.000816	0.175603
0.000816	0.175603	0.000846	0.175486
0.000846	0.175486	0.000884	0.175537
0.000884	0.175537	0.000849	0.173796
0.000849	0.173796	0.000837	0.173556
0.000837	0.173556	0.000878	0.172598
0.000878	0.172598	0.000808	0.173001
0.000808	0.173001	0.000743	0.170937
0.000743	0.170937	0.000665	0.170222
0.000665	0.170222	0.000555	0.170068
0.000555	0.170068	0.000420	0.170340
0.000420	0.170340	0.000342	0.169749
0.000342	0.169749	0.000268	0.170798
0.000268	0.170798	0.000242	0.170177
0.000242	0.170177	0.000238	0.170785
0.000238	0.170785	0.000274	0.170948
0.000274	0.170948	0.000336	0.171081
0.000336	0.171081	0.000367	0.171272
0.000367	0.171272	0.000360	0.172230
0.000360	0.172230	0.000339	0.172734
0.000339	0.172734	0.000296	0.173377
0.000296	0.173377	0.000194	0.173338
0.000194	0.173338	0.000178	0.173145
0.000178	0.173145	0.000115	0.172831
0.000115	0.172831	0.000078	0.172603
0.000078	0.172603	0.000035	0.172749
0.000035	0.172749	0.000020	0.172849
0.000020	0.172849	0.000005	0.172792
0.000005	0.172792	0.000000	0.171703
0.000000	0.171703	0.000000	0.173857
0.000000	0.173857	0.000000	0.173508
0.000000	0.173508	0.000000	0.172709
0.000000	0.172709	0.000000	0.172242
0.000000	0.172242	0.000000	0.172059
0.000000	0.172059	0.000000	0.172718
0.000000	0.172718	0.000000	0.171631
0.000000	0.171631	0.000000	0.171570
0.000000	0.171570	0.000000	0.170624
0.000000	0.170624	0.000000	0.170940
0.000000	0.170940	0.000000	0.170754
0.000000	0.170754	0.000000	0.169292
0.000000	0.169292	0.000000	0.169483
0.000000	0.169483	0.000000	0.168532
0.000000	0.168532	0.000000	0.166605
0.000000	0.166605	0.000000	0.167080
0.000000	0.167080	0.000000	0.167128
0.000000	0.167128	0.000000	0.165845
0.000000	0.165845	0.000000	0.165153
0.000000	0.165153	0.000000	0.165304
0.000000	0.165304	0.000000	0.165987
0.000000	0.165987	0.000000	0.165621
0.000000	0.165621	0.000000	0.165789
0.000000	0.165789	0.000000	0.166471
0.000000	0.166471	0.000000	0.166040
0.000000	0.166040	0.000000	0.166086
0.000000	0.166086	0.000000	0.165764
0.000000	0.165764	0.000000	0.166920
0.000000	0.166920	0.000000	0.166982
0.000000	0.166982	0.000000	0.167129
0.000000	0.167129	0.000000	0.166722
0.000000	0.166722	0.000000	0.166097
0.000000	0.166097	0.000000	0.167132
0.000000	0.167132	0.000000	0.167112
0.000000	0.167112	0.000000	0.167701
0.000000	0.167701	0.000000	0.167523
0.000000	0.167523	0.000000	0.166850
0.000000	0.166850	0.000000	0.166909
0.000000	0.166909	0.000000	0.167707
0.000000	0.167707	0.000000	0.167439
0.000000	0.167439	0.000000	0.168139
0.000000	0.168139	0.000000	0.168111
0.000000	0.168111	0.000000	0.168365
0.000000	0.168365	0.000000	0.169636
0.000000	0.169636	0.000000	0.167706
0.000000	0.167706	0.000000	0.167274
0.000000	0.167274	0.000000	0.168279
0.000000	0.168279	0.000000	0.169026
0.000000	0.169026	0.000000	0.168993
0.000000	0.168993	0.000000	0.167957
0.000000	0.167957	0.000000	0.167600
0.000000	0.167600	0.000000	0.167002
0.000000	0.167002	0.000000	0.166272
0.000000	0.166272	0.000000	0.165668
0.000000	0.165668	0.000000	0.165373
0.000000	0.165373	0.000000	0.166616
0.000000	0.166616	0.000000	0.167034
0.000000	0.167034	0.000000	0.166402
0.000000	0.166402	0.000000	0.166886
0.000000	0.166886	0.000000	0.166882
0.000000	0.166882	0.000000	0.168050
0.000000	0.168050	0.000000	0.168439
0.000000	0.168439	0.000000	0.169282
0.000000	0.169282	0.000000	0.168592
0.000000	0.168592	0.000000	0.169179
0.000000	0.169179	0.000000	0.169163
0.000000	0.169163	0.000000	0.168559
0.000000	0.168559	0.000000	0.169305
0.000000	0.169305	0.000000	0.170116
0.000000	0.170116	0.000000	0.169344
0.000000	0.169344	0.000000	0.169081
0.000000	0.169081	0.000000	0.168391
0.000000	0.168391	0.000000	0.168868
0.000000	0.168868	0.000000	0.168658
0.000000	0.168658	0.000000	0.168637
0.000000	0.168637	0.000000	0.168974
0.000000	0.168974	0.000000	0.169874
0.000000	0.169874	0.000000	0.169262
0.000000	0.169262	0.000000	0.168916
0.000000	0.168916	0.000000	0.168910
0.000000	0.168910	0.000000	0.169180
0.000000	0.169180	0.000000	0.170021
0.000000	0.170021	0.000000	0.171359
0.000000	0.171359	0.000000	0.172373
0.000000	0.172373	0.000000	0.172320
0.000000	0.172320	0.000000	0.172055
0.000000	0.172055	0.000000	0.172973
0.000000	0.172973	0.000000	0.172556
0.000000	0.172556	0.000000	0.172804
0.000000	0.172804	0.000000	0.172203
0.000000	0.172203	0.000000	0.171500
0.000000	0.171500	0.000000	0.172007
0.000000	0.172007	0.000000	0.171773
0.000000	0.171773	0.000000	0.172012
0.000000	0.172012	0.000000	0.172661
0.000000	0.172661	0.000000	0.173518
0.000000	0.173518	0.000000	0.174220
0.000000	0.174220	0.000000	0.173770
0.000000	0.173770	0.000000	0.174270
0.000000	0.174270	0.000000	0.174401
0.000000	0.174401	0.000000	0.174904
0.000000	0.174904	0.000000	0.174749
0.000000	0.174749	0.000000	0.174768
0.000000	0.174768	0.000000	0.174249
0.000000	0.174249	0.000000	0.173779
0.000000	0.173779	0.000000	0.174375
0.000000	0.174375	0.000000	0.176173
0.000000	0.176173	0.000000	0.176262
0.000000	0.176262	0.000000	0.176529
0.000000	0.176529	0.000000	0.177158
0.000000	0.177158	0.000000	0.178580
0.000000	0.178580	0.000000	0.179406
0.000000	0.179406	0.000000	0.178582
0.000000	0.178582	0.000000	0.178696
0.000000	0.178696	0.000000	0.177845
0.000000	0.177845	0.000000	0.178874
0.000000	0.178874	0.000000	0.178724
0.000000	0.178724	0.000000	0.178114
0.000000	0.178114	0.000000	0.178723
0.300046	0.299128	0.187737	0.300098
0.187737	0.300098	0.120183	0.294047
0.120183	0.294047	0.090036	0.286632
0.090036	0.286632	0.078356	0.282185
0.078356	0.282185	0.070870	0.277092
0.070870	0.277092	0.066215	0.271816
0.066215	0.271816	0.063179	0.265755
0.063179	0.265755	0.061301	0.261499
0.061301	0.261499	0.056724	0.252593
0.056724	0.252593	0.053161	0.244246
0.053161	0.244246	0.049518	0.236945
0.049518	0.236945	0.045245	0.228014
0.045245	0.228014	0.040365	0.219346
0.040365	0.219346	0.035792	0.210790
0.035792	0.210790	0.031773	0.204009
0.031773	0.204009	0.027922	0.198280
0.027922	0.198280	0.024848	0.192270
0.024848	0.192270	0.021676	0.186796
0.021676	0.186796	0.019090	0.182670
0.019090	0.182670	0.016691	0.178011
0.016691	0.178011	0.015100	0.175846
0.015100	0.175846	0.013547	0.172491
0.013547	0.172491	0.011740	0.169721
0.011740	0.169721	0.010281	0.167657
0.010281	0.167657	0.009200	0.165335
0.009200	0.165335	0.008111	0.163652
0.008111	0.163652	0.007105	0.161975
0.007105	0.161975	0.006486	0.161762
0.006486	0.161762	0.005847	0.161386
0.005847	0.161386	0.005235	0.160425
0.005235	0.160425	0.004717	0.158862
0.004717	0.158862	0.004116	0.157286
0.004116	0.157286	0.003615	0.156722
0.003615	0.156722	0.003410	0.156422
0.003410	0.156422	0.003155	0.155513
0.003155	0.155513	0.003071	0.155279
0.003071	0.155279	0.003153	0.155481
0.003153	0.155481	0.002875	0.153276
0.002875	0.153276	0.002652	0.152611
0.002652	0.152611	0.002449	0.151428
0.002449	0.151428	0.001963	0.148991
0.001963	0.148991	0.001800	0.147742
0.001800	0.147742	0.001728	0.147099
0.001728	0.147099	0.001523	0.146279
0.001523	0.146279	0.001468	0.145580
0.001468	0.145580	0.001377	0.145405
0.001377	0.145405	0.001348	0.145104
0.001348	0.145104	0.001207	0.144946
0.001207	0.144946	0.001075	0.145106
0.001075	0.145106	0.000961	0.144396
0.000961	0.144396	0.000918	0.145261
0.000918	0.145261	0.000952	0.145329
0.000952	0.145329	0.000912	0.145305
0.000912	0.145305	0.000849	0.145002
0.000849	0.145002	0.000743	0.145611
0.000743	0.145611	0.000773	0.146817
0.000773	0.146817	0.000747	0.146991
0.000747	0.146991	0.000654	0.147293
0.000654	0.147293	0.000682	0.147654
0.000682	0.147654	0.000648	0.147840
0.000648	0.147840	0.000536	0.148091
0.000536	0.148091	0.000527	0.147885
0.000527	0.147885	0.000468	0.148306
0.000468	0.148306	0.000361	0.147656
0.000361	0.147656	0.000302	0.147436
0.000302	0.147436	0.000308	0.146818
0.000308	0.146818	0.000278	0.147529
0.000278	0.147529	0.000257	0.146232
0.000257	0.146232	0.000223	0.146784
0.000223	0.146784	0.000230	0.147085
0.000230	0.147085	0.000205	0.148638
0.000205	0.148638	0.000198	0.149236
0.000198	0.149236	0.000211	0.150142
0.000211	0.150142	0.000192	0.150003
0.000192	0.150003	0.000182	0.150357
0.000182	0.150357	0.000162	0.150384
0.000162	0.150384	0.000151	0.151550
0.000151	0.151550	0.000160	0.151616
0.000160	0.151616	0.000141	0.151564
0.000141	0.151564	0.000117	0.150648
0.000117	0.150648	0.000109	0.150688
0.000109	0.150688	0.000093	0.151001
0.000093	0.151001	0.000091	0.150689
0.000091	0.150689	0.000096	0.150922
0.000096	0.150922	0.000072	0.150100
0.000072	0.150100	0.000042	0.149480
0.000042	0.149480	0.000042	0.148787
0.000042	0.148787	0.000034	0.148161
0.000034	0.148161	0.000028	0.148900
0.000028	0.148900	0.000020	0.148761
0.000020	0.148761	0.000009	0.149091
0.000009	0.149091	0.000000	0.149131
0.000000	0.149131	0.000000	0.149009
0.000000	0.149009	0.000000	0.149271
0.000000	0.149271	0.000000	0.148342
0.000000	0.148342	0.000000	0.147651
0.000000	0.147651	0.000000	0.147720
0.000000	0.147720	0.000000	0.148284
0.000000	0.148284	0.000000	0.147852
0.000000	0.147852	0.000000	0.147731
0.000000	0.147731	0.000000	0.147370
0.000000	0.147370	0.000000	0.146586
0.000000	0.146586	0.000000	0.147243
0.000000	0.147243	0.000000	0.147403
0.000000	0.147403	0.000000	0.146923
0.000000	0.146923	0.000000	0.146726
0.000000	0.146726	0.000000	0.145912
0.000000	0.145912	0.000000	0.146584
0.000000	0.146584	0.000000	0.145482
0.000000	0.145482	0.000000	0.144752
0.000000	0.144752	0.000000	0.145522
0.000000	0.145522	0.000000	0.145688
0.000000	0.145688	0.000000	0.144714
0.000000	0.144714	0.000000	0.144591
0.000000	0.144591	0.000000	0.145082
0.000000	0.145082	0.000000	0.145973
0.000000	0.145973	0.000000	0.146590
0.000000	0.146590	0.000000	0.146207
0.000000	0.146207	0.000000	0.145905
0.000000	0.145905	0.000000	0.146783
0.000000	0.146783	0.000000	0.145526
0.000000	0.145526	0.000000	0.145313
0.000000	0.145313	0.000000	0.144751
0.000000	0.144751	0.000000	0.146596
0.000000	0.146596	0.000000	0.146582
0.000000	0.146582	0.000000	0.147225
0.000000	0.147225	0.000000	0.146529
0.000000	0.146529	0.000000	0.147686
0.000000	0.147686	0.000000	0.148775
0.000000	0.148775	0.000000	0.148986
0.000000	0.148986	0.000000	0.148813
0.000000	0.148813	0.000000	0.148862
0.000000	0.148862	0.000000	0.147705
0.000000	0.147705	0.000000	0.148626
0.000000	0.148626	0.000000	0.148088
0.000000	0.148088	0.000000	0.148519
0.000000	0.148519	0.000000	0.148336
0.000000	0.148336	0.000000	0.149418
0.000000	0.149418	0.000000	0.149183
0.000000	0.149183	0.000000	0.149584
0.000000	0.149584	0.000000	0.150689
0.000000	0.150689	0.000000	0.150876
0.000000	0.150876	0.000000	0.150789
0.000000	0.150789	0.000000	0.150239
0.000000	0.150239	0.000000	0.150363
0.000000	0.150363	0.000000	0.149983
0.000000	0.149983	0.000000	0.150690
0.000000	0.150690	0.000000	0.151637
0.000000	0.151637	0.000000	0.151669
0.000000	0.151669	0.000000	0.151116
0.000000	0.151116	0.000000	0.150847
0.000000	0.150847	0.000000	0.150902
0.000000	0.150902	0.000000	0.150351
0.000000	0.150351	0.000000	0.149514
0.000000	0.149514	0.000000	0.150288
0.000000	0.150288	0.000000	0.150840
0.000000	0.150840	0.000000	0.150786
0.000000	0.150786	0.000000	0.151322
0.000000	0.151322	0.000000	0.150730
0.000000	0.150730	0.000000	0.150326
0.000000	0.150326	0.000000	0.150108
0.000000	0.150108	0.000000	0.149320
0.000000	0.149320	0.000000	0.148757
0.000000	0.148757	0.000000	0.148766
0.000000	0.148766	0.000000	0.149581
0.000000	0.149581	0.000000	0.148474
0.000000	0.148474	0.000000	0.148392
0.000000	0.148392	0.000000	0.148998
0.000000	0.148998	0.000000	0.149441
0.000000	0.149441	0.000000	0.149617
0.000000	0.149617	0.000000	0.150262
0.000000	0.150262	0.000000	0.150355
0.000000	0.150355	0.000000	0.148911
0.000000	0.148911	0.000000	0.149407
0.000000	0.149407	0.000000	0.149461
0.000000	0.149461	0.000000	0.149968
0.000000	0.149968	0.000000	0.150134
0.000000	0.150134	0.000000	0.149032
0.000000	0.149032	0.000000	0.148241
0.000000	0.148241	0.000000	0.147886
0.000000	0.147886	0.000000	0.148694
0.000000	0.148694	0.000000	0.148242
0.000000	0.148242	0.000000	0.147434
0.000000	0.147434	0.000000	0.147087
0.000000	0.147087	0.000000	0.147258
0.000000	0.147258	0.000000	0.146470
0.000000	0.146470	0.000000	0.146767
0.000000	0.146767	0.000000	0.146870
0.000000	0.146870	0.000000	0.145738
0.000000	0.145738	0.000000	0.145570
0.000000	0.145570	0.000000	0.145261
0.000000	0.145261	0.000000	0.145617
0.000000	0.145617	0.000000	0.145092
0.000000	0.145092	0.000000	0.144363
0.000000	0.144363	0.000000	0.144181
0.000000	0.144181	0.000000	0.145065
0.000000	0.145065	0.000000	0.145152
0.000000	0.145152	0.000000	0.145912
0.000000	0.145912	0.000000	0.146201
0.300806	0.400133	0.261782	0.402192
0.261782	0.402192	0.208613	0.396921
0.208613	0.396921	0.179099	0.383025
0.179099	0.383025	0.161657	0.365599
0.161657	0.365599	0.149661	0.345920
0.149661	0.345920	0.140177	0.327145
0.140177	0.327145	0.128770	0.304770
0.128770	0.304770	0.115052	0.281519
0.115052	0.281519	0.101440	0.260931
0.101440	0.260931	0.087216	0.240438
0.087216	0.240438	0.074420	0.221865
0.074420	0.221865	0.062514	0.204866
0.062514	0.204866	0.052579	0.191172
0.052579	0.191172	0.044213	0.180688
0.044213	0.180688	0.036023	0.169425
0.036023	0.169425	0.029880	0.160721
0.029880	0.160721	0.024180	0.154521
0.024180	0.154521	0.020050	0.148574
0.020050	0.148574	0.017046	0.143849
0.017046	0.143849	0.014372	0.139268
0.014372	0.139268	0.011890	0.136283
0.011890	0.136283	0.010254	0.134695
0.010254	0.134695	0.008807	0.131415
0.008807	0.131415	0.007388	0.128501
0.007388	0.128501	0.006251	0.127370
0.006251	0.127370	0.005348	0.126166
0.005348	0.126166	0.004433	0.124740
0.004433	0.124740	0.003954	0.123640
0.003954	0.123640	0.003433	0.123616
0.003433	0.123616	0.002994	0.122478
0.002994	0.122478	0.002505	0.121935
0.002505	0.121935	0.002063	0.122719
0.002063	0.122719	0.001906	0.123328
0.001906	0.123328	0.001687	0.122735
0.001687	0.122735	0.001679	0.122570
0.001679	0.122570	0.001598	0.122618
0.001598	0.122618	0.001308	0.122140
0.001308	0.122140	0.001333	0.121782
0.001333	0.121782	0.001192	0.120081
0.001192	0.120081	0.001176	0.119615
0.001176	0.119615	0.001106	0.118966
0.001106	0.118966	0.001062	0.119165
0.001062	0.119165	0.000978	0.118782
0.000978	0.118782	0.000952	0.118186
0.000952	0.118186	0.000968	0.119362
0.000968	0.119362	0.000786	0.119300
0.000786	0.119300	0.000726	0.118340
0.000726	0.118340	0.000614	0.117235
0.000614	0.117235	0.000537	0.116365
0.000537	0.116365	0.000421	0.117063
0.000421	0.117063	0.000290	0.117714
0.000290	0.117714	0.000234	0.117538
0.000234	0.117538	0.000174	0.117655
0.000174	0.117655	0.000186	0.118677
0.000186	0.118677	0.000170	0.117371
0.000170	0.117371	0.000099	0.117503
0.000099	0.117503	0.000043	0.117359
0.000043	0.117359	0.000018	0.117741
0.000018	0.117741	0.000004	0.118086
0.000004	0.118086	0.000002	0.118451
0.000002	0.118451	0.000000	0.118626
0.000000	0.118626	0.000000	0.118899
0.000000	0.118899	0.000000	0.117528
0.000000	0.117528	0.000000	0.117743
0.000000	0.117743	0.000000	0.117269
0.000000	0.117269	0.000000	0.116683
0.000000	0.116683	0.000000	0.116062
0.000000	0.116062	0.000000	0.116508
0.000000	0.116508	0.000000	0.116953
0.000000	0.116953	0.000000	0.117772
0.000000	0.117772	0.000000	0.116847
0.000000	0.116847	0.000000	0.116314
0.000000	0.116314	0.000000	0.115201
0.000000	0.115201	0.000000	0.114985
0.000000	0.114985	0.000000	0.115063
0.000000	0.115063	0.000000	0.115189
0.000000	0.115189	0.000000	0.115446
0.000000	0.115446	0.000000	0.115523
0.000000	0.115523	0.000000	0.115919
0.000000	0.115919	0.000000	0.115931
0.000000	0.115931	0.000000	0.115222
0.000000	0.115222	0.000000	0.114686
0.000000	0.114686	0.000000	0.115121
0.000000	0.115121	0.000000	0.113425
0.000000	0.113425	0.000000	0.114227
0.000000	0.114227	0.000000	0.114057
0.000000	0.114057	0.000000	0.113921
0.000000	0.113921	0.000000	0.112935
0.000000	0.112935	0.000000	0.113611
0.000000	0.113611	0.000000	0.113793
0.000000	0.113793	0.000000	0.115070
0.000000	0.115070	0.000000	0.114646
0.000000	0.114646	0.000000	0.114452
0.000000	0.114452	0.000000	0.113767
0.000000	0.113767	0.000000	0.113191
0.000000	0.113191	0.000000	0.113085
0.000000	0.113085	0.000000	0.113552
0.000000	0.113552	0.000000	0.113661
0.000000	0.113661	0.000000	0.113167
0.000000	0.113167	0.000000	0.112484
0.000000	0.112484	0.000000	0.112088
0.000000	0.112088	0.000000	0.111285
0.000000	0.111285	0.000000	0.110629
0.000000	0.110629	0.000000	0.111265
0.000000	0.111265	0.000000	0.110244
0.000000	0.110244	0.000000	0.110474
0.000000	0.110474	0.000000	0.110614
0.000000	0.110614	0.000000	0.110116
0.000000	0.110116	0.000000	0.109581
0.000000	0.109581	0.000000	0.109442
0.000000	0.109442	0.000000	0.108583
0.000000	0.108583	0.000000	0.109067
0.000000	0.109067	0.000000	0.108567
0.000000	0.108567	0.000000	0.107825
0.000000	0.107825	0.000000	0.108096
0.000000	0.108096	0.000000	0.107706
0.000000	0.107706	0.000000	0.107190
0.000000	0.107190	0.000000	0.106930
0.000000	0.106930	0.000000	0.107306
0.000000	0.107306	0.000000	0.107702
0.000000	0.107702	0.000000	0.106703
0.000000	0.106703	0.000000	0.105974
0.000000	0.105974	0.000000	0.105949
0.000000	0.105949	0.000000	0.106312
0.000000	0.106312	0.000000	0.105437
0.000000	0.105437	0.000000	0.106104
0.000000	0.106104	0.000000	0.106106
0.000000	0.106106	0.000000	0.106115
0.000000	0.106115	0.000000	0.105578
0.000000	0.105578	0.000000	0.105679
0.000000	0.105679	0.000000	0.105275
0.000000	0.105275	0.000000	0.106319
0.000000	0.106319	0.000000	0.105502
0.000000	0.105502	0.000000	0.105670
0.000000	0.105670	0.000000	0.106507
0.000000	0.106507	0.000000	0.106009
0.000000	0.106009	0.000000	0.105480
0.000000	0.105480	0.000000	0.105285
0.000000	0.105285	0.000000	0.105114
0.000000	0.105114	0.000000	0.104416
0.000000	0.104416	0.000000	0.104094
0.000000	0.104094	0.000000	0.103942
0.000000	0.103942	0.000000	0.103516
0.000000	0.103516	0.000000	0.103952
0.000000	0.103952	0.000000	0.104023
0.000000	0.104023	0.000000	0.103973
0.000000	0.103973	0.000000	0.104104
0.000000	0.104104	0.000000	0.104748
0.000000	0.104748	0.000000	0.104888
0.000000	0.104888	0.000000	0.105078
0.000000	0.105078	0.000000	0.106039
0.000000	0.106039	0.000000	0.106246
0.000000	0.106246	0.000000	0.106271
0.000000	0.106271	0.000000	0.105491
0.000000	0.105491	0.000000	0.105953
0.000000	0.105953	0.000000	0.105940
0.000000	0.105940	0.000000	0.106107
0.000000	0.106107	0.000000	0.105124
0.000000	0.105124	0.000000	0.104854
0.000000	0.104854	0.000000	0.104005
0.000000	0.104005	0.000000	0.102980
0.000000	0.102980	0.000000	0.103392
0.000000	0.103392	0.000000	0.102523
0.000000	0.102523	0.000000	0.102302
0.000000	0.102302	0.000000	0.101642
0.000000	0.101642	0.000000	0.102665
0.000000	0.102665	0.000000	0.102334
0.000000	0.102334	0.000000	0.101384
0.000000	0.101384	0.000000	0.101753
0.000000	0.101753	0.000000	0.101358
0.000000	0.101358	0.000000	0.101359
0.000000	0.101359	0.000000	0.101463
0.000000	0.101463	0.000000	0.101761
0.000000	0.101761	0.000000	0.101663
0.000000	0.101663	0.000000	0.101719
0.000000	0.101719	0.000000	0.101992
0.000000	0.101992	0.000000	0.102599
0.000000	0.102599	0.000000	0.102002
0.000000	0.102002	0.000000	0.102836
0.000000	0.102836	0.000000	0.103764
0.000000	0.103764	0.000000	0.104079
0.000000	0.104079	0.000000	0.102982
0.000000	0.102982	0.000000	0.104037
0.000000	0.104037	0.000000	0.104278
0.000000	0.104278	0.000000	0.105146
0.000000	0.105146	0.000000	0.105483
0.000000	0.105483	0.000000	0.106371
0.000000	0.106371	0.000000	0.107107
0.000000	0.107107	0.000000	0.107503
0.000000	0.107503	0.000000	0.105822
0.000000	0.105822	0.000000	0.104557
0.000000	0.104557	0.000000	0.104039
0.000000	0.104039	0.000000	0.103996
0.000000	0.103996	0.000000	0.103922
0.000000	0.103922	0.000000	0.103751
0.000000	0.103751	0.000000	0.103975
0.000000	0.103975	0.000000	0.103300
0.000000	0.103300	0.000000	0.103753
0.000000	0.103753	0.000000	0.103162
0.300476	0.499381	0.337138	0.502016
0.337138	0.502016	0.309558	0.493348
0.309558	0.493348	0.285049	0.472792
0.285049	0.472792	0.265909	0.447186
0.265909	0.447186	0.244206	0.414591
0.244206	0.414591	0.222281	0.377993
0.222281	0.377993	0.194735	0.338532
0.194735	0.338532	0.166925	0.300001
0.166925	0.300001	0.139527	0.265671
0.139527	0.265671	0.113667	0.232555
0.113667	0.232555	0.089845	0.202683
0.089845	0.202683	0.070054	0.178363
0.070054	0.178363	0.053775	0.159501
0.053775	0.159501	0.041848	0.145614
0.041848	0.145614	0.032632	0.134982
0.032632	0.134982	0.024943	0.127031
0.024943	0.127031	0.020090	0.121379
0.020090	0.121379	0.016125	0.116186
0.016125	0.116186	0.013215	0.113417
0.013215	0.113417	0.010701	0.111453
0.010701	0.111453	0.008759	0.109331
0.008759	0.109331	0.007369	0.107737
0.007369	0.107737	0.006353	0.107338
0.006353	0.107338	0.005015	0.106338
0.005015	0.106338	0.004223	0.105777
0.004223	0.105777	0.003572	0.105322
0.003572	0.105322	0.003159	0.104308
0.003159	0.104308	0.002965	0.105045
0.002965	0.105045	0.002638	0.104427
0.002638	0.104427	0.002290	0.104655
0.002290	0.104655	0.002142	0.103679
0.002142	0.103679	0.001937	0.103844
0.001937	0.103844	0.001630	0.103698
0.001630	0.103698	0.001614	0.103470
0.001614	0.103470	0.001520	0.104431
0.001520	0.104431	0.001329	0.104261
0.001329	0.104261	0.001241	0.103587
0.001241	0.103587	0.001250	0.104022
0.001250	0.104022	0.001069	0.103835
0.001069	0.103835	0.001093	0.103785
0.001093	0.103785	0.001050	0.104175
0.001050	0.104175	0.001029	0.101935
0.001029	0.101935	0.000753	0.102337
0.000753	0.102337	0.000702	0.101730
0.000702	0.101730	0.000532	0.101494
0.000532	0.101494	0.000461	0.101289
0.000461	0.101289	0.000344	0.101435
0.000344	0.101435	0.000283	0.100690
0.000283	0.100690	0.000239	0.100338
0.000239	0.100338	0.000232	0.100375
0.000232	0.100375	0.000150	0.101827
0.000150	0.101827	0.000121	0.102508
0.000121	0.102508	0.000134	0.101736
0.000134	0.101736	0.000156	0.102820
0.000156	0.102820	0.000142	0.102619
0.000142	0.102619	0.000062	0.102943
0.000062	0.102943	0.000066	0.103259
0.000066	0.103259	0.000058	0.102705
0.000058	0.102705	0.000082	0.102783
0.000082	0.102783	0.000052	0.102689
0.000052	0.102689	0.000011	0.102427
0.000011	0.102427	0.000019	0.102415
0.000019	0.102415	0.000008	0.102156
0.000008	0.102156	0.000005	0.101750
0.000005	0.101750	0.000006	0.102101
0.000006	0.102101	0.000006	0.102743
0.000006	0.102743	0.000007	0.101756
0.000007	0.101756	0.000006	0.101859
0.000006	0.101859	0.000000	0.101871
0.000000	0.101871	0.000000	0.102732
0.000000	0.102732	0.000000	0.101289
0.000000	0.101289	0.000000	0.102958
0.000000	0.102958	0.000000	0.103517
0.000000	0.103517	0.000000	0.102880
0.000000	0.102880	0.000000	0.103327
0.000000	0.103327	0.000000	0.103709
0.000000	0.103709	0.000000	0.104168
0.000000	0.104168	0.000000	0.104564
0.000000	0.104564	0.000000	0.105284
0.000000	0.105284	0.000000	0.105742
0.000000	0.105742	0.000000	0.105886
0.000000	0.105886	0.000000	0.106002
0.000000	0.106002	0.000000	0.105879
0.000000	0.105879	0.000000	0.105846
0.000000	0.105846	0.000000	0.106736
0.000000	0.106736	0.000000	0.106904
0.000000	0.106904	0.000000	0.106961
0.000000	0.106961	0.000000	0.106834
0.000000	0.106834	0.000000	0.107058
0.000000	0.107058	0.000000	0.106865
0.000000	0.106865	0.000000	0.106880
0.000000	0.106880	0.000000	0.107370
0.000000	0.107370	0.000000	0.107444
0.000000	0.107444	0.000000	0.107415
0.000000	0.107415	0.000000	0.107142
0.000000	0.107142	0.000000	0.108103
0.000000	0.108103	0.000000	0.108444
0.000000	0.108444	0.000000	0.108976
0.000000	0.108976	0.000000	0.109243
0.000000	0.109243	0.000000	0.109983
0.000000	0.109983	0.000000	0.110349
0.000000	0.110349	0.000000	0.109970
0.000000	0.109970	0.000000	0.110150
0.000000	0.110150	0.000000	0.109259
0.000000	0.109259	0.000000	0.109245
0.000000	0.109245	0.000000	0.108183
0.000000	0.108183	0.000000	0.108135
0.000000	0.108135	0.000000	0.108768
0.000000	0.108768	0.000000	0.108795
0.000000	0.108795	0.000000	0.108631
0.000000	0.108631	0.000000	0.109548
0.000000	0.109548	0.000000	0.109916
0.000000	0.109916	0.000000	0.110178
0.000000	0.110178	0.000000	0.109157
0.000000	0.109157	0.000000	0.108879
0.000000	0.108879	0.000000	0.108927
0.000000	0.108927	0.000000	0.108729
0.000000	0.108729	0.000000	0.109806
0.000000	0.109806	0.000000	0.109518
0.000000	0.109518	0.000000	0.108675
0.000000	0.108675	0.000000	0.109975
0.000000	0.109975	0.000000	0.108288
0.000000	0.108288	0.000000	0.107957
0.000000	0.107957	0.000000	0.107903
0.000000	0.107903	0.000000	0.108483
0.000000	0.108483	0.000000	0.108362
0.000000	0.108362	0.000000	0.108506
0.000000	0.108506	0.000000	0.108822
0.000000	0.108822	0.000000	0.108321
0.000000	0.108321	0.000000	0.108215
0.000000	0.108215	0.000000	0.108153
0.000000	0.108153	0.000000	0.108031
0.000000	0.108031	0.000000	0.107536
0.000000	0.107536	0.000000	0.107546
0.000000	0.107546	0.000000	0.108127
0.000000	0.108127	0.000000	0.108908
0.000000	0.108908	0.000000	0.108174
0.000000	0.108174	0.000000	0.107733
0.000000	0.107733	0.000000	0.107296
0.000000	0.107296	0.000000	0.107793
0.000000	0.107793	0.000000	0.107715
0.000000	0.107715	0.000000	0.108810
0.000000	0.108810	0.000000	0.108915
0.000000	0.108915	0.000000	0.109042
0.000000	0.109042	0.000000	0.109259
0.000000	0.109259	0.000000	0.108347
0.000000	0.108347	0.000000	0.108547
0.000000	0.108547	0.000000	0.108347
0.000000	0.108347	0.000000	0.108750
0.000000	0.108750	0.000000	0.108107
0.000000	0.108107	0.000000	0.108001
0.000000	0.108001	0.000000	0.107614
0.000000	0.107614	0.000000	0.108325
0.000000	0.108325	0.000000	0.108171
0.000000	0.108171	0.000000	0.108516
0.000000	0.108516	0.000000	0.110002
0.000000	0.110002	0.000000	0.110506
0.000000	0.110506	0.000000	0.109431
0.000000	0.109431	0.000000	0.110326
0.000000	0.110326	0.000000	0.110987
0.000000	0.110987	0.000000	0.110973
0.000000	0.110973	0.000000	0.111141
0.000000	0.111141	0.000000	0.110527
0.000000	0.110527	0.000000	0.110089
0.000000	0.110089	0.000000	0.108704
0.000000	0.108704	0.000000	0.109037
0.000000	0.109037	0.000000	0.109558
0.000000	0.109558	0.000000	0.110329
0.000000	0.110329	0.000000	0.110489
0.000000	0.110489	0.000000	0.110385
0.000000	0.110385	0.000000	0.110493
0.000000	0.110493	0.000000	0.110377
0.000000	0.110377	0.000000	0.109943
0.000000	0.109943	0.000000	0.109933
0.000000	0.109933	0.000000	0.109525
0.000000	0.109525	0.000000	0.109681
0.000000	0.109681	0.000000	0.109833
0.000000	0.109833	0.000000	0.109416
0.000000	0.109416	0.000000	0.109642
0.000000	0.109642	0.000000	0.109159
0.000000	0.109159	0.000000	0.109359
0.000000	0.109359	0.000000	0.108772
0.000000	0.108772	0.000000	0.108165
0.000000	0.108165	0.000000	0.108656
0.000000	0.108656	0.000000	0.108145
0.000000	0.108145	0.000000	0.107730
0.000000	0.107730	0.000000	0.107535
0.000000	0.107535	0.000000	0.107484
0.000000	0.107484	0.000000	0.107921
0.000000	0.107921	0.000000	0.107155
0.000000	0.107155	0.000000	0.107267
0.000000	0.107267	0.000000	0.107569
0.000000	0.107569	0.000000	0.107267
0.000000	0.107267	0.000000	0.107413
0.000000	0.107413	0.000000	0.106529
0.000000	0.106529	0.000000	0.107336
0.000000	0.107336	0.000000	0.108035
0.000000	0.108035	0.000000	0.108280
0.000000	0.108280	0.000000	0.107947
0.300380	0.599554	0.422187	0.604211
0.422187	0.604211	0.427991	0.597120
0.427991	0.597120	0.418602	0.573922
0.418602	0.573922	0.397411	0.539409
0.397411	0.539409	0.367071	0.495452
0.367071	0.495452	0.327801	0.443964
0.327801	0.443964	0.284653	0.389690
0.284653	0.389690	0.236942	0.333004
0.236942	0.333004	0.188606	0.278064
0.188606	0.278064	0.145900	0.228875
0.145900	0.228875	0.109853	0.188751
0.109853	0.188751	0.081544	0.157287
0.081544	0.157287	0.058115	0.131885
0.058115	0.131885	0.041190	0.114302
0.041190	0.114302	0.029679	0.102290
0.029679	0.102290	0.021481	0.094464
0.021481	0.094464	0.015980	0.089247
0.015980	0.089247	0.012004	0.085479
0.012004	0.085479	0.009526	0.083194
0.009526	0.083194	0.007973	0.081850
0.007973	0.081850	0.006519	0.081625
0.006519	0.081625	0.005239	0.080440
0.005239	0.080440	0.004108	0.079331
0.004108	0.079331	0.003381	0.079898
0.003381	0.079898	0.002724	0.080029
0.002724	0.080029	0.002417	0.079910
0.002417	0.079910	0.001879	0.079705
0.001879	0.079705	0.001702	0.080096
0.001702	0.080096	0.001295	0.080292
0.001295	0.080292	0.001071	0.080005
0.001071	0.080005	0.001010	0.079157
0.001010	0.079157	0.000884	0.079718
0.000884	0.079718	0.000888	0.081190
0.000888	0.081190	0.000858	0.080821
0.000858	0.080821	0.000781	0.080579
0.000781	0.080579	0.000633	0.081400
0.000633	0.081400	0.000452	0.081411
0.000452	0.081411	0.000346	0.081016
0.000346	0.081016	0.000266	0.082225
0.000266	0.082225	0.000203	0.081982
0.000203	0.081982	0.000181	0.082596
0.000181	0.082596	0.000212	0.082323
0.000212	0.082323	0.000168	0.083097
0.000168	0.083097	0.000179	0.082892
0.000179	0.082892	0.000126	0.083397
0.000126	0.083397	0.000153	0.083540
0.000153	0.083540	0.000170	0.083866
0.000170	0.083866	0.000170	0.083112
0.000170	0.083112	0.000177	0.082800
0.000177	0.082800	0.000222	0.082618
0.000222	0.082618	0.000183	0.082960
0.000183	0.082960	0.000170	0.083196
0.000170	0.083196	0.000154	0.083063
0.000154	0.083063	0.000171	0.083976
0.000171	0.083976	0.000140	0.083496
0.000140	0.083496	0.000101	0.084254
0.000101	0.084254	0.000071	0.085098
0.000071	0.085098	0.000051	0.084981
0.000051	0.084981	0.000038	0.085033
0.000038	0.085033	0.000013	0.085112
0.000013	0.085112	0.000003	0.085454
0.000003	0.085454	0.000008	0.085656
0.000008	0.085656	0.000003	0.085781
0.000003	0.085781	0.000008	0.085450
0.000008	0.085450	0.000003	0.085272
0.000003	0.085272	0.000000	0.085134
0.000000	0.085134	0.000000	0.085906
0.000000	0.085906	0.000000	0.086384
0.000000	0.086384	0.000000	0.087165
0.000000	0.087165	0.000000	0.086855
0.000000	0.086855	0.000000	0.086586
0.000000	0.086586	0.000000	0.086497
0.000000	0.086497	0.000000	0.086301
0.000000	0.086301	0.000000	0.086670
0.000000	0.086670	0.000000	0.086615
0.000000	0.086615	0.000000	0.085977
0.000000	0.085977	0.000000	0.085490
0.000000	0.085490	0.000000	0.084516
0.000000	0.084516	0.000000	0.084467
0.000000	0.084467	0.000000	0.084324
0.000000	0.084324	0.000000	0.083979
0.000000	0.083979	0.000000	0.083756
0.000000	0.083756	0.000000	0.084216
0.000000	0.084216	0.000000	0.083768
0.000000	0.083768	0.000000	0.084366
0.000000	0.084366	0.000000	0.083834
0.000000	0.083834	0.000000	0.084663
0.000000	0.084663	0.000000	0.084520
0.000000	0.084520	0.000000	0.085672
0.000000	0.085672	0.000000	0.085942
0.000000	0.085942	0.000000	0.086054
0.000000	0.086054	0.000000	0.085467
0.000000	0.085467	0.000000	0.086069
0.000000	0.086069	0.000000	0.085692
0.000000	0.085692	0.000000	0.085950
0.000000	0.085950	0.000000	0.085652
0.000000	0.085652	0.000000	0.085299
0.000000	0.085299	0.000000	0.085843
0.000000	0.085843	0.000000	0.086587
0.000000	0.086587	0.000000	0.086421
0.000000	0.086421	0.000000	0.086503
0.000000	0.086503	0.000000	0.085819
0.000000	0.085819	0.000000	0.086206
0.000000	0.086206	0.000000	0.086303
0.000000	0.086303	0.000000	0.085553
0.000000	0.085553	0.000000	0.085696
0.000000	0.085696	0.000000	0.085939
0.000000	0.085939	0.000000	0.086107
0.000000	0.086107	0.000000	0.085747
0.000000	0.085747	0.000000	0.084905
0.000000	0.084905	0.000000	0.084482
0.000000	0.084482	0.000000	0.085034
0.000000	0.085034	0.000000	0.084753
0.000000	0.084753	0.000000	0.084510
0.000000	0.084510	0.000000	0.085106
0.000000	0.085106	0.000000	0.084765
0.000000	0.084765	0.000000	0.084210
0.000000	0.084210	0.000000	0.083462
0.000000	0.083462	0.000000	0.082494
0.000000	0.082494	0.000000	0.083090
0.000000	0.083090	0.000000	0.083277
0.000000	0.083277	0.000000	0.082330
0.000000	0.082330	0.000000	0.082482
0.000000	0.082482	0.000000	0.082448
0.000000	0.082448	0.000000	0.082929
0.000000	0.082929	0.000000	0.083760
0.000000	0.083760	0.000000	0.083688
0.000000	0.083688	0.000000	0.083875
0.000000	0.083875	0.000000	0.083923
0.000000	0.083923	0.000000	0.084535
0.000000	0.084535	0.000000	0.084707
0.000000	0.084707	0.000000	0.084063
0.000000	0.084063	0.000000	0.083927
0.000000	0.083927	0.000000	0.084585
0.000000	0.084585	0.000000	0.084655
0.000000	0.084655	0.000000	0.085273
0.000000	0.085273	0.000000	0.085851
0.000000	0.085851	0.000000	0.085429
0.000000	0.085429	0.000000	0.086268
0.000000	0.086268	0.000000	0.085677
0.000000	0.085677	0.000000	0.085570
0.000000	0.085570	0.000000	0.085569
0.000000	0.085569	0.000000	0.086623
0.000000	0.086623	0.000000	0.088310
0.000000	0.088310	0.000000	0.088555
0.000000	0.088555	0.000000	0.087739
0.000000	0.087739	0.000000	0.086746
0.000000	0.086746	0.000000	0.087437
0.000000	0.087437	0.000000	0.087195
0.000000	0.087195	0.000000	0.087158
0.000000	0.087158	0.000000	0.087335
0.000000	0.087335	0.000000	0.086949
0.000000	0.086949	0.000000	0.087305
0.000000	0.087305	0.000000	0.087763
0.000000	0.087763	0.000000	0.087325
0.000000	0.087325	0.000000	0.087999
0.000000	0.087999	0.000000	0.088635
0.000000	0.088635	0.000000	0.088229
0.000000	0.088229	0.000000	0.088214
0.000000	0.088214	0.000000	0.088725
0.000000	0.088725	0.000000	0.088093
0.000000	0.088093	0.000000	0.088005
0.000000	0.088005	0.000000	0.087602
0.000000	0.087602	0.000000	0.087798
0.000000	0.087798	0.000000	0.086829
0.000000	0.086829	0.000000	0.086681
0.000000	0.086681	0.000000	0.087080
0.000000	0.087080	0.000000	0.087338
0.000000	0.087338	0.000000	0.086865
0.000000	0.086865	0.000000	0.086867
0.000000	0.086867	0.000000	0.086474
0.000000	0.086474	0.000000	0.087276
0.000000	0.087276	0.000000	0.087455
0.000000	0.087455	0.000000	0.087056
0.000000	0.087056	0.000000	0.086942
0.000000	0.086942	0.000000	0.087014
0.000000	0.087014	0.000000	0.087575
0.000000	0.087575	0.000000	0.087191
0.000000	0.087191	0.000000	0.087516
0.000000	0.087516	0.000000	0.087604
0.000000	0.087604	0.000000	0.086844
0.000000	0.086844	0.000000	0.087232
0.000000	0.087232	0.000000	0.086778
0.000000	0.086778	0.000000	0.087154
0.000000	0.087154	0.000000	0.086124
0.000000	0.086124	0.000000	0.086401
0.000000	0.086401	0.000000	0.086169
0.000000	0.086169	0.000000	0.085848
0.000000	0.085848	0.000000	0.086049
0.000000	0.086049	0.000000	0.085634
0.000000	0.085634	0.000000	0.085340
0.000000	0.085340	0.000000	0.085357
0.000000	0.085357	0.000000	0.085538
0.000000	0.085538	0.000000	0.085528
0.000000	0.085528	0.000000	0.085566
0.000000	0.085566	0.000000	0.085241
0.000000	0.085241	0.000000	0.085849
0.000000	0.085849	0.000000	0.086393
0.000000	0.086393	0.000000	0.086104
0.300131	0.699699	0.505871	0.704632
0.505871	0.704632	0.549510	0.700526
0.549510	0.700526	0.558117	0.680832
0.558117	0.680832	0.544929	0.645321
0.544929	0.645321	0.511075	0.596690
0.511075	0.596690	0.461654	0.536345
0.461654	0.536345	0.402218	0.467470
0.402218	0.467470	0.335165	0.394574
0.335165	0.394574	0.267886	0.322140
0.267886	0.322140	0.203338	0.252743
0.203338	0.252743	0.147402	0.194651
0.147402	0.194651	0.102040	0.147670
0.102040	0.147670	0.068115	0.112378
0.068115	0.112378	0.043948	0.087509
0.043948	0.087509	0.027231	0.069847
0.027231	0.069847	0.016426	0.059112
0.016426	0.059112	0.010259	0.053947
0.010259	0.053947	0.006513	0.050058
0.006513	0.050058	0.004503	0.047627
0.004503	0.047627	0.002919	0.046488
0.002919	0.046488	0.002203	0.047233
0.002203	0.047233	0.001722	0.046447
0.001722	0.046447	0.001329	0.047112
0.001329	0.047112	0.001090	0.047332
0.001090	0.047332	0.000956	0.047232
0.000956	0.047232	0.000880	0.047180
0.000880	0.047180	0.000816	0.046740
0.000816	0.046740	0.000728	0.047025
0.000728	0.047025	0.000693	0.047091
0.000693	0.047091	0.000575	0.047455
0.000575	0.047455	0.000455	0.047535
0.000455	0.047535	0.000328	0.047741
0.000328	0.047741	0.000271	0.046898
0.000271	0.046898	0.000231	0.047809
0.000231	0.047809	0.000166	0.049034
0.000166	0.049034	0.000128	0.049241
0.000128	0.049241	0.000079	0.049593
0.000079	0.049593	0.000035	0.049660
0.000035	0.049660	0.000011	0.049758
0.000011	0.049758	0.000007	0.049824
0.000007	0.049824	0.000018	0.050386
0.000018	0.050386	0.000029	0.050215
0.000029	0.050215	0.000033	0.050224
0.000033	0.050224	0.000021	0.050156
0.000021	0.050156	0.000019	0.051106
0.000019	0.051106	0.000003	0.051170
0.000003	0.051170	0.000000	0.051550
0.000000	0.051550	0.000000	0.051328
0.000000	0.051328	0.000000	0.051113
0.000000	0.051113	0.000000	0.051000
0.000000	0.051000	0.000000	0.050926
0.000000	0.050926	0.000000	0.050592
0.000000	0.050592	0.000000	0.050501
0.000000	0.050501	0.000000	0.050226
0.000000	0.050226	0.000000	0.049878
0.000000	0.049878	0.000000	0.050108
0.000000	0.050108	0.000000	0.050313
0.000000	0.050313	0.000000	0.050399
0.000000	0.050399	0.000000	0.049907
0.000000	0.049907	0.000000	0.050061
0.000000	0.050061	0.000000	0.049863
0.000000	0.049863	0.000000	0.050615
0.000000	0.050615	0.000000	0.050818
0.000000	0.050818	0.000000	0.051499
0.000000	0.051499	0.000000	0.051295
0.000000	0.051295	0.000000	0.051875
0.000000	0.051875	0.000000	0.051381
0.000000	0.051381	0.000000	0.051003
0.000000	0.051003	0.000000	0.051746
0.000000	0.051746	0.000000	0.051932
0.000000	0.051932	0.000000	0.051155
0.000000	0.051155	0.000000	0.051070
0.000000	0.051070	0.000000	0.050983
0.000000	0.050983	0.000000	0.050964
0.000000	0.050964	0.000000	0.051322
0.000000	0.051322	0.000000	0.051707
0.000000	0.051707	0.000000	0.052135
0.000000	0.052135	0.000000	0.052287
0.000000	0.052287	0.000000	0.052563
0.000000	0.052563	0.000000	0.052561
0.000000	0.052561	0.000000	0.052639
0.000000	0.052639	0.000000	0.052543
0.000000	0.052543	0.000000	0.052324
0.000000	0.052324	0.000000	0.052825
0.000000	0.052825	0.000000	0.051828
0.000000	0.051828	0.000000	0.051822
0.000000	0.051822	0.000000	0.052029
0.000000	0.052029	0.000000	0.051731
0.000000	0.051731	0.000000	0.051726
0.000000	0.051726	0.000000	0.052250
0.000000	0.052250	0.000000	0.052080
0.000000	0.052080	0.000000	0.052183
0.000000	0.052183	0.000000	0.051477
0.000000	0.051477	0.000000	0.050997
0.000000	0.050997	0.000000	0.050509
0.000000	0.050509	0.000000	0.050985
0.000000	0.050985	0.000000	0.051707
0.000000	0.051707	0.000000	0.052474
0.000000	0.052474	0.000000	0.052236
0.000000	0.052236	0.000000	0.052268
0.000000	0.052268	0.000000	0.051721
0.000000	0.051721	0.000000	0.051984
0.000000	0.051984	0.000000	0.051224
0.000000	0.051224	0.000000	0.051475
0.000000	0.051475	0.000000	0.051540
0.000000	0.051540	0.000000	0.051862
0.000000	0.051862	0.000000	0.051667
0.000000	0.051667	0.000000	0.052061
0.000000	0.052061	0.000000	0.052407
0.000000	0.052407	0.000000	0.052854
0.000000	0.052854	0.000000	0.052708
0.000000	0.052708	0.000000	0.053159
0.000000	0.053159	0.000000	0.052582
0.000000	0.052582	0.000000	0.052976
0.000000	0.052976	0.000000	0.052779
0.000000	0.052779	0.000000	0.052859
0.000000	0.052859	0.000000	0.052884
0.000000	0.052884	0.000000	0.052750
0.000000	0.052750	0.000000	0.052489
0.000000	0.052489	0.000000	0.052101
0.000000	0.052101	0.000000	0.052184
0.000000	0.052184	0.000000	0.053112
0.000000	0.053112	0.000000	0.052867
0.000000	0.052867	0.000000	0.052739
0.000000	0.052739	0.000000	0.052738
0.000000	0.052738	0.000000	0.052052
0.000000	0.052052	0.000000	0.051568
0.000000	0.051568	0.000000	0.051517
0.000000	0.051517	0.000000	0.051753
0.000000	0.051753	0.000000	0.051471
0.000000	0.051471	0.000000	0.051553
0.000000	0.051553	0.000000	0.051396
0.000000	0.051396	0.000000	0.052061
0.000000	0.052061	0.000000	0.051709
0.000000	0.051709	0.000000	0.051757
0.000000	0.051757	0.000000	0.050802
0.000000	0.050802	0.000000	0.050554
0.000000	0.050554	0.000000	0.050473
0.000000	0.050473	0.000000	0.050705
0.000000	0.050705	0.000000	0.050237
0.000000	0.050237	0.000000	0.050301
0.000000	0.050301	0.000000	0.049807
0.000000	0.049807	0.000000	0.050172
0.000000	0.050172	0.000000	0.049555
0.000000	0.049555	0.000000	0.049345
0.000000	0.049345	0.000000	0.049228
0.000000	0.049228	0.000000	0.048985
0.000000	0.048985	0.000000	0.048819
0.000000	0.048819	0.000000	0.049232
0.000000	0.049232	0.000000	0.050092
0.000000	0.050092	0.000000	0.049422
0.000000	0.049422	0.000000	0.048862
0.000000	0.048862	0.000000	0.049302
0.000000	0.049302	0.000000	0.049232
0.000000	0.049232	0.000000	0.049203
0.000000	0.049203	0.000000	0.048805
0.000000	0.048805	0.000000	0.048614
0.000000	0.048614	0.000000	0.049008
0.000000	0.049008	0.000000	0.049003
0.000000	0.049003	0.000000	0.049234
0.000000	0.049234	0.000000	0.049609
0.000000	0.049609	0.000000	0.049125
0.000000	0.049125	0.000000	0.049141
0.000000	0.049141	0.000000	0.049027
0.000000	0.049027	0.000000	0.048573
0.000000	0.048573	0.000000	0.048784
0.000000	0.048784	0.000000	0.048570
0.000000	0.048570	0.000000	0.048410
0.000000	0.048410	0.000000	0.047692
0.000000	0.047692	0.000000	0.048281
0.000000	0.048281	0.000000	0.047831
0.000000	0.047831	0.000000	0.047727
0.000000	0.047727	0.000000	0.047395
0.000000	0.047395	0.000000	0.047335
0.000000	0.047335	0.000000	0.047902
0.000000	0.047902	0.000000	0.048113
0.000000	0.048113	0.000000	0.047418
0.000000	0.047418	0.000000	0.047059
0.000000	0.047059	0.000000	0.047278
0.000000	0.047278	0.000000	0.047153
0.000000	0.047153	0.000000	0.047089
0.000000	0.047089	0.000000	0.048023
0.000000	0.048023	0.000000	0.048267
0.000000	0.048267	0.000000	0.048485
0.000000	0.048485	0.000000	0.048701
0.000000	0.048701	0.000000	0.048934
0.000000	0.048934	0.000000	0.048767
0.000000	0.048767	0.000000	0.049224
0.000000	0.049224	0.000000	0.048922
0.000000	0.048922	0.000000	0.048916
0.000000	0.048916	0.000000	0.048477
0.000000	0.048477	0.000000	0.048282
0.000000	0.048282	0.000000	0.048598
0.000000	0.048598	0.000000	0.048057
0.000000	0.048057	0.000000	0.047535
0.000000	0.047535	0.000000	0.046846
0.000000	0.046846	0.000000	0.046855
0.000000	0.046855	0.000000	0.046710
0.000000	0.046710	0.000000	0.046702
0.301321	0.800241	0.588631	0.802934
0.588631	0.802934	0.663965	0.797839
0.663965	0.797839	0.693562	0.782689
0.693562	0.782689	0.692957	0.754684
0.692957	0.754684	0.667053	0.713612
0.667053	0.713612	0.621289	0.658492
0.621289	0.658492	0.561295	0.594531
0.561295	0.594531	0.491105	0.520943
0.491105	0.520943	0.415883	0.443088
0.415883	0.443088	0.337548	0.363377
0.337548	0.363377	0.262729	0.287609
0.262729	0.287609	0.196002	0.220321
0.196002	0.220321	0.139627	0.162856
0.139627	0.162856	0.096815	0.119000
0.096815	0.119000	0.063403	0.085547
0.063403	0.085547	0.040250	0.062461
0.040250	0.062461	0.024928	0.047151
0.024928	0.047151	0.015344	0.037658
0.015344	0.037658	0.009327	0.032017
0.009327	0.032017	0.005613	0.029198
0.005613	0.029198	0.003279	0.027119
0.003279	0.027119	0.002118	0.025880
0.002118	0.025880	0.001432	0.025366
0.001432	0.025366	0.001073	0.025189
0.001073	0.025189	0.000827	0.025792
0.000827	0.025792	0.000654	0.025739
0.000654	0.025739	0.000548	0.026174
0.000548	0.026174	0.000432	0.026370
0.000432	0.026370	0.000316	0.026715
0.000316	0.026715	0.000266	0.026706
0.000266	0.026706	0.000226	0.026958
0.000226	0.026958	0.000170	0.027412
0.000170	0.027412	0.000104	0.027561
0.000104	0.027561	0.000106	0.027725
0.000106	0.027725	0.000046	0.028166
0.000046	0.028166	0.000048	0.028296
0.000048	0.028296	0.000033	0.028142
0.000033	0.028142	0.000012	0.028788
0.000012	0.028788	0.000000	0.028593
0.000000	0.028593	0.000000	0.028869
0.000000	0.028869	0.000000	0.028830
0.000000	0.028830	0.000000	0.029381
0.000000	0.029381	0.000000	0.029408
0.000000	0.029408	0.000000	0.029267
0.000000	0.029267	0.000000	0.029408
0.000000	0.029408	0.000000	0.029389
0.000000	0.029389	0.000000	0.029320
0.000000	0.029320	0.000000	0.029675
0.000000	0.029675	0.000000	0.029842
0.000000	0.029842	0.000000	0.030257
0.000000	0.030257	0.000000	0.030126
0.000000	0.030126	0.000000	0.030726
0.000000	0.030726	0.000000	0.030938
0.000000	0.030938	0.000000	0.031327
0.000000	0.031327	0.000000	0.031755
0.000000	0.031755	0.000000	0.031929
0.000000	0.031929	0.000000	0.031539
0.000000	0.031539	0.000000	0.031701
0.000000	0.031701	0.000000	0.031707
0.000000	0.031707	0.000000	0.032077
0.000000	0.032077	0.000000	0.032653
0.000000	0.032653	0.000000	0.032996
0.000000	0.032996	0.000000	0.033026
0.000000	0.033026	0.000000	0.032751
0.000000	0.032751	0.000000	0.033029
0.000000	0.033029	0.000000	0.032855
0.000000	0.032855	0.000000	0.032924
0.000000	0.032924	0.000000	0.033437
0.000000	0.033437	0.000000	0.033932
0.000000	0.033932	0.000000	0.034013
0.000000	0.034013	0.000000	0.034074
0.000000	0.034074	0.000000	0.034587
0.000000	0.034587	0.000000	0.034624
0.000000	0.034624	0.000000	0.034776
0.000000	0.034776	0.000000	0.034864
0.000000	0.034864	0.000000	0.034723
0.000000	0.034723	0.000000	0.034682
0.000000	0.034682	0.000000	0.034608
0.000000	0.034608	0.000000	0.034209
0.000000	0.034209	0.000000	0.034101
0.000000	0.034101	0.000000	0.034473
0.000000	0.034473	0.000000	0.034653
0.000000	0.034653	0.000000	0.035262
0.000000	0.035262	0.000000	0.035589
0.000000	0.035589	0.000000	0.035970
0.000000	0.035970	0.000000	0.036043
0.000000	0.036043	0.000000	0.036520
0.000000	0.036520	0.000000	0.036838
0.000000	0.036838	0.000000	0.036341
0.000000	0.036341	0.000000	0.036074
0.000000	0.036074	0.000000	0.036186
0.000000	0.036186	0.000000	0.036132
0.000000	0.036132	0.000000	0.035263
0.000000	0.035263	0.000000	0.035316
0.000000	0.035316	0.000000	0.035220
0.000000	0.035220	0.000000	0.035520
0.000000	0.035520	0.000000	0.035389
0.000000	0.035389	0.000000	0.034893
0.000000	0.034893	0.000000	0.034881
0.000000	0.034881	0.000000	0.034377
0.000000	0.034377	0.000000	0.034609
0.000000	0.034609	0.000000	0.034893
0.000000	0.034893	0.000000	0.035431
0.000000	0.035431	0.000000	0.035768
0.000000	0.035768	0.000000	0.036346
0.000000	0.036346	0.000000	0.036544
0.000000	0.036544	0.000000	0.036565
0.000000	0.036565	0.000000	0.035844
0.000000	0.035844	0.000000	0.036616
0.000000	0.036616	0.000000	0.036822
0.000000	0.036822	0.000000	0.036609
0.000000	0.036609	0.000000	0.036371
0.000000	0.036371	0.000000	0.036220
0.000000	0.036220	0.000000	0.036706
0.000000	0.036706	0.000000	0.036494
0.000000	0.036494	0.000000	0.036198
0.000000	0.036198	0.000000	0.035709
0.000000	0.035709	0.000000	0.036082
0.000000	0.036082	0.000000	0.036244
0.000000	0.036244	0.000000	0.036522
0.000000	0.036522	0.000000	0.036994
0.000000	0.036994	0.000000	0.036291
0.000000	0.036291	0.000000	0.036885
0.000000	0.036885	0.000000	0.036753
0.000000	0.036753	0.000000	0.036552
0.000000	0.036552	0.000000	0.036345
0.000000	0.036345	0.000000	0.036406
0.000000	0.036406	0.000000	0.036318
0.000000	0.036318	0.000000	0.036415
0.000000	0.036415	0.000000	0.036832
0.000000	0.036832	0.000000	0.036282
0.000000	0.036282	0.000000	0.036329
0.000000	0.036329	0.000000	0.035925
0.000000	0.035925	0.000000	0.035840
0.000000	0.035840	0.000000	0.035759
0.000000	0.035759	0.000000	0.035563
0.000000	0.035563	0.000000	0.035172
0.000000	0.035172	0.000000	0.035237
0.000000	0.035237	0.000000	0.034543
0.000000	0.034543	0.000000	0.034105
0.000000	0.034105	0.000000	0.034686
0.000000	0.034686	0.000000	0.034539
0.000000	0.034539	0.000000	0.034162
0.000000	0.034162	0.000000	0.034511
0.000000	0.034511	0.000000	0.033635
0.000000	0.033635	0.000000	0.033376
0.000000	0.033376	0.000000	0.033249
0.000000	0.033249	0.000000	0.033325
0.000000	0.033325	0.000000	0.033492
0.000000	0.033492	0.000000	0.033690
0.000000	0.033690	0.000000	0.033375
0.000000	0.033375	0.000000	0.033591
0.000000	0.033591	0.000000	0.033716
0.000000	0.033716	0.000000	0.033984
0.000000	0.033984	0.000000	0.034001
0.000000	0.034001	0.000000	0.034278
0.000000	0.034278	0.000000	0.034376
0.000000	0.034376	0.000000	0.034286
0.000000	0.034286	0.000000	0.034784
0.000000	0.034784	0.000000	0.034751
0.000000	0.034751	0.000000	0.034518
0.000000	0.034518	0.000000	0.033850
0.000000	0.033850	0.000000	0.033461
0.000000	0.033461	0.000000	0.033825
0.000000	0.033825	0.000000	0.034289
0.000000	0.034289	0.000000	0.034598
0.000000	0.034598	0.000000	0.034845
0.000000	0.034845	0.000000	0.034719
0.000000	0.034719	0.000000	0.034457
0.000000	0.034457	0.000000	0.034405
0.000000	0.034405	0.000000	0.034238
0.000000	0.034238	0.000000	0.034039
0.000000	0.034039	0.000000	0.034039
0.000000	0.034039	0.000000	0.034419
0.000000	0.034419	0.000000	0.034084
0.000000	0.034084	0.000000	0.033831
0.000000	0.033831	0.000000	0.033902
0.000000	0.033902	0.000000	0.033560
0.000000	0.033560	0.000000	0.033154
0.000000	0.033154	0.000000	0.033387
0.000000	0.033387	0.000000	0.033431
0.000000	0.033431	0.000000	0.034004
0.000000	0.034004	0.000000	0.034004
0.000000	0.034004	0.000000	0.033819
0.000000	0.033819	0.000000	0.033660
0.000000	0.033660	0.000000	0.033490
0.000000	0.033490	0.000000	0.033664
0.000000	0.033664	0.000000	0.033013
0.000000	0.033013	0.000000	0.033137
0.000000	0.033137	0.000000	0.033437
0.000000	0.033437	0.000000	0.033661
0.000000	0.033661	0.000000	0.033792
0.000000	0.033792	0.000000	0.033502
0.000000	0.033502	0.000000	0.033514
0.000000	0.033514	0.000000	0.034096
0.000000	0.034096	0.000000	0.034649
0.000000	0.034649	0.000000	0.034132
0.000000	0.034132	0.000000	0.034528
0.000000	0.034528	0.000000	0.034727
0.299478	0.899757	0.664803	0.903212
0.664803	0.903212	0.771611	0.900575
0.771611	0.900575	0.821592	0.893626
0.821592	0.893626	0.839000	0.879551
0.839000	0.879551	0.836799	0.858253
0.836799	0.858253	0.818054	0.828198
0.818054	0.828198	0.784996	0.788137
0.784996	0.788137	0.740146	0.740119
0.740146	0.740119	0.684741	0.684000
0.684741	0.684000	0.619408	0.618785
0.619408	0.618785	0.548501	0.548667
0.548501	0.548667	0.475453	0.476660
0.475453	0.476660	0.402305	0.404212
0.402305	0.404212	0.332208	0.334633
0.332208	0.334633	0.267125	0.270624
0.267125	0.270624	0.209327	0.213264
0.209327	0.213264	0.160756	0.165199
0.160756	0.165199	0.121145	0.126201
0.121145	0.126201	0.088834	0.094062
0.088834	0.094062	0.063934	0.069286
0.063934	0.069286	0.044533	0.049645
0.044533	0.049645	0.030314	0.035390
0.030314	0.035390	0.020872	0.026172
0.020872	0.026172	0.013546	0.018701
0.013546	0.018701	0.008751	0.014176
0.008751	0.014176	0.005449	0.010877
0.005449	0.010877	0.003493	0.009104
0.003493	0.009104	0.002133	0.007782
0.002133	0.007782	0.001488	0.007130
0.001488	0.007130	0.000953	0.006685
0.000953	0.006685	0.000569	0.006231
0.000569	0.006231	0.000374	0.006180
0.000374	0.006180	0.000237	0.006171
0.000237	0.006171	0.000168	0.005970
0.000168	0.005970	0.000096	0.005840
0.000096	0.005840	0.000072	0.005696
0.000072	0.005696	0.000057	0.005628
0.000057	0.005628	0.000055	0.005308
0.000055	0.005308	0.000007	0.005121
0.000007	0.005121	0.000000	0.005100
0.000000	0.005100	0.000000	0.005076
0.000000	0.005076	0.000000	0.005046
0.000000	0.005046	0.000000	0.005174
0.000000	0.005174	0.000000	0.004944
0.000000	0.004944	0.000000	0.004712
0.000000	0.004712	0.000000	0.004648
0.000000	0.004648	0.000000	0.004728
0.000000	0.004728	0.000000	0.004900
0.000000	0.004900	0.000000	0.004874
0.000000	0.004874	0.000000	0.004980
0.000000	0.004980	0.000000	0.005216
0.000000	0.005216	0.000000	0.005292
0.000000	0.005292	0.000000	0.005534
0.000000	0.005534	0.000000	0.005695
0.000000	0.005695	0.000000	0.005703
0.000000	0.005703	0.000000	0.005862
0.000000	0.005862	0.000000	0.005951
0.000000	0.005951	0.000000	0.005747
0.000000	0.005747	0.000000	0.005908
0.000000	0.005908	0.000000	0.005877
0.000000	0.005877	0.000000	0.005920
0.000000	0.005920	0.000000	0.006059
0.000000	0.006059	0.000000	0.006079
0.000000	0.006079	0.000000	0.006054
0.000000	0.006054	0.000000	0.006137
0.000000	0.006137	0.000000	0.006552
0.000000	0.006552	0.000000	0.006534
0.000000	0.006534	0.000000	0.006739
0.000000	0.006739	0.000000	0.006602
0.000000	0.006602	0.000000	0.006922
0.000000	0.006922	0.000000	0.006873
0.000000	0.006873	0.000000	0.006799
0.000000	0.006799	0.000000	0.006919
0.000000	0.006919	0.000000	0.006651
0.000000	0.006651	0.000000	0.006593
0.000000	0.006593	0.000000	0.006543
0.000000	0.006543	0.000000	0.006628
0.000000	0.006628	0.000000	0.006660
0.000000	0.006660	0.000000	0.006546
0.000000	0.006546	0.000000	0.006457
0.000000	0.006457	0.000000	0.006438
0.000000	0.006438	0.000000	0.006543
0.000000	0.006543	0.000000	0.006736
0.000000	0.006736	0.000000	0.006900
0.000000	0.006900	0.000000	0.006831
0.000000	0.006831	0.000000	0.006832
0.000000	0.006832	0.000000	0.006949
0.000000	0.006949	0.000000	0.007128
0.000000	0.007128	0.000000	0.006924
0.000000	0.006924	0.000000	0.006959
0.000000	0.006959	0.000000	0.007205
0.000000	0.007205	0.000000	0.006754
0.000000	0.006754	0.000000	0.006683
0.000000	0.006683	0.000000	0.006513
0.000000	0.006513	0.000000	0.006758
0.000000	0.006758	0.000000	0.007033
0.000000	0.007033	0.000000	0.007102
0.000000	0.007102	0.000000	0.007282
0.000000	0.007282	0.000000	0.007262
0.000000	0.007262	0.000000	0.007004
0.000000	0.007004	0.000000	0.007153
0.000000	0.007153	0.000000	0.007136
0.000000	0.007136	0.000000	0.006978
0.000000	0.006978	0.000000	0.007002
0.000000	0.007002	0.000000	0.007259
0.000000	0.007259	0.000000	0.007006
0.000000	0.007006	0.000000	0.006677
0.000000	0.006677	0.000000	0.006787
0.000000	0.006787	0.000000	0.006890
0.000000	0.006890	0.000000	0.006582
0.000000	0.006582	0.000000	0.006740
0.000000	0.006740	0.000000	0.007046
0.000000	0.007046	0.000000	0.006910
0.000000	0.006910	0.000000	0.006921
0.000000	0.006921	0.000000	0.007294
0.000000	0.007294	0.000000	0.007127
0.000000	0.007127	0.000000	0.007350
0.000000	0.007350	0.000000	0.006927
0.000000	0.006927	0.000000	0.006906
0.000000	0.006906	0.000000	0.006658
0.000000	0.006658	0.000000	0.006527
0.000000	0.006527	0.000000	0.006497
0.000000	0.006497	0.000000	0.006522
0.000000	0.006522	0.000000	0.006455
0.000000	0.006455	0.000000	0.006219
0.000000	0.006219	0.000000	0.006223
0.000000	0.006223	0.000000	0.006310
0.000000	0.006310	0.000000	0.006403
0.000000	0.006403	0.000000	0.006399
0.000000	0.006399	0.000000	0.006174
0.000000	0.006174	0.000000	0.005947
0.000000	0.005947	0.000000	0.006033
0.000000	0.006033	0.000000	0.005989
0.000000	0.005989	0.000000	0.005989
0.000000	0.005989	0.000000	0.005977
0.000000	0.005977	0.000000	0.006040
0.000000	0.006040	0.000000	0.005857
0.000000	0.005857	0.000000	0.005898
0.000000	0.005898	0.000000	0.006081
0.000000	0.006081	0.000000	0.006154
0.000000	0.006154	0.000000	0.006293
0.000000	0.006293	0.000000	0.006315
0.000000	0.006315	0.000000	0.006339
0.000000	0.006339	0.000000	0.006527
0.000000	0.006527	0.000000	0.006540
0.000000	0.006540	0.000000	0.006950
0.000000	0.006950	0.000000	0.006803
0.000000	0.006803	0.000000	0.006716
0.000000	0.006716	0.000000	0.006758
0.000000	0.006758	0.000000	0.006719
0.000000	0.006719	0.000000	0.006904
0.000000	0.006904	0.000000	0.006985
0.000000	0.006985	0.000000	0.006854
0.000000	0.006854	0.000000	0.006979
0.000000	0.006979	0.000000	0.007083
0.000000	0.007083	0.000000	0.007214
0.000000	0.007214	0.000000	0.007466
0.000000	0.007466	0.000000	0.007455
0.000000	0.007455	0.000000	0.007342
0.000000	0.007342	0.000000	0.007515
0.000000	0.007515	0.000000	0.007550
0.000000	0.007550	0.000000	0.007580
0.000000	0.007580	0.000000	0.007708
0.000000	0.007708	0.000000	0.007766
0.000000	0.007766	0.000000	0.007531
0.000000	0.007531	0.000000	0.007569
0.000000	0.007569	0.000000	0.007305
0.000000	0.007305	0.000000	0.007154
0.000000	0.007154	0.000000	0.007116
0.000000	0.007116	0.000000	0.007074
0.000000	0.007074	0.000000	0.007114
0.000000	0.007114	0.000000	0.007262
0.000000	0.007262	0.000000	0.007367
0.000000	0.007367	0.000000	0.007400
0.000000	0.007400	0.000000	0.007577
0.000000	0.007577	0.000000	0.007482
0.000000	0.007482	0.000000	0.007790
0.000000	0.007790	0.000000	0.007725
0.000000	0.007725	0.000000	0.007793
0.000000	0.007793	0.000000	0.007571
0.000000	0.007571	0.000000	0.007235
0.000000	0.007235	0.000000	0.007180
0.000000	0.007180	0.000000	0.007212
0.000000	0.007212	0.000000	0.007173
0.000000	0.007173	0.000000	0.007479
0.000000	0.007479	0.000000	0.007583
0.000000	0.007583	0.000000	0.007625
0.000000	0.007625	0.000000	0.007575
0.000000	0.007575	0.000000	0.007556
0.000000	0.007556	0.000000	0.007526
0.000000	0.007526	0.000000	0.007724
0.000000	0.007724	0.000000	0.007761
0.000000	0.007761	0.000000	0.007809
0.000000	0.007809	0.000000	0.008110
0.000000	0.008110	0.000000	0.008084
0.000000	0.008084	0.000000	0.008036
0.000000	0.008036	0.000000	0.008330
0.000000	0.008330	0.000000	0.008285
0.000000	0.008285	0.000000	0.008257
