0.299422	0.100076	0.240716	0.103574
0.240716	0.103574	0.226351	0.126122
0.226351	0.126122	0.248712	0.172699
0.248712	0.172699	0.304411	0.243821
0.304411	0.243821	0.390730	0.336734
0.390730	0.336734	0.492236	0.441660
0.492236	0.441660	0.598997	0.550005
0.598997	0.550005	0.697364	0.649561
0.697364	0.649561	0.782136	0.734363
0.782136	0.734363	0.850111	0.802787
0.850111	0.802787	0.901210	0.853547
0.901210	0.853547	0.937267	0.890019
0.937267	0.890019	0.961159	0.914524
0.961159	0.914524	0.977180	0.930987
0.977180	0.930987	0.986800	0.941050
0.986800	0.941050	0.992418	0.947377
0.992418	0.947377	0.995748	0.951175
0.995748	0.951175	0.997526	0.953121
0.997526	0.953121	0.998447	0.954494
0.998447	0.954494	0.999103	0.955471
0.999103	0.955471	0.999523	0.955898
0.999523	0.955898	0.999758	0.956440
0.999758	0.956440	0.999917	0.956766
0.999917	0.956766	0.999964	0.956335
0.999964	0.956335	0.999993	0.956478
0.999993	0.956478	0.999999	0.957195
0.999999	0.957195	1.000000	0.957197
1.000000	0.957197	1.000000	0.957701
1.000000	0.957701	1.000000	0.958004
1.000000	0.958004	1.000000	0.958035
1.000000	0.958035	1.000000	0.957803
1.000000	0.957803	1.000000	0.957525
1.000000	0.957525	1.000000	0.957100
1.000000	0.957100	1.000000	0.957904
1.000000	0.957904	1.000000	0.957494
1.000000	0.957494	1.000000	0.957213
1.000000	0.957213	1.000000	0.956845
1.000000	0.956845	1.000000	0.956630
1.000000	0.956630	1.000000	0.957156
1.000000	0.957156	1.000000	0.957196
1.000000	0.957196	1.000000	0.957505
1.000000	0.957505	1.000000	0.957527
1.000000	0.957527	1.000000	0.957576
1.000000	0.957576	1.000000	0.957538
1.000000	0.957538	1.000000	0.957798
1.000000	0.957798	1.000000	0.958107
1.000000	0.958107	1.000000	0.957892
1.000000	0.957892	1.000000	0.958479
1.000000	0.958479	1.000000	0.958429
1.000000	0.958429	1.000000	0.958585
1.000000	0.958585	1.000000	0.958705
1.000000	0.958705	1.000000	0.959472
1.000000	0.959472	1.000000	0.960518
1.000000	0.960518	1.000000	0.960668
1.000000	0.960668	1.000000	0.960815
1.000000	0.960815	1.000000	0.960631
1.000000	0.960631	1.000000	0.960182
1.000000	0.960182	1.000000	0.960571
1.000000	0.960571	1.000000	0.960756
1.000000	0.960756	1.000000	0.961248
1.000000	0.961248	1.000000	0.961027
1.000000	0.961027	1.000000	0.961572
1.000000	0.961572	1.000000	0.961230
1.000000	0.961230	1.000000	0.961186
1.000000	0.961186	1.000000	0.961242
1.000000	0.961242	1.000000	0.961433
1.000000	0.961433	1.000000	0.961720
1.000000	0.961720	1.000000	0.961014
1.000000	0.961014	1.000000	0.961014
1.000000	0.961014	1.000000	0.961026
1.000000	0.961026	1.000000	0.960421
1.000000	0.960421	1.000000	0.960500
1.000000	0.960500	1.000000	0.960520
1.000000	0.960520	1.000000	0.960311
1.000000	0.960311	1.000000	0.959823
1.000000	0.959823	1.000000	0.959685
1.000000	0.959685	1.000000	0.959967
1.000000	0.959967	1.000000	0.959747
1.000000	0.959747	1.000000	0.959497
1.000000	0.959497	1.000000	0.960076
1.000000	0.960076	1.000000	0.959926
1.000000	0.959926	1.000000	0.959909
1.000000	0.959909	1.000000	0.960056
1.000000	0.960056	1.000000	0.960071
1.000000	0.960071	1.000000	0.959172
1.000000	0.959172	1.000000	0.959815
1.000000	0.959815	1.000000	0.959640
1.000000	0.959640	1.000000	0.959918
1.000000	0.959918	1.000000	0.959748
1.000000	0.959748	1.000000	0.959218
1.000000	0.959218	1.000000	0.959432
1.000000	0.959432	1.000000	0.959882
1.000000	0.959882	1.000000	0.959881
1.000000	0.959881	1.000000	0.959491
1.000000	0.959491	1.000000	0.959791
1.000000	0.959791	1.000000	0.959580
1.000000	0.959580	1.000000	0.959690
1.000000	0.959690	1.000000	0.959672
1.000000	0.959672	1.000000	0.959465
1.000000	0.959465	1.000000	0.959180
1.000000	0.959180	1.000000	0.959229
1.000000	0.959229	1.000000	0.959087
1.000000	0.959087	1.000000	0.958982
1.000000	0.958982	1.000000	0.958747
1.000000	0.958747	1.000000	0.958988
1.000000	0.958988	1.000000	0.958653
1.000000	0.958653	1.000000	0.958618
1.000000	0.958618	1.000000	0.958719
1.000000	0.958719	1.000000	0.958267
1.000000	0.958267	1.000000	0.957458
1.000000	0.957458	1.000000	0.958052
1.000000	0.958052	1.000000	0.957394
1.000000	0.957394	1.000000	0.958051
1.000000	0.958051	1.000000	0.957558
1.000000	0.957558	1.000000	0.957442
1.000000	0.957442	1.000000	0.957394
1.000000	0.957394	1.000000	0.957710
1.000000	0.957710	1.000000	0.957901
1.000000	0.957901	1.000000	0.957780
1.000000	0.957780	1.000000	0.957691
1.000000	0.957691	1.000000	0.957522
1.000000	0.957522	1.000000	0.957748
1.000000	0.957748	1.000000	0.957885
1.000000	0.957885	1.000000	0.958549
1.000000	0.958549	1.000000	0.958379
1.000000	0.958379	1.000000	0.958762
1.000000	0.958762	1.000000	0.959191
1.000000	0.959191	1.000000	0.959757
1.000000	0.959757	1.000000	0.959515
1.000000	0.959515	1.000000	0.959606
1.000000	0.959606	1.000000	0.959886
1.000000	0.959886	1.000000	0.959899
1.000000	0.959899	1.000000	0.960079
1.000000	0.960079	1.000000	0.959660
1.000000	0.959660	1.000000	0.959809
1.000000	0.959809	1.000000	0.959406
1.000000	0.959406	1.000000	0.959774
1.000000	0.959774	1.000000	0.959935
1.000000	0.959935	1.000000	0.959761
1.000000	0.959761	1.000000	0.960074
1.000000	0.960074	1.000000	0.959720
1.000000	0.959720	1.000000	0.959587
1.000000	0.959587	1.000000	0.959547
1.000000	0.959547	1.000000	0.959908
1.000000	0.959908	1.000000	0.959893
1.000000	0.959893	1.000000	0.960619
1.000000	0.960619	1.000000	0.960844
1.000000	0.960844	1.000000	0.961250
1.000000	0.961250	1.000000	0.961144
1.000000	0.961144	1.000000	0.961367
1.000000	0.961367	1.000000	0.961457
1.000000	0.961457	1.000000	0.961594
1.000000	0.961594	1.000000	0.961533
1.000000	0.961533	1.000000	0.962410
1.000000	0.962410	1.000000	0.961873
1.000000	0.961873	1.000000	0.961841
1.000000	0.961841	1.000000	0.962139
1.000000	0.962139	1.000000	0.962148
1.000000	0.962148	1.000000	0.962191
1.000000	0.962191	1.000000	0.962251
1.000000	0.962251	1.000000	0.962521
1.000000	0.962521	1.000000	0.962271
1.000000	0.962271	1.000000	0.961956
1.000000	0.961956	1.000000	0.962247
1.000000	0.962247	1.000000	0.962362
1.000000	0.962362	1.000000	0.962222
1.000000	0.962222	1.000000	0.962402
1.000000	0.962402	1.000000	0.962349
1.000000	0.962349	1.000000	0.962187
1.000000	0.962187	1.000000	0.962829
1.000000	0.962829	1.000000	0.962770
1.000000	0.962770	1.000000	0.962751
1.000000	0.962751	1.000000	0.962967
1.000000	0.962967	1.000000	0.963365
1.000000	0.963365	1.000000	0.963220
1.000000	0.963220	1.000000	0.963678
1.000000	0.963678	1.000000	0.963353
1.000000	0.963353	1.000000	0.963205
1.000000	0.963205	1.000000	0.963287
1.000000	0.963287	1.000000	0.962782
1.000000	0.962782	1.000000	0.962458
1.000000	0.962458	1.000000	0.962868
1.000000	0.962868	1.000000	0.962553
1.000000	0.962553	1.000000	0.962299
1.000000	0.962299	1.000000	0.962600
1.000000	0.962600	1.000000	0.961990
1.000000	0.961990	1.000000	0.962355
1.000000	0.962355	1.000000	0.962834
1.000000	0.962834	1.000000	0.963457
1.000000	0.963457	1.000000	0.963693
1.000000	0.963693	1.000000	0.963388
1.000000	0.963388	1.000000	0.963470
1.000000	0.963470	1.000000	0.963503
1.000000	0.963503	1.000000	0.963001
1.000000	0.963001	1.000000	0.963070
1.000000	0.963070	1.000000	0.963062
1.000000	0.963062	1.000000	0.963007
1.000000	0.963007	1.000000	0.962945
1.000000	0.962945	1.000000	0.963415
0.300903	0.200081	0.369160	0.210525
0.369160	0.210525	0.425316	0.253538
0.425316	0.253538	0.488680	0.323437
0.488680	0.323437	0.564890	0.412618
0.564890	0.412618	0.650463	0.509780
0.650463	0.509780	0.735958	0.604094
0.735958	0.604094	0.813765	0.686739
0.813765	0.686739	0.875910	0.751735
0.875910	0.751735	0.922241	0.799081
0.922241	0.799081	0.953382	0.831928
0.953382	0.831928	0.973780	0.852839
0.973780	0.852839	0.985444	0.865640
0.985444	0.865640	0.991993	0.873160
0.991993	0.873160	0.995426	0.876577
0.995426	0.876577	0.997403	0.878619
0.997403	0.878619	0.998458	0.879581
0.998458	0.879581	0.999110	0.879722
0.999110	0.879722	0.999462	0.880725
0.999462	0.880725	0.999620	0.880834
0.999620	0.880834	0.999761	0.880726
0.999761	0.880726	0.999737	0.880844
0.999737	0.880844	0.999769	0.881137
0.999769	0.881137	0.999813	0.882290
0.999813	0.882290	0.999861	0.883180
0.999861	0.883180	0.999930	0.883647
0.999930	0.883647	0.999978	0.883603
0.999978	0.883603	0.999979	0.883296
0.999979	0.883296	0.999969	0.884341
0.999969	0.884341	0.999957	0.882622
0.999957	0.882622	0.999957	0.883491
0.999957	0.883491	0.999974	0.883090
0.999974	0.883090	0.999983	0.883374
0.999983	0.883374	1.000000	0.882935
1.000000	0.882935	1.000000	0.883741
1.000000	0.883741	1.000000	0.883626
1.000000	0.883626	1.000000	0.882619
1.000000	0.882619	1.000000	0.882201
1.000000	0.882201	1.000000	0.883078
1.000000	0.883078	1.000000	0.883971
1.000000	0.883971	1.000000	0.884990
1.000000	0.884990	1.000000	0.885461
1.000000	0.885461	1.000000	0.885593
1.000000	0.885593	1.000000	0.885798
1.000000	0.885798	1.000000	0.885090
1.000000	0.885090	1.000000	0.885371
1.000000	0.885371	1.000000	0.885980
1.000000	0.885980	1.000000	0.886973
1.000000	0.886973	1.000000	0.887176
1.000000	0.887176	1.000000	0.885881
1.000000	0.885881	1.000000	0.886592
1.000000	0.886592	1.000000	0.886688
1.000000	0.886688	1.000000	0.887078
1.000000	0.887078	1.000000	0.886392
1.000000	0.886392	1.000000	0.886482
1.000000	0.886482	1.000000	0.886651
1.000000	0.886651	1.000000	0.886469
1.000000	0.886469	1.000000	0.887468
1.000000	0.887468	1.000000	0.885932
1.000000	0.885932	1.000000	0.886153
1.000000	0.886153	1.000000	0.885925
1.000000	0.885925	1.000000	0.886213
1.000000	0.886213	1.000000	0.885750
1.000000	0.885750	1.000000	0.885548
1.000000	0.885548	1.000000	0.884262
1.000000	0.884262	1.000000	0.884565
1.000000	0.884565	1.000000	0.884606
1.000000	0.884606	1.000000	0.884356
1.000000	0.884356	1.000000	0.883883
1.000000	0.883883	1.000000	0.883494
1.000000	0.883494	1.000000	0.883343
1.000000	0.883343	1.000000	0.883148
1.000000	0.883148	1.000000	0.883802
1.000000	0.883802	1.000000	0.884849
1.000000	0.884849	1.000000	0.884854
1.000000	0.884854	1.000000	0.885274
1.000000	0.885274	1.000000	0.885942
1.000000	0.885942	1.000000	0.885776
1.000000	0.885776	1.000000	0.885406
1.000000	0.885406	1.000000	0.886248
1.000000	0.886248	1.000000	0.886156
1.000000	0.886156	1.000000	0.885607
1.000000	0.885607	1.000000	0.884811
1.000000	0.884811	1.000000	0.885663
1.000000	0.885663	1.000000	0.885826
1.000000	0.885826	1.000000	0.885856
1.000000	0.885856	1.000000	0.886446
1.000000	0.886446	1.000000	0.886834
1.000000	0.886834	1.000000	0.887646
1.000000	0.887646	1.000000	0.887388
1.000000	0.887388	1.000000	0.887141
1.000000	0.887141	1.000000	0.887709
1.000000	0.887709	1.000000	0.888613
1.000000	0.888613	1.000000	0.888896
1.000000	0.888896	1.000000	0.889912
1.000000	0.889912	1.000000	0.888592
1.000000	0.888592	1.000000	0.888517
1.000000	0.888517	1.000000	0.888466
1.000000	0.888466	1.000000	0.888412
1.000000	0.888412	1.000000	0.888671
1.000000	0.888671	1.000000	0.888718
1.000000	0.888718	1.000000	0.888163
1.000000	0.888163	1.000000	0.888859
1.000000	0.888859	1.000000	0.888192
1.000000	0.888192	1.000000	0.889280
1.000000	0.889280	1.000000	0.889276
1.000000	0.889276	1.000000	0.888644
1.000000	0.888644	1.000000	0.886904
1.000000	0.886904	1.000000	0.885953
1.000000	0.885953	1.000000	0.886006
1.000000	0.886006	1.000000	0.885043
1.000000	0.885043	1.000000	0.885858
1.000000	0.885858	1.000000	0.886275
1.000000	0.886275	1.000000	0.886922
1.000000	0.886922	1.000000	0.887738
1.000000	0.887738	1.000000	0.887866
1.000000	0.887866	1.000000	0.888347
1.000000	0.888347	1.000000	0.889785
1.000000	0.889785	1.000000	0.889239
1.000000	0.889239	1.000000	0.888694
1.000000	0.888694	1.000000	0.888691
1.000000	0.888691	1.000000	0.888927
1.000000	0.888927	1.000000	0.889195
1.000000	0.889195	1.000000	0.887995
1.000000	0.887995	1.000000	0.887160
1.000000	0.887160	1.000000	0.886782
1.000000	0.886782	1.000000	0.887612
1.000000	0.887612	1.000000	0.887673
1.000000	0.887673	1.000000	0.887407
1.000000	0.887407	1.000000	0.887224
1.000000	0.887224	1.000000	0.887327
1.000000	0.887327	1.000000	0.886783
1.000000	0.886783	1.000000	0.886315
1.000000	0.886315	1.000000	0.887616
1.000000	0.887616	1.000000	0.886928
1.000000	0.886928	1.000000	0.886645
1.000000	0.886645	1.000000	0.886872
1.000000	0.886872	1.000000	0.887468
1.000000	0.887468	1.000000	0.887735
1.000000	0.887735	1.000000	0.888489
1.000000	0.888489	1.000000	0.888455
1.000000	0.888455	1.000000	0.887216
1.000000	0.887216	1.000000	0.888207
1.000000	0.888207	1.000000	0.888083
1.000000	0.888083	1.000000	0.888786
1.000000	0.888786	1.000000	0.888536
1.000000	0.888536	1.000000	0.889032
1.000000	0.889032	1.000000	0.888611
1.000000	0.888611	1.000000	0.888533
1.000000	0.888533	1.000000	0.889004
1.000000	0.889004	1.000000	0.889308
1.000000	0.889308	1.000000	0.889130
1.000000	0.889130	1.000000	0.888469
1.000000	0.888469	1.000000	0.888255
1.000000	0.888255	1.000000	0.888783
1.000000	0.888783	1.000000	0.887758
1.000000	0.887758	1.000000	0.887496
1.000000	0.887496	1.000000	0.887440
1.000000	0.887440	1.000000	0.887650
1.000000	0.887650	1.000000	0.887142
1.000000	0.887142	1.000000	0.886943
1.000000	0.886943	1.000000	0.887520
1.000000	0.887520	1.000000	0.887134
1.000000	0.887134	1.000000	0.887041
1.000000	0.887041	1.000000	0.887120
1.000000	0.887120	1.000000	0.887013
1.000000	0.887013	1.000000	0.887413
1.000000	0.887413	1.000000	0.887068
1.000000	0.887068	1.000000	0.887298
1.000000	0.887298	1.000000	0.886914
1.000000	0.886914	1.000000	0.887545
1.000000	0.887545	1.000000	0.886773
1.000000	0.886773	1.000000	0.886241
1.000000	0.886241	1.000000	0.885876
1.000000	0.885876	1.000000	0.886507
1.000000	0.886507	1.000000	0.885973
1.000000	0.885973	1.000000	0.885673
1.000000	0.885673	1.000000	0.886291
1.000000	0.886291	1.000000	0.885776
1.000000	0.885776	1.000000	0.886208
1.000000	0.886208	1.000000	0.884560
1.000000	0.884560	1.000000	0.884501
1.000000	0.884501	1.000000	0.883951
1.000000	0.883951	1.000000	0.883441
1.000000	0.883441	1.000000	0.883822
1.000000	0.883822	1.000000	0.883984
1.000000	0.883984	1.000000	0.883429
1.000000	0.883429	1.000000	0.882595
1.000000	0.882595	1.000000	0.882971
1.000000	0.882971	1.000000	0.882606
1.000000	0.882606	1.000000	0.882080
1.000000	0.882080	1.000000	0.882388
1.000000	0.882388	1.000000	0.882250
1.000000	0.882250	1.000000	0.881855
1.000000	0.881855	1.000000	0.881545
1.000000	0.881545	1.000000	0.881565
1.000000	0.881565	1.000000	0.881668
1.000000	0.881668	1.000000	0.881045
1.000000	0.881045	1.000000	0.879758
1.000000	0.879758	1.000000	0.879315
0.299562	0.299934	0.496720	0.316671
0.496720	0.316671	0.609412	0.371148
0.609412	0.371148	0.682605	0.440355
0.682605	0.440355	0.741712	0.511790
0.741712	0.511790	0.796180	0.579966
0.796180	0.579966	0.845928	0.640819
0.845928	0.640819	0.889050	0.691485
0.889050	0.691485	0.922707	0.729785
0.922707	0.729785	0.947623	0.758834
0.947623	0.758834	0.966089	0.780094
0.966089	0.780094	0.977598	0.794360
0.977598	0.794360	0.985334	0.803735
0.985334	0.803735	0.989893	0.808098
0.989893	0.808098	0.993172	0.811832
0.993172	0.811832	0.994807	0.814916
0.994807	0.814916	0.996225	0.816974
0.996225	0.816974	0.997162	0.817576
0.997162	0.817576	0.998069	0.818782
0.998069	0.818782	0.998632	0.819825
0.998632	0.819825	0.999002	0.821205
0.999002	0.821205	0.999242	0.822530
0.999242	0.822530	0.999519	0.824238
0.999519	0.824238	0.999604	0.824483
0.999604	0.824483	0.999668	0.824354
0.999668	0.824354	0.999764	0.824903
0.999764	0.824903	0.999853	0.824540
0.999853	0.824540	0.999868	0.824223
0.999868	0.824223	0.999913	0.824872
0.999913	0.824872	0.999914	0.824325
0.999914	0.824325	0.999886	0.823015
0.999886	0.823015	0.999898	0.823361
0.999898	0.823361	0.999938	0.822688
0.999938	0.822688	0.999960	0.823168
0.999960	0.823168	0.999980	0.821821
0.999980	0.821821	0.999992	0.820936
0.999992	0.820936	0.999998	0.821444
0.999998	0.821444	0.999997	0.821009
0.999997	0.821009	1.000000	0.821813
1.000000	0.821813	1.000000	0.821723
1.000000	0.821723	1.000000	0.821440
1.000000	0.821440	1.000000	0.821276
1.000000	0.821276	1.000000	0.821348
1.000000	0.821348	1.000000	0.820843
1.000000	0.820843	1.000000	0.820062
1.000000	0.820062	1.000000	0.819820
1.000000	0.819820	1.000000	0.820513
1.000000	0.820513	1.000000	0.820695
1.000000	0.820695	1.000000	0.821447
1.000000	0.821447	1.000000	0.821546
1.000000	0.821546	1.000000	0.822114
1.000000	0.822114	1.000000	0.822368
1.000000	0.822368	1.000000	0.821738
1.000000	0.821738	1.000000	0.822037
1.000000	0.822037	1.000000	0.822576
1.000000	0.822576	1.000000	0.823120
1.000000	0.823120	1.000000	0.823206
1.000000	0.823206	1.000000	0.823651
1.000000	0.823651	1.000000	0.823821
1.000000	0.823821	1.000000	0.824390
1.000000	0.824390	1.000000	0.823924
1.000000	0.823924	1.000000	0.822807
1.000000	0.822807	1.000000	0.823533
1.000000	0.823533	1.000000	0.824987
1.000000	0.824987	1.000000	0.825115
1.000000	0.825115	1.000000	0.826171
1.000000	0.826171	1.000000	0.827772
1.000000	0.827772	1.000000	0.827200
1.000000	0.827200	1.000000	0.826552
1.000000	0.826552	1.000000	0.825891
1.000000	0.825891	1.000000	0.826057
1.000000	0.826057	1.000000	0.825430
1.000000	0.825430	1.000000	0.824198
1.000000	0.824198	1.000000	0.822804
1.000000	0.822804	1.000000	0.821528
1.000000	0.821528	1.000000	0.821573
1.000000	0.821573	1.000000	0.821497
1.000000	0.821497	1.000000	0.821537
1.000000	0.821537	1.000000	0.821238
1.000000	0.821238	1.000000	0.820593
1.000000	0.820593	1.000000	0.820537
1.000000	0.820537	1.000000	0.820610
1.000000	0.820610	1.000000	0.820705
1.000000	0.820705	1.000000	0.820839
1.000000	0.820839	1.000000	0.821830
1.000000	0.821830	1.000000	0.821395
1.000000	0.821395	1.000000	0.821517
1.000000	0.821517	1.000000	0.822246
1.000000	0.822246	1.000000	0.822768
1.000000	0.822768	1.000000	0.822275
1.000000	0.822275	1.000000	0.822707
1.000000	0.822707	1.000000	0.823294
1.000000	0.823294	1.000000	0.823819
1.000000	0.823819	1.000000	0.824257
1.000000	0.824257	1.000000	0.823632
1.000000	0.823632	1.000000	0.823406
1.000000	0.823406	1.000000	0.823095
1.000000	0.823095	1.000000	0.822112
1.000000	0.822112	1.000000	0.821949
1.000000	0.821949	1.000000	0.821062
1.000000	0.821062	1.000000	0.819251
1.000000	0.819251	1.000000	0.819021
1.000000	0.819021	1.000000	0.819466
1.000000	0.819466	1.000000	0.819791
1.000000	0.819791	1.000000	0.820217
1.000000	0.820217	1.000000	0.820820
1.000000	0.820820	1.000000	0.820731
1.000000	0.820731	1.000000	0.821454
1.000000	0.821454	1.000000	0.821554
1.000000	0.821554	1.000000	0.821239
1.000000	0.821239	1.000000	0.821377
1.000000	0.821377	1.000000	0.820951
1.000000	0.820951	1.000000	0.820215
1.000000	0.820215	1.000000	0.821173
1.000000	0.821173	1.000000	0.822033
1.000000	0.822033	1.000000	0.822023
1.000000	0.822023	1.000000	0.823088
1.000000	0.823088	1.000000	0.822859
1.000000	0.822859	1.000000	0.821772
1.000000	0.821772	1.000000	0.821985
1.000000	0.821985	1.000000	0.822398
1.000000	0.822398	1.000000	0.821632
1.000000	0.821632	1.000000	0.821788
1.000000	0.821788	1.000000	0.822194
1.000000	0.822194	1.000000	0.821004
1.000000	0.821004	1.000000	0.821408
1.000000	0.821408	1.000000	0.821116
1.000000	0.821116	1.000000	0.821619
1.000000	0.821619	1.000000	0.822139
1.000000	0.822139	1.000000	0.823503
1.000000	0.823503	1.000000	0.823763
1.000000	0.823763	1.000000	0.823348
1.000000	0.823348	1.000000	0.823902
1.000000	0.823902	1.000000	0.823310
1.000000	0.823310	1.000000	0.823185
1.000000	0.823185	1.000000	0.823430
1.000000	0.823430	1.000000	0.823963
1.000000	0.823963	1.000000	0.822470
1.000000	0.822470	1.000000	0.822839
1.000000	0.822839	1.000000	0.822251
1.000000	0.822251	1.000000	0.821383
1.000000	0.821383	1.000000	0.821792
1.000000	0.821792	1.000000	0.822046
1.000000	0.822046	1.000000	0.821236
1.000000	0.821236	1.000000	0.820708
1.000000	0.820708	1.000000	0.821563
1.000000	0.821563	1.000000	0.820389
1.000000	0.820389	1.000000	0.821755
1.000000	0.821755	1.000000	0.820041
1.000000	0.820041	1.000000	0.819623
1.000000	0.819623	1.000000	0.818955
1.000000	0.818955	1.000000	0.818573
1.000000	0.818573	1.000000	0.819418
1.000000	0.819418	1.000000	0.818490
1.000000	0.818490	1.000000	0.818875
1.000000	0.818875	1.000000	0.817750
1.000000	0.817750	1.000000	0.816132
1.000000	0.816132	1.000000	0.815339
1.000000	0.815339	1.000000	0.815874
1.000000	0.815874	1.000000	0.815892
1.000000	0.815892	1.000000	0.814716
1.000000	0.814716	1.000000	0.813745
1.000000	0.813745	1.000000	0.814013
1.000000	0.814013	1.000000	0.814780
1.000000	0.814780	1.000000	0.815210
1.000000	0.815210	1.000000	0.816485
1.000000	0.816485	1.000000	0.816423
1.000000	0.816423	1.000000	0.815897
1.000000	0.815897	1.000000	0.817555
1.000000	0.817555	1.000000	0.817670
1.000000	0.817670	1.000000	0.817347
1.000000	0.817347	1.000000	0.817547
1.000000	0.817547	1.000000	0.817816
1.000000	0.817816	1.000000	0.817042
1.000000	0.817042	1.000000	0.816859
1.000000	0.816859	1.000000	0.816624
1.000000	0.816624	1.000000	0.817932
1.000000	0.817932	1.000000	0.818706
1.000000	0.818706	1.000000	0.818635
1.000000	0.818635	1.000000	0.819616
1.000000	0.819616	1.000000	0.819344
1.000000	0.819344	1.000000	0.819139
1.000000	0.819139	1.000000	0.817955
1.000000	0.817955	1.000000	0.817995
1.000000	0.817995	1.000000	0.819250
1.000000	0.819250	1.000000	0.819621
1.000000	0.819621	1.000000	0.820126
1.000000	0.820126	1.000000	0.818810
1.000000	0.818810	1.000000	0.818700
1.000000	0.818700	1.000000	0.819691
1.000000	0.819691	1.000000	0.820664
1.000000	0.820664	1.000000	0.820641
1.000000	0.820641	1.000000	0.819082
1.000000	0.819082	1.000000	0.819393
1.000000	0.819393	1.000000	0.821280
1.000000	0.821280	1.000000	0.820571
1.000000	0.820571	1.000000	0.821494
1.000000	0.821494	1.000000	0.820640
1.000000	0.820640	1.000000	0.820912
1.000000	0.820912	1.000000	0.822198
0.299282	0.399851	0.616696	0.420749
0.616696	0.420749	0.754368	0.475219
0.754368	0.475219	0.816128	0.530053
0.816128	0.530053	0.855314	0.578913
0.855314	0.578913	0.884350	0.619566
0.884350	0.619566	0.909790	0.654382
0.909790	0.654382	0.930159	0.683231
0.930159	0.683231	0.947678	0.706675
0.947678	0.706675	0.961128	0.726009
0.961128	0.726009	0.971755	0.739460
0.971755	0.739460	0.979484	0.751927
0.979484	0.751927	0.985464	0.759041
0.985464	0.759041	0.989273	0.763601
0.989273	0.763601	0.991928	0.765883
0.991928	0.765883	0.994203	0.769296
0.994203	0.769296	0.995835	0.771841
0.995835	0.771841	0.996829	0.774205
0.996829	0.774205	0.997447	0.775355
0.997447	0.775355	0.998094	0.777618
0.998094	0.777618	0.998547	0.777004
0.998547	0.777004	0.998739	0.776873
0.998739	0.776873	0.998944	0.777180
0.998944	0.777180	0.999074	0.777837
0.999074	0.777837	0.999239	0.777226
0.999239	0.777226	0.999370	0.777126
0.999370	0.777126	0.999462	0.777504
0.999462	0.777504	0.999545	0.777426
0.999545	0.777426	0.999610	0.778248
0.999610	0.778248	0.999684	0.778537
0.999684	0.778537	0.999769	0.779456
0.999769	0.779456	0.999815	0.780674
0.999815	0.780674	0.999875	0.780898
0.999875	0.780898	0.999919	0.780239
0.999919	0.780239	0.999932	0.780401
0.999932	0.780401	0.999961	0.778873
0.999961	0.778873	0.999979	0.778865
0.999979	0.778865	0.999981	0.778694
0.999981	0.778694	0.999958	0.778154
0.999958	0.778154	0.999942	0.777500
0.999942	0.777500	0.999918	0.777621
0.999918	0.777621	0.999899	0.778659
0.999899	0.778659	0.999914	0.779689
0.999914	0.779689	0.999946	0.779249
0.999946	0.779249	0.999962	0.779517
0.999962	0.779517	0.999978	0.780629
0.999978	0.780629	0.999980	0.779916
0.999980	0.779916	0.999993	0.780558
0.999993	0.780558	0.999985	0.781294
0.999985	0.781294	0.999991	0.781538
0.999991	0.781538	0.999992	0.780887
0.999992	0.780887	0.999999	0.779207
0.999999	0.779207	1.000000	0.780086
1.000000	0.780086	1.000000	0.779110
1.000000	0.779110	1.000000	0.780011
1.000000	0.780011	1.000000	0.779516
1.000000	0.779516	1.000000	0.779133
1.000000	0.779133	1.000000	0.779616
1.000000	0.779616	1.000000	0.781509
1.000000	0.781509	1.000000	0.781941
1.000000	0.781941	1.000000	0.781235
1.000000	0.781235	1.000000	0.781891
1.000000	0.781891	1.000000	0.782974
1.000000	0.782974	1.000000	0.782162
1.000000	0.782162	1.000000	0.781833
1.000000	0.781833	1.000000	0.780801
1.000000	0.780801	1.000000	0.781950
1.000000	0.781950	1.000000	0.780009
1.000000	0.780009	1.000000	0.779272
1.000000	0.779272	1.000000	0.779652
1.000000	0.779652	1.000000	0.778445
1.000000	0.778445	1.000000	0.778438
1.000000	0.778438	1.000000	0.778983
1.000000	0.778983	1.000000	0.779003
1.000000	0.779003	1.000000	0.778389
1.000000	0.778389	1.000000	0.776598
1.000000	0.776598	1.000000	0.777276
1.000000	0.777276	1.000000	0.777404
1.000000	0.777404	1.000000	0.777431
1.000000	0.777431	1.000000	0.777179
1.000000	0.777179	1.000000	0.774975
1.000000	0.774975	1.000000	0.775341
1.000000	0.775341	1.000000	0.773969
1.000000	0.773969	1.000000	0.773601
1.000000	0.773601	1.000000	0.774004
1.000000	0.774004	1.000000	0.773181
1.000000	0.773181	1.000000	0.773232
1.000000	0.773232	1.000000	0.773441
1.000000	0.773441	1.000000	0.772529
1.000000	0.772529	1.000000	0.772957
1.000000	0.772957	1.000000	0.772654
1.000000	0.772654	1.000000	0.771413
1.000000	0.771413	1.000000	0.770463
1.000000	0.770463	1.000000	0.769630
1.000000	0.769630	1.000000	0.770503
1.000000	0.770503	1.000000	0.770570
1.000000	0.770570	1.000000	0.770455
1.000000	0.770455	1.000000	0.771310
1.000000	0.771310	1.000000	0.770837
1.000000	0.770837	1.000000	0.770347
1.000000	0.770347	1.000000	0.769730
1.000000	0.769730	1.000000	0.770780
1.000000	0.770780	1.000000	0.771245
1.000000	0.771245	1.000000	0.772182
1.000000	0.772182	1.000000	0.771985
1.000000	0.771985	1.000000	0.771833
1.000000	0.771833	1.000000	0.772512
1.000000	0.772512	1.000000	0.772298
1.000000	0.772298	1.000000	0.772386
1.000000	0.772386	1.000000	0.772544
1.000000	0.772544	1.000000	0.771251
1.000000	0.771251	1.000000	0.772275
1.000000	0.772275	1.000000	0.771846
1.000000	0.771846	1.000000	0.774142
1.000000	0.774142	1.000000	0.774741
1.000000	0.774741	1.000000	0.775649
1.000000	0.775649	1.000000	0.775716
1.000000	0.775716	1.000000	0.775171
1.000000	0.775171	1.000000	0.775693
1.000000	0.775693	1.000000	0.775859
1.000000	0.775859	1.000000	0.776424
1.000000	0.776424	1.000000	0.777915
1.000000	0.777915	1.000000	0.777203
1.000000	0.777203	1.000000	0.778659
1.000000	0.778659	1.000000	0.777176
1.000000	0.777176	1.000000	0.777067
1.000000	0.777067	1.000000	0.777340
1.000000	0.777340	1.000000	0.776967
1.000000	0.776967	1.000000	0.776907
1.000000	0.776907	1.000000	0.777097
1.000000	0.777097	1.000000	0.778855
1.000000	0.778855	1.000000	0.778314
1.000000	0.778314	1.000000	0.779886
1.000000	0.779886	1.000000	0.779625
1.000000	0.779625	1.000000	0.780005
1.000000	0.780005	1.000000	0.779120
1.000000	0.779120	1.000000	0.777774
1.000000	0.777774	1.000000	0.777947
1.000000	0.777947	1.000000	0.778642
1.000000	0.778642	1.000000	0.778778
1.000000	0.778778	1.000000	0.778311
1.000000	0.778311	1.000000	0.779150
1.000000	0.779150	1.000000	0.779774
1.000000	0.779774	1.000000	0.779919
1.000000	0.779919	1.000000	0.780005
1.000000	0.780005	1.000000	0.780400
1.000000	0.780400	1.000000	0.781775
1.000000	0.781775	1.000000	0.781060
1.000000	0.781060	1.000000	0.780652
1.000000	0.780652	1.000000	0.780999
1.000000	0.780999	1.000000	0.779799
1.000000	0.779799	1.000000	0.781312
1.000000	0.781312	1.000000	0.780738
1.000000	0.780738	1.000000	0.781664
1.000000	0.781664	1.000000	0.781102
1.000000	0.781102	1.000000	0.781899
1.000000	0.781899	1.000000	0.782354
1.000000	0.782354	1.000000	0.781868
1.000000	0.781868	1.000000	0.781302
1.000000	0.781302	1.000000	0.781402
1.000000	0.781402	1.000000	0.781840
1.000000	0.781840	1.000000	0.782238
1.000000	0.782238	1.000000	0.783265
1.000000	0.783265	1.000000	0.784748
1.000000	0.784748	1.000000	0.784580
1.000000	0.784580	1.000000	0.784342
1.000000	0.784342	1.000000	0.782860
1.000000	0.782860	1.000000	0.784395
1.000000	0.784395	1.000000	0.784570
1.000000	0.784570	1.000000	0.785253
1.000000	0.785253	1.000000	0.785302
1.000000	0.785302	1.000000	0.785220
1.000000	0.785220	1.000000	0.785084
1.000000	0.785084	1.000000	0.785048
1.000000	0.785048	1.000000	0.784593
1.000000	0.784593	1.000000	0.784197
1.000000	0.784197	1.000000	0.783890
1.000000	0.783890	1.000000	0.783421
1.000000	0.783421	1.000000	0.784278
1.000000	0.784278	1.000000	0.783799
1.000000	0.783799	1.000000	0.784391
1.000000	0.784391	1.000000	0.784896
1.000000	0.784896	1.000000	0.784219
1.000000	0.784219	1.000000	0.784264
1.000000	0.784264	1.000000	0.782373
1.000000	0.782373	1.000000	0.781294
1.000000	0.781294	1.000000	0.780916
1.000000	0.780916	1.000000	0.779892
1.000000	0.779892	1.000000	0.780142
1.000000	0.780142	1.000000	0.778759
1.000000	0.778759	1.000000	0.779209
1.000000	0.779209	1.000000	0.777504
1.000000	0.777504	1.000000	0.777774
1.000000	0.777774	1.000000	0.778137
1.000000	0.778137	1.000000	0.777478
1.000000	0.777478	1.000000	0.777538
1.000000	0.777538	1.000000	0.778327
1.000000	0.778327	1.000000	0.778623
1.000000	0.778623	1.000000	0.778484
1.000000	0.778484	1.000000	0.779321
0.299744	0.499680	0.720918	0.523820
0.720918	0.523820	0.857854	0.567754
0.857854	0.567754	0.905161	0.603007
0.905161	0.603007	0.926905	0.631249
0.926905	0.631249	0.940598	0.652665
0.940598	0.652665	0.950889	0.671072
0.950889	0.671072	0.958924	0.685983
0.958924	0.685983	0.966286	0.698228
0.966286	0.698228	0.972758	0.710570
0.972758	0.710570	0.978222	0.719516
0.978222	0.719516	0.982414	0.726955
0.982414	0.726955	0.985679	0.735784
0.985679	0.735784	0.987761	0.740066
0.987761	0.740066	0.989924	0.742998
0.989924	0.742998	0.991584	0.745804
0.991584	0.745804	0.993500	0.747245
0.993500	0.747245	0.994891	0.747116
0.994891	0.747116	0.995930	0.749125
0.995930	0.749125	0.996742	0.750594
0.996742	0.750594	0.997141	0.751719
0.997141	0.751719	0.997321	0.750630
0.997321	0.750630	0.997673	0.750330
0.997673	0.750330	0.997882	0.751736
0.997882	0.751736	0.998147	0.752349
0.998147	0.752349	0.998472	0.750806
0.998472	0.750806	0.998857	0.752605
0.998857	0.752605	0.999135	0.753659
0.999135	0.753659	0.999429	0.753796
0.999429	0.753796	0.999542	0.754222
0.999542	0.754222	0.999672	0.754426
0.999672	0.754426	0.999801	0.755786
0.999801	0.755786	0.999843	0.753945
0.999843	0.753945	0.999819	0.754846
0.999819	0.754846	0.999842	0.754912
0.999842	0.754912	0.999862	0.754961
0.999862	0.754961	0.999889	0.754573
0.999889	0.754573	0.999866	0.752802
0.999866	0.752802	0.999847	0.752339
0.999847	0.752339	0.999856	0.751336
0.999856	0.751336	0.999874	0.751300
0.999874	0.751300	0.999922	0.750646
0.999922	0.750646	0.999950	0.750340
0.999950	0.750340	0.999944	0.750416
0.999944	0.750416	0.999928	0.751958
0.999928	0.751958	0.999854	0.753065
0.999854	0.753065	0.999828	0.752360
0.999828	0.752360	0.999841	0.752022
0.999841	0.752022	0.999898	0.750614
0.999898	0.750614	0.999908	0.750572
0.999908	0.750572	0.999885	0.751692
0.999885	0.751692	0.999909	0.750598
0.999909	0.750598	0.999893	0.750571
0.999893	0.750571	0.999867	0.751754
0.999867	0.751754	0.999836	0.752077
0.999836	0.752077	0.999814	0.752751
0.999814	0.752751	0.999813	0.753510
0.999813	0.753510	0.999755	0.752665
0.999755	0.752665	0.999677	0.752497
0.999677	0.752497	0.999633	0.752856
0.999633	0.752856	0.999622	0.751931
0.999622	0.751931	0.999658	0.749883
0.999658	0.749883	0.999727	0.750832
0.999727	0.750832	0.999792	0.749549
0.999792	0.749549	0.999859	0.750495
0.999859	0.750495	0.999928	0.751353
0.999928	0.751353	0.999959	0.750209
0.999959	0.750209	1.000000	0.750304
1.000000	0.750304	1.000000	0.749340
1.000000	0.749340	1.000000	0.749115
1.000000	0.749115	1.000000	0.748885
1.000000	0.748885	1.000000	0.749277
1.000000	0.749277	1.000000	0.748982
1.000000	0.748982	1.000000	0.748203
1.000000	0.748203	1.000000	0.748805
1.000000	0.748805	1.000000	0.748244
1.000000	0.748244	1.000000	0.748675
1.000000	0.748675	1.000000	0.749380
1.000000	0.749380	1.000000	0.749438
1.000000	0.749438	1.000000	0.749754
1.000000	0.749754	1.000000	0.748582
1.000000	0.748582	1.000000	0.747530
1.000000	0.747530	1.000000	0.746127
1.000000	0.746127	1.000000	0.745882
1.000000	0.745882	1.000000	0.745689
1.000000	0.745689	1.000000	0.743993
1.000000	0.743993	1.000000	0.743829
1.000000	0.743829	1.000000	0.743218
1.000000	0.743218	1.000000	0.742633
1.000000	0.742633	1.000000	0.743815
1.000000	0.743815	1.000000	0.743518
1.000000	0.743518	1.000000	0.742881
1.000000	0.742881	1.000000	0.742261
1.000000	0.742261	1.000000	0.742229
1.000000	0.742229	1.000000	0.740210
1.000000	0.740210	1.000000	0.741975
1.000000	0.741975	1.000000	0.742791
1.000000	0.742791	1.000000	0.743487
1.000000	0.743487	1.000000	0.744344
1.000000	0.744344	1.000000	0.744063
1.000000	0.744063	1.000000	0.743010
1.000000	0.743010	1.000000	0.743401
1.000000	0.743401	1.000000	0.742398
1.000000	0.742398	1.000000	0.743050
1.000000	0.743050	1.000000	0.741678
1.000000	0.741678	1.000000	0.740297
1.000000	0.740297	1.000000	0.739662
1.000000	0.739662	1.000000	0.739395
1.000000	0.739395	1.000000	0.739505
1.000000	0.739505	1.000000	0.739199
1.000000	0.739199	1.000000	0.739344
1.000000	0.739344	1.000000	0.739980
1.000000	0.739980	1.000000	0.740060
1.000000	0.740060	1.000000	0.739315
1.000000	0.739315	1.000000	0.740032
1.000000	0.740032	1.000000	0.740731
1.000000	0.740731	1.000000	0.739719
1.000000	0.739719	1.000000	0.737849
1.000000	0.737849	1.000000	0.736473
1.000000	0.736473	1.000000	0.736859
1.000000	0.736859	1.000000	0.737135
1.000000	0.737135	1.000000	0.736322
1.000000	0.736322	1.000000	0.735292
1.000000	0.735292	1.000000	0.734422
1.000000	0.734422	1.000000	0.733428
1.000000	0.733428	1.000000	0.733308
1.000000	0.733308	1.000000	0.735129
1.000000	0.735129	1.000000	0.735424
1.000000	0.735424	1.000000	0.735680
1.000000	0.735680	1.000000	0.734078
1.000000	0.734078	1.000000	0.734857
1.000000	0.734857	1.000000	0.734404
1.000000	0.734404	1.000000	0.734746
1.000000	0.734746	1.000000	0.733051
1.000000	0.733051	1.000000	0.732965
1.000000	0.732965	1.000000	0.732906
1.000000	0.732906	1.000000	0.733955
1.000000	0.733955	1.000000	0.732856
1.000000	0.732856	1.000000	0.732491
1.000000	0.732491	1.000000	0.733533
1.000000	0.733533	1.000000	0.733152
1.000000	0.733152	1.000000	0.733688
1.000000	0.733688	1.000000	0.734229
1.000000	0.734229	1.000000	0.732993
1.000000	0.732993	1.000000	0.732881
1.000000	0.732881	1.000000	0.734270
1.000000	0.734270	1.000000	0.734622
1.000000	0.734622	1.000000	0.735202
1.000000	0.735202	1.000000	0.735550
1.000000	0.735550	1.000000	0.734671
1.000000	0.734671	1.000000	0.734422
1.000000	0.734422	1.000000	0.734598
1.000000	0.734598	1.000000	0.732986
1.000000	0.732986	1.000000	0.732322
1.000000	0.732322	1.000000	0.731924
1.000000	0.731924	1.000000	0.733038
1.000000	0.733038	1.000000	0.731995
1.000000	0.731995	1.000000	0.732770
1.000000	0.732770	1.000000	0.732393
1.000000	0.732393	1.000000	0.731213
1.000000	0.731213	1.000000	0.731398
1.000000	0.731398	1.000000	0.731197
1.000000	0.731197	1.000000	0.731831
1.000000	0.731831	1.000000	0.732302
1.000000	0.732302	1.000000	0.733267
1.000000	0.733267	1.000000	0.733468
1.000000	0.733468	1.000000	0.732691
1.000000	0.732691	1.000000	0.732389
1.000000	0.732389	1.000000	0.731834
1.000000	0.731834	1.000000	0.732105
1.000000	0.732105	1.000000	0.731205
1.000000	0.731205	1.000000	0.731108
1.000000	0.731108	1.000000	0.732096
1.000000	0.732096	1.000000	0.732387
1.000000	0.732387	1.000000	0.731847
1.000000	0.731847	1.000000	0.730981
1.000000	0.730981	1.000000	0.730647
1.000000	0.730647	1.000000	0.731174
1.000000	0.731174	1.000000	0.731718
1.000000	0.731718	1.000000	0.730350
1.000000	0.730350	1.000000	0.730781
1.000000	0.730781	1.000000	0.731487
1.000000	0.731487	1.000000	0.729925
1.000000	0.729925	1.000000	0.731448
1.000000	0.731448	1.000000	0.731757
1.000000	0.731757	1.000000	0.731295
1.000000	0.731295	1.000000	0.731007
1.000000	0.731007	1.000000	0.730711
1.000000	0.730711	1.000000	0.730229
1.000000	0.730229	1.000000	0.730163
1.000000	0.730163	1.000000	0.729186
1.000000	0.729186	1.000000	0.729723
1.000000	0.729723	1.000000	0.730742
1.000000	0.730742	1.000000	0.728664
1.000000	0.728664	1.000000	0.727783
1.000000	0.727783	1.000000	0.726788
1.000000	0.726788	1.000000	0.727620
1.000000	0.727620	1.000000	0.728007
1.000000	0.728007	1.000000	0.728405
1.000000	0.728405	1.000000	0.728796
0.299765	0.600100	0.807855	0.626638
0.807855	0.626638	0.927976	0.660522
0.927976	0.660522	0.959689	0.681641
0.959689	0.681641	0.971792	0.694901
0.971792	0.694901	0.977858	0.703913
0.977858	0.703913	0.981648	0.712176
0.981648	0.712176	0.984058	0.717760
0.984058	0.717760	0.986400	0.723178
0.986400	0.723178	0.988572	0.726889
0.988572	0.726889	0.990090	0.729570
0.990090	0.729570	0.991553	0.734407
0.991553	0.734407	0.992574	0.737112
0.992574	0.737112	0.993465	0.738099
0.993465	0.738099	0.994566	0.740881
0.994566	0.740881	0.995720	0.742185
0.995720	0.742185	0.996194	0.742652
0.996194	0.742652	0.996434	0.744122
0.996434	0.744122	0.996819	0.745900
0.996819	0.745900	0.997116	0.746813
0.997116	0.746813	0.997616	0.747154
0.997616	0.747154	0.998044	0.748116
0.998044	0.748116	0.998425	0.747480
0.998425	0.747480	0.998765	0.748926
0.998765	0.748926	0.998913	0.750877
0.998913	0.750877	0.998969	0.750663
0.998969	0.750663	0.999149	0.752308
0.999149	0.752308	0.999279	0.752758
0.999279	0.752758	0.999471	0.753890
0.999471	0.753890	0.999584	0.752852
0.999584	0.752852	0.999756	0.752319
0.999756	0.752319	0.999739	0.751964
0.999739	0.751964	0.999691	0.751537
0.999691	0.751537	0.999676	0.752183
0.999676	0.752183	0.999602	0.752043
0.999602	0.752043	0.999663	0.752327
0.999663	0.752327	0.999706	0.752521
0.999706	0.752521	0.999734	0.753031
0.999734	0.753031	0.999789	0.753089
0.999789	0.753089	0.999868	0.753730
0.999868	0.753730	0.999895	0.754018
0.999895	0.754018	0.999920	0.754829
0.999920	0.754829	0.999960	0.752966
0.999960	0.752966	0.999975	0.752822
0.999975	0.752822	0.999988	0.752856
0.999988	0.752856	0.999997	0.752317
0.999997	0.752317	1.000000	0.751811
1.000000	0.751811	1.000000	0.751775
1.000000	0.751775	1.000000	0.752661
1.000000	0.752661	1.000000	0.751358
1.000000	0.751358	1.000000	0.751930
1.000000	0.751930	1.000000	0.752961
1.000000	0.752961	1.000000	0.753755
1.000000	0.753755	1.000000	0.753589
1.000000	0.753589	1.000000	0.753880
1.000000	0.753880	1.000000	0.752712
1.000000	0.752712	1.000000	0.753791
1.000000	0.753791	1.000000	0.753430
1.000000	0.753430	1.000000	0.753187
1.000000	0.753187	1.000000	0.752158
1.000000	0.752158	1.000000	0.752297
1.000000	0.752297	1.000000	0.753815
1.000000	0.753815	1.000000	0.754423
1.000000	0.754423	1.000000	0.753929
1.000000	0.753929	1.000000	0.753955
1.000000	0.753955	1.000000	0.753126
1.000000	0.753126	1.000000	0.752851
1.000000	0.752851	1.000000	0.752605
1.000000	0.752605	1.000000	0.751941
1.000000	0.751941	1.000000	0.752663
1.000000	0.752663	1.000000	0.753568
1.000000	0.753568	1.000000	0.753776
1.000000	0.753776	1.000000	0.754014
1.000000	0.754014	1.000000	0.753556
1.000000	0.753556	1.000000	0.755034
1.000000	0.755034	1.000000	0.754861
1.000000	0.754861	1.000000	0.755153
1.000000	0.755153	1.000000	0.755215
1.000000	0.755215	1.000000	0.755054
1.000000	0.755054	1.000000	0.754631
1.000000	0.754631	1.000000	0.753580
1.000000	0.753580	1.000000	0.751631
1.000000	0.751631	1.000000	0.752134
1.000000	0.752134	1.000000	0.751256
1.000000	0.751256	1.000000	0.750285
1.000000	0.750285	1.000000	0.750473
1.000000	0.750473	1.000000	0.751523
1.000000	0.751523	1.000000	0.750379
1.000000	0.750379	1.000000	0.749515
1.000000	0.749515	1.000000	0.747993
1.000000	0.747993	1.000000	0.747100
1.000000	0.747100	1.000000	0.747070
1.000000	0.747070	1.000000	0.747298
1.000000	0.747298	1.000000	0.747071
1.000000	0.747071	1.000000	0.746272
1.000000	0.746272	1.000000	0.746486
1.000000	0.746486	1.000000	0.745182
1.000000	0.745182	1.000000	0.745434
1.000000	0.745434	1.000000	0.745836
1.000000	0.745836	1.000000	0.746315
1.000000	0.746315	1.000000	0.745736
1.000000	0.745736	1.000000	0.744832
1.000000	0.744832	1.000000	0.745171
1.000000	0.745171	1.000000	0.745896
1.000000	0.745896	1.000000	0.746657
1.000000	0.746657	1.000000	0.748147
1.000000	0.748147	1.000000	0.748263
1.000000	0.748263	1.000000	0.746771
1.000000	0.746771	1.000000	0.747110
1.000000	0.747110	1.000000	0.747105
1.000000	0.747105	1.000000	0.747818
1.000000	0.747818	1.000000	0.748508
1.000000	0.748508	1.000000	0.747779
1.000000	0.747779	1.000000	0.748567
1.000000	0.748567	1.000000	0.747208
1.000000	0.747208	1.000000	0.746433
1.000000	0.746433	1.000000	0.746543
1.000000	0.746543	1.000000	0.745134
1.000000	0.745134	1.000000	0.743546
1.000000	0.743546	1.000000	0.743780
1.000000	0.743780	1.000000	0.742956
1.000000	0.742956	1.000000	0.743407
1.000000	0.743407	1.000000	0.743222
1.000000	0.743222	1.000000	0.742676
1.000000	0.742676	1.000000	0.742166
1.000000	0.742166	1.000000	0.742634
1.000000	0.742634	1.000000	0.742658
1.000000	0.742658	1.000000	0.742885
1.000000	0.742885	1.000000	0.742085
1.000000	0.742085	1.000000	0.742000
1.000000	0.742000	1.000000	0.741141
1.000000	0.741141	1.000000	0.741475
1.000000	0.741475	1.000000	0.742657
1.000000	0.742657	1.000000	0.742794
1.000000	0.742794	1.000000	0.742073
1.000000	0.742073	1.000000	0.742236
1.000000	0.742236	1.000000	0.742559
1.000000	0.742559	1.000000	0.743064
1.000000	0.743064	1.000000	0.742008
1.000000	0.742008	1.000000	0.742427
1.000000	0.742427	1.000000	0.742288
1.000000	0.742288	1.000000	0.744063
1.000000	0.744063	1.000000	0.744204
1.000000	0.744204	1.000000	0.743667
1.000000	0.743667	1.000000	0.743555
1.000000	0.743555	1.000000	0.745219
1.000000	0.745219	1.000000	0.743802
1.000000	0.743802	1.000000	0.743519
1.000000	0.743519	1.000000	0.743688
1.000000	0.743688	1.000000	0.744691
1.000000	0.744691	1.000000	0.744383
1.000000	0.744383	1.000000	0.744433
1.000000	0.744433	1.000000	0.745302
1.000000	0.745302	1.000000	0.743722
1.000000	0.743722	1.000000	0.743900
1.000000	0.743900	1.000000	0.744771
1.000000	0.744771	1.000000	0.745597
1.000000	0.745597	1.000000	0.745559
1.000000	0.745559	1.000000	0.744542
1.000000	0.744542	1.000000	0.744134
1.000000	0.744134	1.000000	0.745483
1.000000	0.745483	1.000000	0.746116
1.000000	0.746116	1.000000	0.745897
1.000000	0.745897	1.000000	0.745000
1.000000	0.745000	1.000000	0.744266
1.000000	0.744266	1.000000	0.745256
1.000000	0.745256	1.000000	0.746168
1.000000	0.746168	1.000000	0.746102
1.000000	0.746102	1.000000	0.746019
1.000000	0.746019	1.000000	0.746473
1.000000	0.746473	1.000000	0.746704
1.000000	0.746704	1.000000	0.746114
1.000000	0.746114	1.000000	0.746192
1.000000	0.746192	1.000000	0.747348
1.000000	0.747348	1.000000	0.746298
1.000000	0.746298	1.000000	0.745782
1.000000	0.745782	1.000000	0.746430
1.000000	0.746430	1.000000	0.746405
1.000000	0.746405	1.000000	0.746299
1.000000	0.746299	1.000000	0.745628
1.000000	0.745628	1.000000	0.745744
1.000000	0.745744	1.000000	0.745573
1.000000	0.745573	1.000000	0.745455
1.000000	0.745455	1.000000	0.745474
1.000000	0.745474	1.000000	0.745728
1.000000	0.745728	1.000000	0.745356
1.000000	0.745356	1.000000	0.744521
1.000000	0.744521	1.000000	0.743801
1.000000	0.743801	1.000000	0.743768
1.000000	0.743768	1.000000	0.742943
1.000000	0.742943	1.000000	0.742863
1.000000	0.742863	1.000000	0.742895
1.000000	0.742895	1.000000	0.742608
1.000000	0.742608	1.000000	0.743418
1.000000	0.743418	1.000000	0.743159
1.000000	0.743159	1.000000	0.742257
1.000000	0.742257	1.000000	0.741772
1.000000	0.741772	1.000000	0.741426
1.000000	0.741426	1.000000	0.740706
1.000000	0.740706	1.000000	0.740612
0.300256	0.699765	0.874108	0.722787
0.874108	0.722787	0.967987	0.745431
0.967987	0.745431	0.985317	0.755917
0.985317	0.755917	0.990956	0.760406
0.990956	0.760406	0.993149	0.764930
0.993149	0.764930	0.994495	0.766278
0.994495	0.766278	0.995657	0.767855
0.995657	0.767855	0.996375	0.769586
0.996375	0.769586	0.996968	0.770079
0.996968	0.770079	0.997259	0.769498
0.997259	0.769498	0.997729	0.769749
0.997729	0.769749	0.998183	0.770142
0.998183	0.770142	0.998429	0.769783
0.998429	0.769783	0.998598	0.769898
0.998598	0.769898	0.998944	0.770745
0.998944	0.770745	0.999173	0.771250
0.999173	0.771250	0.999290	0.770748
0.999290	0.770748	0.999412	0.771336
0.999412	0.771336	0.999365	0.771641
0.999365	0.771641	0.999394	0.770451
0.999394	0.770451	0.999383	0.771019
0.999383	0.771019	0.999396	0.772153
0.999396	0.772153	0.999543	0.772366
0.999543	0.772366	0.999647	0.774307
0.999647	0.774307	0.999750	0.773860
0.999750	0.773860	0.999828	0.774777
0.999828	0.774777	0.999859	0.774325
0.999859	0.774325	0.999924	0.773572
0.999924	0.773572	0.999922	0.771969
0.999922	0.771969	0.999953	0.771866
0.999953	0.771866	0.999966	0.771332
0.999966	0.771332	0.999983	0.772270
0.999983	0.772270	1.000000	0.772202
1.000000	0.772202	1.000000	0.773219
1.000000	0.773219	1.000000	0.771613
1.000000	0.771613	1.000000	0.772048
1.000000	0.772048	1.000000	0.770655
1.000000	0.770655	1.000000	0.771487
1.000000	0.771487	1.000000	0.771194
1.000000	0.771194	1.000000	0.771940
1.000000	0.771940	1.000000	0.772627
1.000000	0.772627	1.000000	0.772456
1.000000	0.772456	1.000000	0.772324
1.000000	0.772324	1.000000	0.771827
1.000000	0.771827	1.000000	0.772046
1.000000	0.772046	1.000000	0.772177
1.000000	0.772177	1.000000	0.772479
1.000000	0.772479	1.000000	0.772705
1.000000	0.772705	1.000000	0.772172
1.000000	0.772172	1.000000	0.772494
1.000000	0.772494	1.000000	0.772947
1.000000	0.772947	1.000000	0.773519
1.000000	0.773519	1.000000	0.772963
1.000000	0.772963	1.000000	0.774077
1.000000	0.774077	1.000000	0.774300
1.000000	0.774300	1.000000	0.775887
1.000000	0.775887	1.000000	0.777140
1.000000	0.777140	1.000000	0.776241
1.000000	0.776241	1.000000	0.776661
1.000000	0.776661	1.000000	0.776785
1.000000	0.776785	1.000000	0.776994
1.000000	0.776994	1.000000	0.778047
1.000000	0.778047	1.000000	0.778296
1.000000	0.778296	1.000000	0.778944
1.000000	0.778944	1.000000	0.779406
1.000000	0.779406	1.000000	0.778576
1.000000	0.778576	1.000000	0.778872
1.000000	0.778872	1.000000	0.779695
1.000000	0.779695	1.000000	0.779077
1.000000	0.779077	1.000000	0.777507
1.000000	0.777507	1.000000	0.777294
1.000000	0.777294	1.000000	0.777640
1.000000	0.777640	1.000000	0.777591
1.000000	0.777591	1.000000	0.777481
1.000000	0.777481	1.000000	0.775995
1.000000	0.775995	1.000000	0.775211
1.000000	0.775211	1.000000	0.775655
1.000000	0.775655	1.000000	0.775625
1.000000	0.775625	1.000000	0.776105
1.000000	0.776105	1.000000	0.775986
1.000000	0.775986	1.000000	0.775902
1.000000	0.775902	1.000000	0.775715
1.000000	0.775715	1.000000	0.774854
1.000000	0.774854	1.000000	0.774325
1.000000	0.774325	1.000000	0.774080
1.000000	0.774080	1.000000	0.773391
1.000000	0.773391	1.000000	0.773392
1.000000	0.773392	1.000000	0.772483
1.000000	0.772483	1.000000	0.773292
1.000000	0.773292	1.000000	0.773521
1.000000	0.773521	1.000000	0.773664
1.000000	0.773664	1.000000	0.773364
1.000000	0.773364	1.000000	0.772635
1.000000	0.772635	1.000000	0.772381
1.000000	0.772381	1.000000	0.772811
1.000000	0.772811	1.000000	0.772245
1.000000	0.772245	1.000000	0.773089
1.000000	0.773089	1.000000	0.773708
1.000000	0.773708	1.000000	0.773686
1.000000	0.773686	1.000000	0.774056
1.000000	0.774056	1.000000	0.773789
1.000000	0.773789	1.000000	0.773525
1.000000	0.773525	1.000000	0.772458
1.000000	0.772458	1.000000	0.772759
1.000000	0.772759	1.000000	0.773838
1.000000	0.773838	1.000000	0.773345
1.000000	0.773345	1.000000	0.773943
1.000000	0.773943	1.000000	0.773868
1.000000	0.773868	1.000000	0.775104
1.000000	0.775104	1.000000	0.772322
1.000000	0.772322	1.000000	0.771472
1.000000	0.771472	1.000000	0.771358
1.000000	0.771358	1.000000	0.771489
1.000000	0.771489	1.000000	0.771973
1.000000	0.771973	1.000000	0.771992
1.000000	0.771992	1.000000	0.770701
1.000000	0.770701	1.000000	0.771014
1.000000	0.771014	1.000000	0.770760
1.000000	0.770760	1.000000	0.770776
1.000000	0.770776	1.000000	0.769195
1.000000	0.769195	1.000000	0.767483
1.000000	0.767483	1.000000	0.765763
1.000000	0.765763	1.000000	0.764234
1.000000	0.764234	1.000000	0.764224
1.000000	0.764224	1.000000	0.764831
1.000000	0.764831	1.000000	0.764356
1.000000	0.764356	1.000000	0.762913
1.000000	0.762913	1.000000	0.763255
1.000000	0.763255	1.000000	0.762424
1.000000	0.762424	1.000000	0.762660
1.000000	0.762660	1.000000	0.764143
1.000000	0.764143	1.000000	0.763184
1.000000	0.763184	1.000000	0.762463
1.000000	0.762463	1.000000	0.762469
1.000000	0.762469	1.000000	0.762503
1.000000	0.762503	1.000000	0.762071
1.000000	0.762071	1.000000	0.761806
1.000000	0.761806	1.000000	0.760741
1.000000	0.760741	1.000000	0.761191
1.000000	0.761191	1.000000	0.760176
1.000000	0.760176	1.000000	0.759691
1.000000	0.759691	1.000000	0.760743
1.000000	0.760743	1.000000	0.760349
1.000000	0.760349	1.000000	0.759792
1.000000	0.759792	1.000000	0.759501
1.000000	0.759501	1.000000	0.758835
1.000000	0.758835	1.000000	0.758153
1.000000	0.758153	1.000000	0.758398
1.000000	0.758398	1.000000	0.758607
1.000000	0.758607	1.000000	0.759001
1.000000	0.759001	1.000000	0.760329
1.000000	0.760329	1.000000	0.760445
1.000000	0.760445	1.000000	0.761557
1.000000	0.761557	1.000000	0.761318
1.000000	0.761318	1.000000	0.761302
1.000000	0.761302	1.000000	0.761496
1.000000	0.761496	1.000000	0.762201
1.000000	0.762201	1.000000	0.763577
1.000000	0.763577	1.000000	0.763778
1.000000	0.763778	1.000000	0.766141
1.000000	0.766141	1.000000	0.765850
1.000000	0.765850	1.000000	0.765123
1.000000	0.765123	1.000000	0.764751
1.000000	0.764751	1.000000	0.767175
1.000000	0.767175	1.000000	0.768191
1.000000	0.768191	1.000000	0.768210
1.000000	0.768210	1.000000	0.768696
1.000000	0.768696	1.000000	0.767963
1.000000	0.767963	1.000000	0.768666
1.000000	0.768666	1.000000	0.769064
1.000000	0.769064	1.000000	0.767606
1.000000	0.767606	1.000000	0.768046
1.000000	0.768046	1.000000	0.767382
1.000000	0.767382	1.000000	0.765947
1.000000	0.765947	1.000000	0.766253
1.000000	0.766253	1.000000	0.766762
1.000000	0.766762	1.000000	0.767950
1.000000	0.767950	1.000000	0.768254
1.000000	0.768254	1.000000	0.769452
1.000000	0.769452	1.000000	0.769068
1.000000	0.769068	1.000000	0.768825
1.000000	0.768825	1.000000	0.769922
1.000000	0.769922	1.000000	0.770947
1.000000	0.770947	1.000000	0.770383
1.000000	0.770383	1.000000	0.770635
1.000000	0.770635	1.000000	0.771751
1.000000	0.771751	1.000000	0.773192
1.000000	0.773192	1.000000	0.773994
1.000000	0.773994	1.000000	0.774174
1.000000	0.774174	1.000000	0.775771
1.000000	0.775771	1.000000	0.777396
1.000000	0.777396	1.000000	0.776454
1.000000	0.776454	1.000000	0.775392
1.000000	0.775392	1.000000	0.775438
1.000000	0.775438	1.000000	0.774433
1.000000	0.774433	1.000000	0.773811
1.000000	0.773811	1.000000	0.773707
1.000000	0.773707	1.000000	0.774243
1.000000	0.774243	1.000000	0.774828
0.300307	0.800357	0.922510	0.814914
0.922510	0.814914	0.987867	0.826930
0.987867	0.826930	0.996102	0.830267
0.996102	0.830267	0.998144	0.830140
0.998144	0.830140	0.998935	0.830929
0.998935	0.830929	0.999290	0.831258
0.999290	0.831258	0.999387	0.831576
0.999387	0.831576	0.999436	0.831397
0.999436	0.831397	0.999573	0.831896
0.999573	0.831896	0.999694	0.833276
0.999694	0.833276	0.999750	0.834999
0.999750	0.834999	0.999757	0.835531
0.999757	0.835531	0.999695	0.836293
0.999695	0.836293	0.999718	0.837860
0.999718	0.837860	0.999790	0.839024
0.999790	0.839024	0.999839	0.839569
0.999839	0.839569	0.999885	0.839506
0.999885	0.839506	0.999904	0.839103
0.999904	0.839103	0.999950	0.838039
0.999950	0.838039	0.999956	0.838637
0.999956	0.838637	0.999960	0.838799
0.999960	0.838799	0.999965	0.839537
0.999965	0.839537	0.999982	0.839610
0.999982	0.839610	0.999989	0.839775
0.999989	0.839775	0.999998	0.840934
0.999998	0.840934	1.000000	0.841666
1.000000	0.841666	1.000000	0.842681
1.000000	0.842681	1.000000	0.841390
1.000000	0.841390	1.000000	0.841903
1.000000	0.841903	1.000000	0.841432
1.000000	0.841432	1.000000	0.840613
1.000000	0.840613	1.000000	0.840864
1.000000	0.840864	1.000000	0.841060
1.000000	0.841060	1.000000	0.841901
1.000000	0.841901	1.000000	0.841628
1.000000	0.841628	1.000000	0.840633
1.000000	0.840633	1.000000	0.841530
1.000000	0.841530	1.000000	0.841890
1.000000	0.841890	1.000000	0.840627
1.000000	0.840627	1.000000	0.840101
1.000000	0.840101	1.000000	0.840407
1.000000	0.840407	1.000000	0.840487
1.000000	0.840487	1.000000	0.839541
1.000000	0.839541	1.000000	0.838962
1.000000	0.838962	1.000000	0.838263
1.000000	0.838263	1.000000	0.837845
1.000000	0.837845	1.000000	0.838548
1.000000	0.838548	1.000000	0.839053
1.000000	0.839053	1.000000	0.839963
1.000000	0.839963	1.000000	0.840802
1.000000	0.840802	1.000000	0.840847
1.000000	0.840847	1.000000	0.839785
1.000000	0.839785	1.000000	0.839957
1.000000	0.839957	1.000000	0.841047
1.000000	0.841047	1.000000	0.840873
1.000000	0.840873	1.000000	0.840199
1.000000	0.840199	1.000000	0.840556
1.000000	0.840556	1.000000	0.839593
1.000000	0.839593	1.000000	0.841818
1.000000	0.841818	1.000000	0.842301
1.000000	0.842301	1.000000	0.841120
1.000000	0.841120	1.000000	0.841566
1.000000	0.841566	1.000000	0.841563
1.000000	0.841563	1.000000	0.841376
1.000000	0.841376	1.000000	0.841814
1.000000	0.841814	1.000000	0.841856
1.000000	0.841856	1.000000	0.842579
1.000000	0.842579	1.000000	0.843048
1.000000	0.843048	1.000000	0.843227
1.000000	0.843227	1.000000	0.842010
1.000000	0.842010	1.000000	0.842841
1.000000	0.842841	1.000000	0.842428
1.000000	0.842428	1.000000	0.843520
1.000000	0.843520	1.000000	0.842728
1.000000	0.842728	1.000000	0.842250
1.000000	0.842250	1.000000	0.841939
1.000000	0.841939	1.000000	0.842269
1.000000	0.842269	1.000000	0.842385
1.000000	0.842385	1.000000	0.841499
1.000000	0.841499	1.000000	0.841473
1.000000	0.841473	1.000000	0.841114
1.000000	0.841114	1.000000	0.841283
1.000000	0.841283	1.000000	0.841690
1.000000	0.841690	1.000000	0.841626
1.000000	0.841626	1.000000	0.842129
1.000000	0.842129	1.000000	0.842859
1.000000	0.842859	1.000000	0.844437
1.000000	0.844437	1.000000	0.845140
1.000000	0.845140	1.000000	0.844720
1.000000	0.844720	1.000000	0.845528
1.000000	0.845528	1.000000	0.845624
1.000000	0.845624	1.000000	0.846031
1.000000	0.846031	1.000000	0.845287
1.000000	0.845287	1.000000	0.845733
1.000000	0.845733	1.000000	0.844975
1.000000	0.844975	1.000000	0.845766
1.000000	0.845766	1.000000	0.845240
1.000000	0.845240	1.000000	0.845014
1.000000	0.845014	1.000000	0.845023
1.000000	0.845023	1.000000	0.846565
1.000000	0.846565	1.000000	0.845956
1.000000	0.845956	1.000000	0.846599
1.000000	0.846599	1.000000	0.846430
1.000000	0.846430	1.000000	0.846228
1.000000	0.846228	1.000000	0.846163
1.000000	0.846163	1.000000	0.845469
1.000000	0.845469	1.000000	0.846281
1.000000	0.846281	1.000000	0.845258
1.000000	0.845258	1.000000	0.844389
1.000000	0.844389	1.000000	0.844207
1.000000	0.844207	1.000000	0.844810
1.000000	0.844810	1.000000	0.844211
1.000000	0.844211	1.000000	0.844749
1.000000	0.844749	1.000000	0.843765
1.000000	0.843765	1.000000	0.844201
1.000000	0.844201	1.000000	0.842981
1.000000	0.842981	1.000000	0.842709
1.000000	0.842709	1.000000	0.841294
1.000000	0.841294	1.000000	0.841770
1.000000	0.841770	1.000000	0.841978
1.000000	0.841978	1.000000	0.841534
1.000000	0.841534	1.000000	0.840413
1.000000	0.840413	1.000000	0.841043
1.000000	0.841043	1.000000	0.841385
1.000000	0.841385	1.000000	0.841776
1.000000	0.841776	1.000000	0.842399
1.000000	0.842399	1.000000	0.842677
1.000000	0.842677	1.000000	0.842301
1.000000	0.842301	1.000000	0.842304
1.000000	0.842304	1.000000	0.843049
1.000000	0.843049	1.000000	0.842454
1.000000	0.842454	1.000000	0.842069
1.000000	0.842069	1.000000	0.843026
1.000000	0.843026	1.000000	0.842362
1.000000	0.842362	1.000000	0.843506
1.000000	0.843506	1.000000	0.843632
1.000000	0.843632	1.000000	0.843340
1.000000	0.843340	1.000000	0.842681
1.000000	0.842681	1.000000	0.842983
1.000000	0.842983	1.000000	0.842388
1.000000	0.842388	1.000000	0.842137
1.000000	0.842137	1.000000	0.842777
1.000000	0.842777	1.000000	0.844049
1.000000	0.844049	1.000000	0.843825
1.000000	0.843825	1.000000	0.844603
1.000000	0.844603	1.000000	0.845038
1.000000	0.845038	1.000000	0.845821
1.000000	0.845821	1.000000	0.846659
1.000000	0.846659	1.000000	0.846330
1.000000	0.846330	1.000000	0.846490
1.000000	0.846490	1.000000	0.846015
1.000000	0.846015	1.000000	0.846100
1.000000	0.846100	1.000000	0.844966
1.000000	0.844966	1.000000	0.846068
1.000000	0.846068	1.000000	0.845874
1.000000	0.845874	1.000000	0.845864
1.000000	0.845864	1.000000	0.845779
1.000000	0.845779	1.000000	0.846192
1.000000	0.846192	1.000000	0.845606
1.000000	0.845606	1.000000	0.846246
1.000000	0.846246	1.000000	0.846282
1.000000	0.846282	1.000000	0.846591
1.000000	0.846591	1.000000	0.846294
1.000000	0.846294	1.000000	0.847067
1.000000	0.847067	1.000000	0.848009
1.000000	0.848009	1.000000	0.848963
1.000000	0.848963	1.000000	0.849646
1.000000	0.849646	1.000000	0.849189
1.000000	0.849189	1.000000	0.848853
1.000000	0.848853	1.000000	0.849038
1.000000	0.849038	1.000000	0.848783
1.000000	0.848783	1.000000	0.848291
1.000000	0.848291	1.000000	0.848221
1.000000	0.848221	1.000000	0.848212
1.000000	0.848212	1.000000	0.848904
1.000000	0.848904	1.000000	0.848082
1.000000	0.848082	1.000000	0.848436
1.000000	0.848436	1.000000	0.848176
1.000000	0.848176	1.000000	0.849088
1.000000	0.849088	1.000000	0.849467
1.000000	0.849467	1.000000	0.850033
1.000000	0.850033	1.000000	0.850340
1.000000	0.850340	1.000000	0.850503
1.000000	0.850503	1.000000	0.851431
1.000000	0.851431	1.000000	0.852501
1.000000	0.852501	1.000000	0.851682
1.000000	0.851682	1.000000	0.852637
1.000000	0.852637	1.000000	0.851508
1.000000	0.851508	1.000000	0.851767
1.000000	0.851767	1.000000	0.852157
1.000000	0.852157	1.000000	0.852307
1.000000	0.852307	1.000000	0.852319
1.000000	0.852319	1.000000	0.852776
1.000000	0.852776	1.000000	0.852093
1.000000	0.852093	1.000000	0.852561
1.000000	0.852561	1.000000	0.851358
1.000000	0.851358	1.000000	0.852255
1.000000	0.852255	1.000000	0.852664
1.000000	0.852664	1.000000	0.852018
0.299619	0.900368	0.957647	0.909070
0.957647	0.909070	0.996778	0.915446
0.996778	0.915446	0.999375	0.915215
0.999375	0.915215	0.999759	0.915547
0.999759	0.915547	0.999895	0.915721
0.999895	0.915721	0.999950	0.914972
0.999950	0.914972	0.999973	0.914541
0.999973	0.914541	0.999994	0.914940
0.999994	0.914940	0.999996	0.914553
0.999996	0.914553	0.999998	0.914456
0.999998	0.914456	1.000000	0.914380
1.000000	0.914380	1.000000	0.914327
1.000000	0.914327	1.000000	0.913728
1.000000	0.913728	1.000000	0.913158
1.000000	0.913158	1.000000	0.913461
1.000000	0.913461	1.000000	0.912104
1.000000	0.912104	1.000000	0.912282
1.000000	0.912282	1.000000	0.911857
1.000000	0.911857	1.000000	0.912208
1.000000	0.912208	1.000000	0.912026
1.000000	0.912026	1.000000	0.912721
1.000000	0.912721	1.000000	0.912183
1.000000	0.912183	1.000000	0.912397
1.000000	0.912397	1.000000	0.911818
1.000000	0.911818	1.000000	0.911687
1.000000	0.911687	1.000000	0.911524
1.000000	0.911524	1.000000	0.911954
1.000000	0.911954	1.000000	0.912222
1.000000	0.912222	1.000000	0.912639
1.000000	0.912639	1.000000	0.913122
1.000000	0.913122	1.000000	0.912699
1.000000	0.912699	1.000000	0.912673
1.000000	0.912673	1.000000	0.912453
1.000000	0.912453	1.000000	0.912900
1.000000	0.912900	1.000000	0.913511
1.000000	0.913511	1.000000	0.914254
1.000000	0.914254	1.000000	0.915071
1.000000	0.915071	1.000000	0.915267
1.000000	0.915267	1.000000	0.914409
1.000000	0.914409	1.000000	0.913585
1.000000	0.913585	1.000000	0.912980
1.000000	0.912980	1.000000	0.912188
1.000000	0.912188	1.000000	0.911954
1.000000	0.911954	1.000000	0.911309
1.000000	0.911309	1.000000	0.910806
1.000000	0.910806	1.000000	0.911374
1.000000	0.911374	1.000000	0.911229
1.000000	0.911229	1.000000	0.911625
1.000000	0.911625	1.000000	0.911476
1.000000	0.911476	1.000000	0.911250
1.000000	0.911250	1.000000	0.911070
1.000000	0.911070	1.000000	0.911523
1.000000	0.911523	1.000000	0.911332
1.000000	0.911332	1.000000	0.910614
1.000000	0.910614	1.000000	0.910294
1.000000	0.910294	1.000000	0.910321
1.000000	0.910321	1.000000	0.909705
1.000000	0.909705	1.000000	0.909481
1.000000	0.909481	1.000000	0.909222
1.000000	0.909222	1.000000	0.909013
1.000000	0.909013	1.000000	0.910551
1.000000	0.910551	1.000000	0.910421
1.000000	0.910421	1.000000	0.909935
1.000000	0.909935	1.000000	0.910633
1.000000	0.910633	1.000000	0.909770
1.000000	0.909770	1.000000	0.909874
1.000000	0.909874	1.000000	0.910165
1.000000	0.910165	1.000000	0.910492
1.000000	0.910492	1.000000	0.911367
1.000000	0.911367	1.000000	0.911851
1.000000	0.911851	1.000000	0.912181
1.000000	0.912181	1.000000	0.911652
1.000000	0.911652	1.000000	0.912194
1.000000	0.912194	1.000000	0.912987
1.000000	0.912987	1.000000	0.912715
1.000000	0.912715	1.000000	0.913150
1.000000	0.913150	1.000000	0.912925
1.000000	0.912925	1.000000	0.912789
1.000000	0.912789	1.000000	0.911841
1.000000	0.911841	1.000000	0.912053
1.000000	0.912053	1.000000	0.911518
1.000000	0.911518	1.000000	0.912027
1.000000	0.912027	1.000000	0.911698
1.000000	0.911698	1.000000	0.910980
1.000000	0.910980	1.000000	0.911129
1.000000	0.911129	1.000000	0.910752
1.000000	0.910752	1.000000	0.910131
1.000000	0.910131	1.000000	0.910366
1.000000	0.910366	1.000000	0.910323
1.000000	0.910323	1.000000	0.911334
1.000000	0.911334	1.000000	0.911160
1.000000	0.911160	1.000000	0.911767
1.000000	0.911767	1.000000	0.911322
1.000000	0.911322	1.000000	0.911873
1.000000	0.911873	1.000000	0.911189
1.000000	0.911189	1.000000	0.910641
1.000000	0.910641	1.000000	0.910284
1.000000	0.910284	1.000000	0.910227
1.000000	0.910227	1.000000	0.910229
1.000000	0.910229	1.000000	0.911450
1.000000	0.911450	1.000000	0.911782
1.000000	0.911782	1.000000	0.912058
1.000000	0.912058	1.000000	0.911757
1.000000	0.911757	1.000000	0.911475
1.000000	0.911475	1.000000	0.911016
1.000000	0.911016	1.000000	0.910963
1.000000	0.910963	1.000000	0.912109
1.000000	0.912109	1.000000	0.912974
1.000000	0.912974	1.000000	0.912727
1.000000	0.912727	1.000000	0.912844
1.000000	0.912844	1.000000	0.913768
1.000000	0.913768	1.000000	0.914429
1.000000	0.914429	1.000000	0.914923
1.000000	0.914923	1.000000	0.915472
1.000000	0.915472	1.000000	0.915458
1.000000	0.915458	1.000000	0.915267
1.000000	0.915267	1.000000	0.915483
1.000000	0.915483	1.000000	0.914854
1.000000	0.914854	1.000000	0.914329
1.000000	0.914329	1.000000	0.914214
1.000000	0.914214	1.000000	0.913793
1.000000	0.913793	1.000000	0.914491
1.000000	0.914491	1.000000	0.914098
1.000000	0.914098	1.000000	0.913361
1.000000	0.913361	1.000000	0.913626
1.000000	0.913626	1.000000	0.913447
1.000000	0.913447	1.000000	0.913212
1.000000	0.913212	1.000000	0.913055
1.000000	0.913055	1.000000	0.913066
1.000000	0.913066	1.000000	0.913554
1.000000	0.913554	1.000000	0.912747
1.000000	0.912747	1.000000	0.912760
1.000000	0.912760	1.000000	0.912838
1.000000	0.912838	1.000000	0.912462
1.000000	0.912462	1.000000	0.912137
1.000000	0.912137	1.000000	0.912247
1.000000	0.912247	1.000000	0.911986
1.000000	0.911986	1.000000	0.913073
1.000000	0.913073	1.000000	0.912677
1.000000	0.912677	1.000000	0.912441
1.000000	0.912441	1.000000	0.913588
1.000000	0.913588	1.000000	0.913221
1.000000	0.913221	1.000000	0.912920
1.000000	0.912920	1.000000	0.912232
1.000000	0.912232	1.000000	0.912344
1.000000	0.912344	1.000000	0.912119
1.000000	0.912119	1.000000	0.912504
1.000000	0.912504	1.000000	0.913236
1.000000	0.913236	1.000000	0.912844
1.000000	0.912844	1.000000	0.912295
1.000000	0.912295	1.000000	0.912065
1.000000	0.912065	1.000000	0.912021
1.000000	0.912021	1.000000	0.911012
1.000000	0.911012	1.000000	0.910966
1.000000	0.910966	1.000000	0.910973
1.000000	0.910973	1.000000	0.911138
1.000000	0.911138	1.000000	0.912089
1.000000	0.912089	1.000000	0.912526
1.000000	0.912526	1.000000	0.912411
1.000000	0.912411	1.000000	0.912545
1.000000	0.912545	1.000000	0.912903
1.000000	0.912903	1.000000	0.912757
1.000000	0.912757	1.000000	0.913479
1.000000	0.913479	1.000000	0.913577
1.000000	0.913577	1.000000	0.913507
1.000000	0.913507	1.000000	0.913607
1.000000	0.913607	1.000000	0.914506
1.000000	0.914506	1.000000	0.914628
1.000000	0.914628	1.000000	0.915052
1.000000	0.915052	1.000000	0.915432
1.000000	0.915432	1.000000	0.914326
1.000000	0.914326	1.000000	0.914558
1.000000	0.914558	1.000000	0.914095
1.000000	0.914095	1.000000	0.914264
1.000000	0.914264	1.000000	0.914601
1.000000	0.914601	1.000000	0.914363
1.000000	0.914363	1.000000	0.914200
1.000000	0.914200	1.000000	0.914744
1.000000	0.914744	1.000000	0.915734
1.000000	0.915734	1.000000	0.917090
1.000000	0.917090	1.000000	0.917612
1.000000	0.917612	1.000000	0.916608
1.000000	0.916608	1.000000	0.915966
1.000000	0.915966	1.000000	0.915483
1.000000	0.915483	1.000000	0.915602
1.000000	0.915602	1.000000	0.915824
1.000000	0.915824	1.000000	0.916092
1.000000	0.916092	1.000000	0.915294
1.000000	0.915294	1.000000	0.914329
1.000000	0.914329	1.000000	0.913746
1.000000	0.913746	1.000000	0.913969
1.000000	0.913969	1.000000	0.913445
1.000000	0.913445	1.000000	0.913264
1.000000	0.913264	1.000000	0.913601
1.000000	0.913601	1.000000	0.912805
1.000000	0.912805	1.000000	0.913032
1.000000	0.913032	1.000000	0.913482
1.000000	0.913482	1.000000	0.914041
1.000000	0.914041	1.000000	0.914101
