0.350419	0.449089	0.559626	0.462386
0.559626	0.462386	0.661145	0.498978
0.661145	0.498978	0.709941	0.542316
0.709941	0.542316	0.735789	0.582634
0.735789	0.582634	0.747828	0.612181
0.747828	0.612181	0.752390	0.634495
0.752390	0.634495	0.749219	0.646960
0.749219	0.646960	0.741494	0.652930
0.741494	0.652930	0.731027	0.653943
0.731027	0.653943	0.718469	0.650018
0.718469	0.650018	0.704941	0.645236
0.704941	0.645236	0.690277	0.638016
0.690277	0.638016	0.675068	0.629565
0.675068	0.629565	0.660363	0.619721
0.660363	0.619721	0.645107	0.609296
0.645107	0.609296	0.630058	0.598706
0.630058	0.598706	0.615367	0.587695
0.615367	0.587695	0.601808	0.576977
0.601808	0.576977	0.587605	0.565637
0.587605	0.565637	0.574789	0.555017
0.574789	0.555017	0.562010	0.544320
0.562010	0.544320	0.548089	0.532832
0.548089	0.532832	0.535013	0.521274
0.535013	0.521274	0.523222	0.510888
0.523222	0.510888	0.511359	0.500330
0.511359	0.500330	0.498753	0.488431
0.498753	0.488431	0.486934	0.477601
0.486934	0.477601	0.473603	0.465357
0.473603	0.465357	0.461926	0.454516
0.461926	0.454516	0.450225	0.443565
0.450225	0.443565	0.439216	0.433292
0.439216	0.433292	0.429037	0.423575
0.429037	0.423575	0.417494	0.412567
0.417494	0.412567	0.406383	0.402193
0.406383	0.402193	0.394552	0.390947
0.394552	0.390947	0.383686	0.380498
0.383686	0.380498	0.373258	0.370389
0.373258	0.370389	0.363163	0.360618
0.363163	0.360618	0.353545	0.351309
0.353545	0.351309	0.342908	0.340798
0.342908	0.340798	0.333253	0.331299
0.333253	0.331299	0.323525	0.321765
0.323525	0.321765	0.313706	0.312208
0.313706	0.312208	0.304093	0.302753
0.304093	0.302753	0.296270	0.294926
0.296270	0.294926	0.287601	0.286316
0.287601	0.286316	0.279253	0.277952
0.279253	0.277952	0.270822	0.269718
0.270822	0.269718	0.262402	0.261330
0.262402	0.261330	0.254162	0.253179
0.254162	0.253179	0.245504	0.244595
0.245504	0.244595	0.236832	0.235993
0.236832	0.235993	0.229168	0.228429
0.229168	0.228429	0.222039	0.221329
0.222039	0.221329	0.214283	0.213694
0.214283	0.213694	0.207072	0.206502
0.207072	0.206502	0.199935	0.199457
0.199935	0.199457	0.192706	0.192330
0.192706	0.192330	0.186408	0.186098
0.186408	0.186098	0.179350	0.179093
0.179350	0.179093	0.172343	0.172101
0.172343	0.172101	0.166524	0.166246
0.166524	0.166246	0.159899	0.159692
0.159899	0.159692	0.153215	0.153042
0.153215	0.153042	0.147615	0.147440
0.147615	0.147440	0.142400	0.142253
0.142400	0.142253	0.137418	0.137266
0.137418	0.137266	0.132298	0.132198
0.132298	0.132198	0.127360	0.127280
0.127360	0.127280	0.121989	0.121909
0.121989	0.121909	0.117333	0.117286
0.117333	0.117286	0.112345	0.112306
0.112345	0.112306	0.108133	0.108099
0.108133	0.108099	0.103575	0.103532
0.103575	0.103532	0.099174	0.099139
0.099174	0.099139	0.094659	0.094632
0.094659	0.094632	0.090580	0.090565
0.090580	0.090565	0.086855	0.086850
0.086855	0.086850	0.082926	0.082925
0.082926	0.082925	0.079571	0.079571
0.079571	0.079571	0.076026	0.076026
0.076026	0.076026	0.072416	0.072416
0.072416	0.072416	0.069310	0.069310
0.069310	0.069310	0.066382	0.066382
0.066382	0.066382	0.063241	0.063241
0.063241	0.063241	0.060155	0.060155
0.060155	0.060155	0.057369	0.057369
0.057369	0.057369	0.054632	0.054632
0.054632	0.054632	0.051949	0.051949
0.051949	0.051949	0.049613	0.049613
0.049613	0.049613	0.047086	0.047086
0.047086	0.047086	0.044629	0.044629
0.044629	0.044629	0.042234	0.042234
0.042234	0.042234	0.040473	0.040473
0.040473	0.040473	0.038394	0.038394
0.038394	0.038394	0.036810	0.036810
0.036810	0.036810	0.035058	0.035058
0.035058	0.035058	0.033090	0.033090
0.033090	0.033090	0.031315	0.031315
0.031315	0.031315	0.029605	0.029605
0.029605	0.029605	0.027672	0.027672
0.027672	0.027672	0.026142	0.026142
0.026142	0.026142	0.024640	0.024640
0.024640	0.024640	0.023410	0.023410
0.023410	0.023410	0.021876	0.021876
0.021876	0.021876	0.020529	0.020529
0.020529	0.020529	0.018998	0.018998
0.018998	0.018998	0.017885	0.017885
0.017885	0.017885	0.016723	0.016723
0.016723	0.016723	0.015640	0.015640
0.015640	0.015640	0.014666	0.014666
0.014666	0.014666	0.013753	0.013753
0.013753	0.013753	0.012666	0.012666
0.012666	0.012666	0.011756	0.011756
0.011756	0.011756	0.010929	0.010929
0.010929	0.010929	0.010260	0.010260
0.010260	0.010260	0.009633	0.009633
0.009633	0.009633	0.009034	0.009034
0.009034	0.009034	0.008469	0.008469
0.008469	0.008469	0.007736	0.007736
0.007736	0.007736	0.007071	0.007071
0.007071	0.007071	0.006550	0.006550
0.006550	0.006550	0.006084	0.006084
0.006084	0.006084	0.005718	0.005718
0.005718	0.005718	0.005274	0.005274
0.005274	0.005274	0.004859	0.004859
0.004859	0.004859	0.004358	0.004358
0.004358	0.004358	0.004039	0.004039
0.004039	0.004039	0.003797	0.003797
0.003797	0.003797	0.003598	0.003598
0.003598	0.003598	0.003368	0.003368
0.003368	0.003368	0.003201	0.003201
0.003201	0.003201	0.002876	0.002876
0.002876	0.002876	0.002686	0.002686
0.002686	0.002686	0.002538	0.002538
0.002538	0.002538	0.002441	0.002441
0.002441	0.002441	0.002360	0.002360
0.002360	0.002360	0.002228	0.002228
0.002228	0.002228	0.002165	0.002165
0.002165	0.002165	0.001966	0.001966
0.001966	0.001966	0.001863	0.001863
0.001863	0.001863	0.001771	0.001771
0.001771	0.001771	0.001635	0.001635
0.001635	0.001635	0.001514	0.001514
0.001514	0.001514	0.001393	0.001393
0.001393	0.001393	0.001275	0.001275
0.001275	0.001275	0.001267	0.001267
0.001267	0.001267	0.001191	0.001191
0.001191	0.001191	0.001076	0.001076
0.001076	0.001076	0.001022	0.001022
0.001022	0.001022	0.000971	0.000971
0.000971	0.000971	0.000905	0.000905
0.000905	0.000905	0.000869	0.000869
0.000869	0.000869	0.000792	0.000792
0.000792	0.000792	0.000774	0.000774
0.000774	0.000774	0.000676	0.000676
0.000676	0.000676	0.000640	0.000640
0.000640	0.000640	0.000629	0.000629
0.000629	0.000629	0.000608	0.000608
0.000608	0.000608	0.000574	0.000574
0.000574	0.000574	0.000544	0.000544
0.000544	0.000544	0.000476	0.000476
0.000476	0.000476	0.000475	0.000475
0.000475	0.000475	0.000428	0.000428
0.000428	0.000428	0.000387	0.000387
0.000387	0.000387	0.000382	0.000382
0.000382	0.000382	0.000384	0.000384
0.000384	0.000384	0.000356	0.000356
0.000356	0.000356	0.000361	0.000361
0.000361	0.000361	0.000329	0.000329
0.000329	0.000329	0.000309	0.000309
0.000309	0.000309	0.000269	0.000269
0.000269	0.000269	0.000261	0.000261
0.000261	0.000261	0.000225	0.000225
0.000225	0.000225	0.000194	0.000194
0.000194	0.000194	0.000170	0.000170
0.000170	0.000170	0.000159	0.000159
0.000159	0.000159	0.000157	0.000157
0.000157	0.000157	0.000137	0.000137
0.000137	0.000137	0.000126	0.000126
0.000126	0.000126	0.000139	0.000139
0.000139	0.000139	0.000154	0.000154
0.000154	0.000154	0.000101	0.000101
0.000101	0.000101	0.000057	0.000057
0.000057	0.000057	0.000032	0.000032
0.000032	0.000032	0.000026	0.000026
0.000026	0.000026	0.000014	0.000014
0.000014	0.000014	0.000004	0.000004
0.000004	0.000004	0.000003	0.000003
0.000003	0.000003	0.000000	0.000000
0.000000	0.000000	0.000000	0.000000
0.000000	0.000000	0.000000	0.000000
0.000000	0.000000	0.000000	0.000000
0.000000	0.000000	0.000000	0.000000
0.000000	0.000000	0.000000	0.000000
0.000000	0.000000	0.000000	0.000000
0.000000	0.000000	0.000000	0.000000
0.000000	0.000000	0.000000	0.000000
0.000000	0.000000	0.000000	0.000000
0.349331	0.399476	0.470969	0.408082
0.470969	0.408082	0.532817	0.435436
0.532817	0.435436	0.563406	0.469346
0.563406	0.469346	0.579479	0.500663
0.579479	0.500663	0.587157	0.525153
0.587157	0.525153	0.590461	0.541918
0.590461	0.541918	0.587347	0.549873
0.587347	0.549873	0.580912	0.551031
0.580912	0.551031	0.570872	0.546967
0.570872	0.546967	0.560066	0.541096
0.560066	0.541096	0.547494	0.532723
0.547494	0.532723	0.534518	0.522611
0.534518	0.522611	0.520017	0.510372
0.520017	0.510372	0.505827	0.497930
0.505827	0.497930	0.492677	0.486388
0.492677	0.486388	0.479844	0.474969
0.479844	0.474969	0.467131	0.463097
0.467131	0.463097	0.453589	0.450327
0.453589	0.450327	0.441077	0.438305
0.441077	0.438305	0.427990	0.425680
0.427990	0.425680	0.414814	0.412860
0.414814	0.412860	0.401568	0.399770
0.401568	0.399770	0.389132	0.387618
0.389132	0.387618	0.377247	0.375921
0.377247	0.375921	0.365108	0.364040
0.365108	0.364040	0.352707	0.351816
0.352707	0.351816	0.340302	0.339577
0.340302	0.339577	0.328237	0.327606
0.328237	0.327606	0.317626	0.317178
0.317626	0.317178	0.306317	0.305889
0.306317	0.305889	0.294911	0.294557
0.294911	0.294557	0.283751	0.283476
0.283751	0.283476	0.273116	0.272876
0.273116	0.272876	0.263102	0.262877
0.263102	0.262877	0.253478	0.253255
0.253478	0.253255	0.243445	0.243264
0.243445	0.243264	0.233441	0.233256
0.233441	0.233256	0.223774	0.223612
0.223774	0.223612	0.214409	0.214235
0.214409	0.214235	0.205818	0.205667
0.205818	0.205667	0.196737	0.196604
0.196737	0.196604	0.188145	0.188050
0.188145	0.188050	0.180704	0.180629
0.180704	0.180629	0.173420	0.173322
0.173420	0.173322	0.165215	0.165145
0.165215	0.165145	0.158283	0.158224
0.158283	0.158224	0.150893	0.150865
0.150893	0.150865	0.144555	0.144536
0.144555	0.144536	0.137490	0.137484
0.137490	0.137484	0.130727	0.130727
0.130727	0.130727	0.124949	0.124949
0.124949	0.124949	0.118675	0.118675
0.118675	0.118675	0.112266	0.112266
0.112266	0.112266	0.107191	0.107191
0.107191	0.107191	0.101653	0.101653
0.101653	0.101653	0.096666	0.096666
0.096666	0.096666	0.091105	0.091105
0.091105	0.091105	0.086818	0.086818
0.086818	0.086818	0.081992	0.081992
0.081992	0.081992	0.077874	0.077874
0.077874	0.077874	0.073422	0.073422
0.073422	0.073422	0.069548	0.069548
0.069548	0.069548	0.065792	0.065792
0.065792	0.065792	0.062399	0.062399
0.062399	0.062399	0.059214	0.059214
0.059214	0.059214	0.055573	0.055573
0.055573	0.055573	0.052497	0.052497
0.052497	0.052497	0.049374	0.049374
0.049374	0.049374	0.046397	0.046397
0.046397	0.046397	0.043766	0.043766
0.043766	0.043766	0.041602	0.041602
0.041602	0.041602	0.039073	0.039073
0.039073	0.039073	0.036366	0.036366
0.036366	0.036366	0.033915	0.033915
0.033915	0.033915	0.031487	0.031487
0.031487	0.031487	0.029469	0.029469
0.029469	0.029469	0.027765	0.027765
0.027765	0.027765	0.026245	0.026245
0.026245	0.026245	0.024193	0.024193
0.024193	0.024193	0.022598	0.022598
0.022598	0.022598	0.021169	0.021169
0.021169	0.021169	0.019565	0.019565
0.019565	0.019565	0.018351	0.018351
0.018351	0.018351	0.017422	0.017422
0.017422	0.017422	0.016257	0.016257
0.016257	0.016257	0.015229	0.015229
0.015229	0.015229	0.014424	0.014424
0.014424	0.014424	0.013572	0.013572
0.013572	0.013572	0.012657	0.012657
0.012657	0.012657	0.011704	0.011704
0.011704	0.011704	0.011043	0.011043
0.011043	0.011043	0.010460	0.010460
0.010460	0.010460	0.009973	0.009973
0.009973	0.009973	0.009490	0.009490
0.009490	0.009490	0.008893	0.008893
0.008893	0.008893	0.008478	0.008478
0.008478	0.008478	0.007872	0.007872
0.007872	0.007872	0.007502	0.007502
0.007502	0.007502	0.007018	0.007018
0.007018	0.007018	0.006424	0.006424
0.006424	0.006424	0.005973	0.005973
0.005973	0.005973	0.005605	0.005605
0.005605	0.005605	0.005200	0.005200
0.005200	0.005200	0.004852	0.004852
0.004852	0.004852	0.004412	0.004412
0.004412	0.004412	0.004110	0.004110
0.004110	0.004110	0.003777	0.003777
0.003777	0.003777	0.003626	0.003626
0.003626	0.003626	0.003321	0.003321
0.003321	0.003321	0.003109	0.003109
0.003109	0.003109	0.002829	0.002829
0.002829	0.002829	0.002508	0.002508
0.002508	0.002508	0.002271	0.002271
0.002271	0.002271	0.002190	0.002190
0.002190	0.002190	0.001947	0.001947
0.001947	0.001947	0.001765	0.001765
0.001765	0.001765	0.001595	0.001595
0.001595	0.001595	0.001398	0.001398
0.001398	0.001398	0.001303	0.001303
0.001303	0.001303	0.001169	0.001169
0.001169	0.001169	0.001076	0.001076
0.001076	0.001076	0.000935	0.000935
0.000935	0.000935	0.000856	0.000856
0.000856	0.000856	0.000792	0.000792
0.000792	0.000792	0.000711	0.000711
0.000711	0.000711	0.000647	0.000647
0.000647	0.000647	0.000630	0.000630
0.000630	0.000630	0.000584	0.000584
0.000584	0.000584	0.000525	0.000525
0.000525	0.000525	0.000483	0.000483
0.000483	0.000483	0.000454	0.000454
0.000454	0.000454	0.000377	0.000377
0.000377	0.000377	0.000309	0.000309
0.000309	0.000309	0.000274	0.000274
0.000274	0.000274	0.000229	0.000229
0.000229	0.000229	0.000176	0.000176
0.000176	0.000176	0.000192	0.000192
0.000192	0.000192	0.000175	0.000175
0.000175	0.000175	0.000138	0.000138
0.000138	0.000138	0.000152	0.000152
0.000152	0.000152	0.000139	0.000139
0.000139	0.000139	0.000121	0.000121
0.000121	0.000121	0.000097	0.000097
0.000097	0.000097	0.000076	0.000076
0.000076	0.000076	0.000047	0.000047
0.000047	0.000047	0.000042	0.000042
0.000042	0.000042	0.000023	0.000023
0.000023	0.000023	0.000011	0.000011
0.000011	0.000011	0.000004	0.000004
0.000004	0.000004	0.000000	0.000000
0.000000	0.000000	0.000000	0.000000
0.000000	0.000000	0.000000	0.000000
0.000000	0.000000	0.000000	0.000000
0.000000	0.000000	0.000000	0.000000
0.000000	0.000000	0.000000	0.000000
0.000000	0.000000	0.000000	0.000000
0.000000	0.000000	0.000000	0.000000
0.000000	0.000000	0.000000	0.000000
0.000000	0.000000	0.000000	0.000000
0.000000	0.000000	0.000000	0.000000
0.000000	0.000000	0.000000	0.000000
0.000000	0.000000	0.000000	0.000000
0.000000	0.000000	0.000000	0.000000
0.000000	0.000000	0.000000	0.000000
0.000000	0.000000	0.000000	0.000000
0.000000	0.000000	0.000000	0.000000
0.000000	0.000000	0.000000	0.000000
0.000000	0.000000	0.000000	0.000000
0.000000	0.000000	0.000000	0.000000
0.000000	0.000000	0.000000	0.000000
0.000000	0.000000	0.000000	0.000000
0.000000	0.000000	0.000000	0.000000
0.000000	0.000000	0.000000	0.000000
0.000000	0.000000	0.000000	0.000000
0.000000	0.000000	0.000000	0.000000
0.000000	0.000000	0.000000	0.000000
0.000000	0.000000	0.000000	0.000000
0.000000	0.000000	0.000000	0.000000
0.000000	0.000000	0.000000	0.000000
0.000000	0.000000	0.000000	0.000000
0.000000	0.000000	0.000000	0.000000
0.000000	0.000000	0.000000	0.000000
0.000000	0.000000	0.000000	0.000000
0.000000	0.000000	0.000000	0.000000
0.000000	0.000000	0.000000	0.000000
0.000000	0.000000	0.000000	0.000000
0.000000	0.000000	0.000000	0.000000
0.000000	0.000000	0.000000	0.000000
0.000000	0.000000	0.000000	0.000000
0.000000	0.000000	0.000000	0.000000
0.000000	0.000000	0.000000	0.000000
0.000000	0.000000	0.000000	0.000000
0.000000	0.000000	0.000000	0.000000
0.000000	0.000000	0.000000	0.000000
0.000000	0.000000	0.000000	0.000000
0.000000	0.000000	0.000000	0.000000
0.000000	0.000000	0.000000	0.000000
0.000000	0.000000	0.000000	0.000000
0.000000	0.000000	0.000000	0.000000
0.349722	0.350195	0.380053	0.353257
0.380053	0.353257	0.401613	0.368189
0.401613	0.368189	0.421283	0.391457
0.421283	0.391457	0.435837	0.412526
0.435837	0.412526	0.446234	0.428438
0.446234	0.428438	0.451969	0.439641
0.451969	0.439641	0.453383	0.444849
0.453383	0.444849	0.448765	0.442500
0.448765	0.442500	0.443975	0.439465
0.443975	0.439465	0.433901	0.430390
0.433901	0.430390	0.423467	0.420878
0.423467	0.420878	0.411826	0.409731
0.411826	0.409731	0.398817	0.397196
0.398817	0.397196	0.386309	0.385056
0.386309	0.385056	0.373392	0.372565
0.373392	0.372565	0.359441	0.358628
0.359441	0.358628	0.345175	0.344491
0.345175	0.344491	0.332534	0.331964
0.332534	0.331964	0.318363	0.317922
0.318363	0.317922	0.305567	0.305161
0.305567	0.305161	0.293845	0.293590
0.293845	0.293590	0.281790	0.281612
0.281790	0.281612	0.270220	0.270089
0.270220	0.270089	0.257839	0.257696
0.257839	0.257696	0.246803	0.246662
0.246803	0.246662	0.235321	0.235160
0.235321	0.235160	0.223705	0.223599
0.223705	0.223599	0.212963	0.212892
0.212963	0.212892	0.202454	0.202427
0.202454	0.202427	0.192496	0.192465
0.192496	0.192465	0.182715	0.182695
0.182715	0.182695	0.172875	0.172883
0.172875	0.172883	0.163945	0.163968
0.163945	0.163968	0.155852	0.155855
0.155852	0.155855	0.147628	0.147653
0.147628	0.147653	0.139502	0.139533
0.139502	0.139533	0.131463	0.131500
0.131463	0.131500	0.124310	0.124346
0.124310	0.124346	0.117315	0.117346
0.117315	0.117346	0.111351	0.111378
0.111351	0.111378	0.105408	0.105421
0.105408	0.105421	0.099519	0.099538
0.099519	0.099538	0.093530	0.093554
0.093530	0.093554	0.088381	0.088422
0.088381	0.088422	0.083549	0.083579
0.083549	0.083579	0.079182	0.079205
0.079182	0.079205	0.074438	0.074459
0.074438	0.074459	0.069962	0.069985
0.069962	0.069985	0.066503	0.066534
0.066503	0.066534	0.062442	0.062469
0.062442	0.062469	0.058911	0.058928
0.058911	0.058928	0.055162	0.055188
0.055162	0.055188	0.051818	0.051865
0.051818	0.051865	0.048527	0.048574
0.048527	0.048574	0.045502	0.045552
0.045502	0.045552	0.042762	0.042832
0.042762	0.042832	0.040010	0.040090
0.040010	0.040090	0.037461	0.037562
0.037461	0.037562	0.034950	0.035055
0.034950	0.035055	0.032217	0.032297
0.032217	0.032297	0.029897	0.029961
0.029897	0.029961	0.027235	0.027295
0.027235	0.027295	0.025266	0.025308
0.025266	0.025308	0.023329	0.023358
0.023329	0.023358	0.021433	0.021451
0.021433	0.021451	0.020061	0.020092
0.020061	0.020092	0.018331	0.018358
0.018331	0.018358	0.017141	0.017180
0.017141	0.017180	0.016196	0.016227
0.016196	0.016227	0.014790	0.014805
0.014790	0.014805	0.013447	0.013461
0.013447	0.013461	0.012392	0.012399
0.012392	0.012399	0.011188	0.011196
0.011188	0.011196	0.010235	0.010235
0.010235	0.010235	0.009582	0.009582
0.009582	0.009582	0.008612	0.008612
0.008612	0.008612	0.007647	0.007647
0.007647	0.007647	0.007055	0.007055
0.007055	0.007055	0.006231	0.006231
0.006231	0.006231	0.005697	0.005697
0.005697	0.005697	0.005328	0.005328
0.005328	0.005328	0.004828	0.004828
0.004828	0.004828	0.004340	0.004340
0.004340	0.004340	0.004039	0.004039
0.004039	0.004039	0.003736	0.003736
0.003736	0.003736	0.003517	0.003517
0.003517	0.003517	0.003337	0.003337
0.003337	0.003337	0.003116	0.003116
0.003116	0.003116	0.003001	0.003001
0.003001	0.003001	0.002618	0.002618
0.002618	0.002618	0.002297	0.002297
0.002297	0.002297	0.002079	0.002079
0.002079	0.002079	0.001806	0.001806
0.001806	0.001806	0.001601	0.001601
0.001601	0.001601	0.001466	0.001466
0.001466	0.001466	0.001433	0.001433
0.001433	0.001433	0.001288	0.001288
0.001288	0.001288	0.001125	0.001125
0.001125	0.001125	0.001073	0.001073
0.001073	0.001073	0.000961	0.000961
0.000961	0.000961	0.000815	0.000815
0.000815	0.000815	0.000756	0.000756
0.000756	0.000756	0.000671	0.000671
0.000671	0.000671	0.000576	0.000576
0.000576	0.000576	0.000527	0.000527
0.000527	0.000527	0.000455	0.000455
0.000455	0.000455	0.000378	0.000378
0.000378	0.000378	0.000342	0.000342
0.000342	0.000342	0.000290	0.000290
0.000290	0.000290	0.000237	0.000237
0.000237	0.000237	0.000268	0.000268
0.000268	0.000268	0.000258	0.000258
0.000258	0.000258	0.000239	0.000239
0.000239	0.000239	0.000187	0.000187
0.000187	0.000187	0.000168	0.000168
0.000168	0.000168	0.000156	0.000156
0.000156	0.000156	0.000117	0.000117
0.000117	0.000117	0.000091	0.000091
0.000091	0.000091	0.000098	0.000098
0.000098	0.000098	0.000061	0.000061
0.000061	0.000061	0.000071	0.000071
0.000071	0.000071	0.000072	0.000072
0.000072	0.000072	0.000077	0.000077
0.000077	0.000077	0.000058	0.000058
0.000058	0.000058	0.000055	0.000055
0.000055	0.000055	0.000026	0.000026
0.000026	0.000026	0.000024	0.000024
0.000024	0.000024	0.000048	0.000048
0.000048	0.000048	0.000034	0.000034
0.000034	0.000034	0.000019	0.000019
0.000019	0.000019	0.000001	0.000001
0.000001	0.000001	0.000000	0.000000
0.000000	0.000000	0.000000	0.000000
0.000000	0.000000	0.000000	0.000000
0.000000	0.000000	0.000000	0.000000
0.000000	0.000000	0.000000	0.000000
0.000000	0.000000	0.000000	0.000000
0.000000	0.000000	0.000000	0.000000
0.000000	0.000000	0.000000	0.000000
0.000000	0.000000	0.000000	0.000000
0.000000	0.000000	0.000000	0.000000
0.000000	0.000000	0.000000	0.000000
0.000000	0.000000	0.000000	0.000000
0.000000	0.000000	0.000000	0.000000
0.000000	0.000000	0.000000	0.000000
0.000000	0.000000	0.000000	0.000000
0.000000	0.000000	0.000000	0.000000
0.000000	0.000000	0.000000	0.000000
0.000000	0.000000	0.000000	0.000000
0.000000	0.000000	0.000000	0.000000
0.000000	0.000000	0.000000	0.000000
0.000000	0.000000	0.000000	0.000000
0.000000	0.000000	0.000000	0.000000
0.000000	0.000000	0.000000	0.000000
0.000000	0.000000	0.000000	0.000000
0.000000	0.000000	0.000000	0.000000
0.000000	0.000000	0.000000	0.000000
0.000000	0.000000	0.000000	0.000000
0.000000	0.000000	0.000000	0.000000
0.000000	0.000000	0.000000	0.000000
0.000000	0.000000	0.000000	0.000000
0.000000	0.000000	0.000000	0.000000
0.000000	0.000000	0.000000	0.000000
0.000000	0.000000	0.000000	0.000000
0.000000	0.000000	0.000000	0.000000
0.000000	0.000000	0.000000	0.000000
0.000000	0.000000	0.000000	0.000000
0.000000	0.000000	0.000000	0.000000
0.000000	0.000000	0.000000	0.000000
0.000000	0.000000	0.000000	0.000000
0.000000	0.000000	0.000000	0.000000
0.000000	0.000000	0.000000	0.000000
0.000000	0.000000	0.000000	0.000000
0.000000	0.000000	0.000000	0.000000
0.000000	0.000000	0.000000	0.000000
0.000000	0.000000	0.000000	0.000000
0.000000	0.000000	0.000000	0.000000
0.000000	0.000000	0.000000	0.000000
0.000000	0.000000	0.000000	0.000000
0.000000	0.000000	0.000000	0.000000
0.000000	0.000000	0.000000	0.000000
0.000000	0.000000	0.000000	0.000000
0.000000	0.000000	0.000000	0.000000
0.000000	0.000000	0.000000	0.000000
0.000000	0.000000	0.000000	0.000000
0.000000	0.000000	0.000000	0.000000
0.000000	0.000000	0.000000	0.000000
0.000000	0.000000	0.000000	0.000000
0.000000	0.000000	0.000000	0.000000
0.000000	0.000000	0.000000	0.000000
0.000000	0.000000	0.000000	0.000000
0.000000	0.000000	0.000000	0.000000
0.000000	0.000000	0.000000	0.000000
0.000000	0.000000	0.000000	0.000000
0.000000	0.000000	0.000000	0.000000
0.000000	0.000000	0.000000	0.000000
0.000000	0.000000	0.000000	0.000000
0.000000	0.000000	0.000000	0.000000
0.000000	0.000000	0.000000	0.000000
0.349832	0.300626	0.294285	0.298188
0.294285	0.298188	0.281457	0.299118
0.281457	0.299118	0.289149	0.306632
0.289149	0.306632	0.301600	0.317824
0.301600	0.317824	0.313786	0.326129
0.313786	0.326129	0.320289	0.329906
0.320289	0.329906	0.322664	0.330101
0.322664	0.330101	0.321294	0.326800
0.321294	0.326800	0.314801	0.319029
0.314801	0.319029	0.307056	0.310309
0.307056	0.310309	0.297899	0.300572
0.297899	0.300572	0.287203	0.289558
0.287203	0.289558	0.276000	0.278059
0.276000	0.278059	0.263357	0.265328
0.263357	0.265328	0.251381	0.253178
0.251381	0.253178	0.239151	0.240751
0.239151	0.240751	0.226189	0.227683
0.226189	0.227683	0.214839	0.216211
0.214839	0.216211	0.202976	0.204140
0.202976	0.204140	0.191425	0.192336
0.191425	0.192336	0.180660	0.181463
0.180660	0.181463	0.170694	0.171417
0.170694	0.171417	0.160372	0.161005
0.160372	0.161005	0.151408	0.152029
0.151408	0.152029	0.141516	0.142145
0.141516	0.142145	0.132502	0.133089
0.132502	0.133089	0.123254	0.123783
0.123254	0.123783	0.115016	0.115410
0.115016	0.115410	0.107706	0.108095
0.107706	0.108095	0.100212	0.100570
0.100212	0.100570	0.093729	0.094079
0.093729	0.094079	0.086276	0.086641
0.086276	0.086641	0.080231	0.080610
0.080231	0.080610	0.074080	0.074459
0.074080	0.074459	0.068659	0.069017
0.068659	0.069017	0.063545	0.063951
0.063545	0.063951	0.059007	0.059456
0.059007	0.059456	0.054578	0.055071
0.054578	0.055071	0.050632	0.051070
0.050632	0.051070	0.046761	0.047224
0.046761	0.047224	0.043636	0.044113
0.043636	0.044113	0.040062	0.040527
0.040062	0.040527	0.036111	0.036525
0.036111	0.036525	0.033053	0.033484
0.033053	0.033484	0.030731	0.031187
0.030731	0.031187	0.028230	0.028694
0.028230	0.028694	0.025906	0.026465
0.025906	0.026465	0.023997	0.024568
0.023997	0.024568	0.021822	0.022407
0.021822	0.022407	0.019895	0.020506
0.019895	0.020506	0.018024	0.018633
0.018024	0.018633	0.016443	0.017046
0.016443	0.017046	0.015066	0.015627
0.015066	0.015627	0.013933	0.014422
0.013933	0.014422	0.012373	0.012769
0.012373	0.012769	0.011110	0.011467
0.011110	0.011467	0.009934	0.010302
0.009934	0.010302	0.009142	0.009456
0.009142	0.009456	0.008247	0.008598
0.008247	0.008598	0.007575	0.007907
0.007575	0.007907	0.007036	0.007322
0.007036	0.007322	0.006538	0.006824
0.006538	0.006824	0.005911	0.006192
0.005911	0.006192	0.005397	0.005685
0.005397	0.005685	0.004877	0.005108
0.004877	0.005108	0.004527	0.004719
0.004527	0.004719	0.003983	0.004220
0.003983	0.004220	0.003537	0.003761
0.003537	0.003761	0.003081	0.003347
0.003081	0.003347	0.002604	0.002838
0.002604	0.002838	0.002232	0.002461
0.002232	0.002461	0.001907	0.002132
0.001907	0.002132	0.001644	0.001907
0.001644	0.001907	0.001389	0.001640
0.001389	0.001640	0.001242	0.001517
0.001242	0.001517	0.001147	0.001415
0.001147	0.001415	0.001039	0.001317
0.001039	0.001317	0.000933	0.001167
0.000933	0.001167	0.000764	0.001013
0.000764	0.001013	0.000659	0.000943
0.000659	0.000943	0.000568	0.000833
0.000568	0.000833	0.000497	0.000792
0.000497	0.000792	0.000428	0.000697
0.000428	0.000697	0.000401	0.000700
0.000401	0.000700	0.000430	0.000736
0.000430	0.000736	0.000408	0.000724
0.000408	0.000724	0.000388	0.000732
0.000388	0.000732	0.000312	0.000638
0.000312	0.000638	0.000324	0.000643
0.000324	0.000643	0.000232	0.000563
0.000232	0.000563	0.000212	0.000595
0.000212	0.000595	0.000193	0.000586
0.000193	0.000586	0.000202	0.000615
0.000202	0.000615	0.000180	0.000628
0.000180	0.000628	0.000161	0.000629
0.000161	0.000629	0.000168	0.000610
0.000168	0.000610	0.000176	0.000574
0.000176	0.000574	0.000162	0.000582
0.000162	0.000582	0.000141	0.000518
0.000141	0.000518	0.000120	0.000522
0.000120	0.000522	0.000109	0.000506
0.000109	0.000506	0.000078	0.000401
0.000078	0.000401	0.000086	0.000392
0.000086	0.000392	0.000066	0.000380
0.000066	0.000380	0.000031	0.000312
0.000031	0.000312	0.000017	0.000305
0.000017	0.000305	0.000012	0.000251
0.000012	0.000251	0.000028	0.000261
0.000028	0.000261	0.000014	0.000237
0.000014	0.000237	0.000006	0.000216
0.000006	0.000216	0.000000	0.000222
0.000000	0.000222	0.000000	0.000269
0.000000	0.000269	0.000000	0.000219
0.000000	0.000219	0.000000	0.000174
0.000000	0.000174	0.000000	0.000197
0.000000	0.000197	0.000000	0.000236
0.000000	0.000236	0.000000	0.000253
0.000000	0.000253	0.000000	0.000234
0.000000	0.000234	0.000000	0.000238
0.000000	0.000238	0.000000	0.000194
0.000000	0.000194	0.000000	0.000181
0.000000	0.000181	0.000000	0.000211
0.000000	0.000211	0.000000	0.000219
0.000000	0.000219	0.000000	0.000233
0.000000	0.000233	0.000000	0.000233
0.000000	0.000233	0.000000	0.000248
0.000000	0.000248	0.000000	0.000275
0.000000	0.000275	0.000000	0.000252
0.000000	0.000252	0.000000	0.000266
0.000000	0.000266	0.000000	0.000274
0.000000	0.000274	0.000000	0.000336
0.000000	0.000336	0.000000	0.000370
0.000000	0.000370	0.000000	0.000330
0.000000	0.000330	0.000000	0.000327
0.000000	0.000327	0.000000	0.000332
0.000000	0.000332	0.000000	0.000305
0.000000	0.000305	0.000000	0.000265
0.000000	0.000265	0.000000	0.000280
0.000000	0.000280	0.000000	0.000268
0.000000	0.000268	0.000000	0.000239
0.000000	0.000239	0.000000	0.000211
0.000000	0.000211	0.000000	0.000207
0.000000	0.000207	0.000000	0.000182
0.000000	0.000182	0.000000	0.000174
0.000000	0.000174	0.000000	0.000157
0.000000	0.000157	0.000000	0.000204
0.000000	0.000204	0.000000	0.000164
0.000000	0.000164	0.000000	0.000168
0.000000	0.000168	0.000000	0.000155
0.000000	0.000155	0.000000	0.000153
0.000000	0.000153	0.000000	0.000157
0.000000	0.000157	0.000000	0.000206
0.000000	0.000206	0.000000	0.000229
0.000000	0.000229	0.000000	0.000207
0.000000	0.000207	0.000000	0.000220
0.000000	0.000220	0.000000	0.000206
0.000000	0.000206	0.000000	0.000194
0.000000	0.000194	0.000000	0.000212
0.000000	0.000212	0.000000	0.000193
0.000000	0.000193	0.000000	0.000226
0.000000	0.000226	0.000000	0.000154
0.000000	0.000154	0.000000	0.000155
0.000000	0.000155	0.000000	0.000175
0.000000	0.000175	0.000000	0.000151
0.000000	0.000151	0.000000	0.000136
0.000000	0.000136	0.000000	0.000114
0.000000	0.000114	0.000000	0.000103
0.000000	0.000103	0.000000	0.000116
0.000000	0.000116	0.000000	0.000102
0.000000	0.000102	0.000000	0.000115
0.000000	0.000115	0.000000	0.000141
0.000000	0.000141	0.000000	0.000151
0.000000	0.000151	0.000000	0.000142
0.000000	0.000142	0.000000	0.000159
0.000000	0.000159	0.000000	0.000127
0.000000	0.000127	0.000000	0.000108
0.000000	0.000108	0.000000	0.000115
0.000000	0.000115	0.000000	0.000069
0.000000	0.000069	0.000000	0.000044
0.000000	0.000044	0.000000	0.000083
0.000000	0.000083	0.000000	0.000088
0.000000	0.000088	0.000000	0.000057
0.000000	0.000057	0.000000	0.000063
0.000000	0.000063	0.000000	0.000053
0.000000	0.000053	0.000000	0.000057
0.000000	0.000057	0.000000	0.000044
0.000000	0.000044	0.000000	0.000017
0.000000	0.000017	0.000000	0.000029
0.000000	0.000029	0.000000	0.000018
0.000000	0.000018	0.000000	0.000032
0.000000	0.000032	0.000000	0.000049
0.000000	0.000049	0.000000	0.000039
0.000000	0.000039	0.000000	0.000041
0.000000	0.000041	0.000000	0.000061
0.000000	0.000061	0.000000	0.000063
0.000000	0.000063	0.000000	0.000077
0.000000	0.000077	0.000000	0.000081
0.000000	0.000081	0.000000	0.000065
0.000000	0.000065	0.000000	0.000091
0.348818	0.250181	0.214485	0.242652
0.214485	0.242652	0.181589	0.236659
0.181589	0.236659	0.183652	0.235937
0.183652	0.235937	0.196001	0.240216
0.196001	0.240216	0.207408	0.243434
0.207408	0.243434	0.214935	0.243078
0.214935	0.243078	0.218825	0.241597
0.218825	0.241597	0.218156	0.236392
0.218156	0.236392	0.216688	0.231671
0.216688	0.231671	0.212513	0.225601
0.212513	0.225601	0.206635	0.218378
0.206635	0.218378	0.199780	0.209723
0.199780	0.209723	0.191479	0.200574
0.191479	0.200574	0.182783	0.191049
0.182783	0.191049	0.173366	0.180846
0.173366	0.180846	0.164722	0.171565
0.164722	0.171565	0.156742	0.162984
0.156742	0.162984	0.147570	0.153124
0.147570	0.153124	0.139232	0.144592
0.139232	0.144592	0.131386	0.136666
0.131386	0.136666	0.123918	0.128982
0.123918	0.128982	0.116664	0.121558
0.116664	0.121558	0.109981	0.115019
0.109981	0.115019	0.102978	0.107573
0.102978	0.107573	0.096255	0.100694
0.096255	0.100694	0.089587	0.093817
0.089587	0.093817	0.083349	0.087524
0.083349	0.087524	0.077928	0.081959
0.077928	0.081959	0.071859	0.075846
0.071859	0.075846	0.067233	0.071164
0.067233	0.071164	0.061687	0.065795
0.061687	0.065795	0.056822	0.060965
0.056822	0.060965	0.052569	0.056661
0.052569	0.056661	0.048759	0.052544
0.048759	0.052544	0.044805	0.048533
0.044805	0.048533	0.040905	0.044556
0.040905	0.044556	0.037722	0.041320
0.037722	0.041320	0.034414	0.038086
0.034414	0.038086	0.031192	0.034765
0.031192	0.034765	0.028488	0.032365
0.028488	0.032365	0.025780	0.029390
0.025780	0.029390	0.023273	0.026707
0.023273	0.026707	0.021313	0.024761
0.021313	0.024761	0.019225	0.022793
0.019225	0.022793	0.017258	0.020759
0.017258	0.020759	0.015547	0.019033
0.015547	0.019033	0.014172	0.017578
0.014172	0.017578	0.012821	0.016286
0.012821	0.016286	0.011695	0.015022
0.011695	0.015022	0.010664	0.013865
0.010664	0.013865	0.009846	0.013132
0.009846	0.013132	0.008701	0.011963
0.008701	0.011963	0.007861	0.011300
0.007861	0.011300	0.007162	0.010585
0.007162	0.010585	0.006300	0.009824
0.006300	0.009824	0.005735	0.009309
0.005735	0.009309	0.005059	0.008768
0.005059	0.008768	0.004530	0.008196
0.004530	0.008196	0.003931	0.007500
0.003931	0.007500	0.003555	0.007179
0.003555	0.007179	0.003306	0.007085
0.003306	0.007085	0.003077	0.006829
0.003077	0.006829	0.002858	0.006544
0.002858	0.006544	0.002530	0.006502
0.002530	0.006502	0.002275	0.006222
0.002275	0.006222	0.002202	0.006021
0.002202	0.006021	0.002045	0.005793
0.002045	0.005793	0.002016	0.005668
0.002016	0.005668	0.001807	0.005288
0.001807	0.005288	0.001748	0.005133
0.001748	0.005133	0.001658	0.004937
0.001658	0.004937	0.001590	0.004991
0.001590	0.004991	0.001554	0.004771
0.001554	0.004771	0.001478	0.004665
0.001478	0.004665	0.001259	0.004480
0.001259	0.004480	0.001210	0.004458
0.001210	0.004458	0.001142	0.004462
0.001142	0.004462	0.001071	0.004230
0.001071	0.004230	0.001083	0.004364
0.001083	0.004364	0.001012	0.004060
0.001012	0.004060	0.001007	0.003854
0.001007	0.003854	0.000928	0.003808
0.000928	0.003808	0.000783	0.003575
0.000783	0.003575	0.000798	0.003723
0.000798	0.003723	0.000703	0.003499
0.000703	0.003499	0.000612	0.003343
0.000612	0.003343	0.000530	0.003114
0.000530	0.003114	0.000511	0.002995
0.000511	0.002995	0.000490	0.003057
0.000490	0.003057	0.000500	0.003090
0.000500	0.003090	0.000410	0.002899
0.000410	0.002899	0.000408	0.002725
0.000408	0.002725	0.000365	0.002799
0.000365	0.002799	0.000291	0.002632
0.000291	0.002632	0.000217	0.002633
0.000217	0.002633	0.000186	0.002790
0.000186	0.002790	0.000178	0.002674
0.000178	0.002674	0.000164	0.002672
0.000164	0.002672	0.000144	0.002622
0.000144	0.002622	0.000128	0.002713
0.000128	0.002713	0.000114	0.002825
0.000114	0.002825	0.000123	0.002653
0.000123	0.002653	0.000140	0.002671
0.000140	0.002671	0.000129	0.002739
0.000129	0.002739	0.000129	0.002773
0.000129	0.002773	0.000159	0.002844
0.000159	0.002844	0.000159	0.002599
0.000159	0.002599	0.000147	0.002408
0.000147	0.002408	0.000143	0.002382
0.000143	0.002382	0.000111	0.002292
0.000111	0.002292	0.000100	0.002311
0.000100	0.002311	0.000094	0.002289
0.000094	0.002289	0.000095	0.002174
0.000095	0.002174	0.000078	0.002187
0.000078	0.002187	0.000055	0.001939
0.000055	0.001939	0.000018	0.001995
0.000018	0.001995	0.000007	0.002008
0.000007	0.002008	0.000001	0.002205
0.000001	0.002205	0.000000	0.002132
0.000000	0.002132	0.000000	0.002232
0.000000	0.002232	0.000000	0.002104
0.000000	0.002104	0.000000	0.002100
0.000000	0.002100	0.000000	0.002014
0.000000	0.002014	0.000000	0.002161
0.000000	0.002161	0.000000	0.002201
0.000000	0.002201	0.000000	0.002062
0.000000	0.002062	0.000000	0.002015
0.000000	0.002015	0.000000	0.002075
0.000000	0.002075	0.000000	0.002199
0.000000	0.002199	0.000000	0.002201
0.000000	0.002201	0.000000	0.002078
0.000000	0.002078	0.000000	0.001989
0.000000	0.001989	0.000000	0.001986
0.000000	0.001986	0.000000	0.002074
0.000000	0.002074	0.000000	0.002068
0.000000	0.002068	0.000000	0.002105
0.000000	0.002105	0.000000	0.002061
0.000000	0.002061	0.000000	0.001843
0.000000	0.001843	0.000000	0.001883
0.000000	0.001883	0.000000	0.001909
0.000000	0.001909	0.000000	0.001948
0.000000	0.001948	0.000000	0.001843
0.000000	0.001843	0.000000	0.002002
0.000000	0.002002	0.000000	0.001916
0.000000	0.001916	0.000000	0.001844
0.000000	0.001844	0.000000	0.002067
0.000000	0.002067	0.000000	0.002186
0.000000	0.002186	0.000000	0.002214
0.000000	0.002214	0.000000	0.002231
0.000000	0.002231	0.000000	0.002271
0.000000	0.002271	0.000000	0.002306
0.000000	0.002306	0.000000	0.002184
0.000000	0.002184	0.000000	0.002237
0.000000	0.002237	0.000000	0.002208
0.000000	0.002208	0.000000	0.002231
0.000000	0.002231	0.000000	0.002152
0.000000	0.002152	0.000000	0.001991
0.000000	0.001991	0.000000	0.002062
0.000000	0.002062	0.000000	0.002109
0.000000	0.002109	0.000000	0.002156
0.000000	0.002156	0.000000	0.002102
0.000000	0.002102	0.000000	0.002123
0.000000	0.002123	0.000000	0.002112
0.000000	0.002112	0.000000	0.002100
0.000000	0.002100	0.000000	0.002068
0.000000	0.002068	0.000000	0.002019
0.000000	0.002019	0.000000	0.002051
0.000000	0.002051	0.000000	0.002069
0.000000	0.002069	0.000000	0.002005
0.000000	0.002005	0.000000	0.002015
0.000000	0.002015	0.000000	0.002178
0.000000	0.002178	0.000000	0.002349
0.000000	0.002349	0.000000	0.002258
0.000000	0.002258	0.000000	0.002139
0.000000	0.002139	0.000000	0.002063
0.000000	0.002063	0.000000	0.002010
0.000000	0.002010	0.000000	0.002007
0.000000	0.002007	0.000000	0.002140
0.000000	0.002140	0.000000	0.002195
0.000000	0.002195	0.000000	0.002267
0.000000	0.002267	0.000000	0.002151
0.000000	0.002151	0.000000	0.002135
0.000000	0.002135	0.000000	0.002076
0.000000	0.002076	0.000000	0.002101
0.000000	0.002101	0.000000	0.002141
0.000000	0.002141	0.000000	0.002135
0.000000	0.002135	0.000000	0.002183
0.000000	0.002183	0.000000	0.002056
0.000000	0.002056	0.000000	0.002165
0.000000	0.002165	0.000000	0.002212
0.000000	0.002212	0.000000	0.002275
0.000000	0.002275	0.000000	0.002326
0.000000	0.002326	0.000000	0.002366
0.000000	0.002366	0.000000	0.002328
0.000000	0.002328	0.000000	0.002336
0.000000	0.002336	0.000000	0.002361
0.000000	0.002361	0.000000	0.002338
0.000000	0.002338	0.000000	0.002289
0.000000	0.002289	0.000000	0.002331
0.349663	0.200378	0.150606	0.192480
0.150606	0.192480	0.106261	0.179912
0.106261	0.179912	0.104224	0.175468
0.104224	0.175468	0.110489	0.172973
0.110489	0.172973	0.117341	0.171727
0.117341	0.171727	0.121999	0.167888
0.121999	0.167888	0.124977	0.164746
0.124977	0.164746	0.126696	0.161398
0.126696	0.161398	0.125138	0.155786
0.125138	0.155786	0.122876	0.150683
0.122876	0.150683	0.118690	0.143689
0.118690	0.143689	0.114101	0.136487
0.114101	0.136487	0.109720	0.130207
0.109720	0.130207	0.104759	0.123746
0.104759	0.123746	0.099142	0.117289
0.099142	0.117289	0.093763	0.110386
0.093763	0.110386	0.087303	0.103288
0.087303	0.103288	0.081964	0.097177
0.081964	0.097177	0.077409	0.092048
0.077409	0.092048	0.071804	0.085628
0.071804	0.085628	0.066802	0.080237
0.066802	0.080237	0.061732	0.074688
0.061732	0.074688	0.057632	0.070017
0.057632	0.070017	0.053333	0.065492
0.053333	0.065492	0.049883	0.061688
0.049883	0.061688	0.046313	0.057940
0.046313	0.057940	0.043309	0.054573
0.043309	0.054573	0.039735	0.050672
0.039735	0.050672	0.036243	0.047299
0.036243	0.047299	0.033292	0.044511
0.033292	0.044511	0.030485	0.041680
0.030485	0.041680	0.027813	0.038772
0.027813	0.038772	0.025122	0.035843
0.025122	0.035843	0.022964	0.033824
0.022964	0.033824	0.020828	0.031546
0.020828	0.031546	0.018941	0.029353
0.018941	0.029353	0.017325	0.027859
0.017325	0.027859	0.016009	0.026065
0.016009	0.026065	0.014338	0.024424
0.014338	0.024424	0.013133	0.023314
0.013133	0.023314	0.011889	0.022296
0.011889	0.022296	0.010615	0.021098
0.010615	0.021098	0.009623	0.020207
0.009623	0.020207	0.008887	0.019355
0.008887	0.019355	0.007905	0.018574
0.007905	0.018574	0.007217	0.018160
0.007217	0.018160	0.006651	0.017741
0.006651	0.017741	0.006087	0.017357
0.006087	0.017357	0.005578	0.016804
0.005578	0.016804	0.005081	0.016062
0.005081	0.016062	0.004803	0.015762
0.004803	0.015762	0.004318	0.015212
0.004318	0.015212	0.004040	0.015061
0.004040	0.015061	0.003664	0.014497
0.003664	0.014497	0.003400	0.014359
0.003400	0.014359	0.003104	0.014446
0.003104	0.014446	0.002598	0.013945
0.002598	0.013945	0.002326	0.013836
0.002326	0.013836	0.001983	0.013574
0.001983	0.013574	0.001853	0.013484
0.001853	0.013484	0.001776	0.013804
0.001776	0.013804	0.001639	0.013498
0.001639	0.013498	0.001433	0.013391
0.001433	0.013391	0.001212	0.013308
0.001212	0.013308	0.001145	0.013269
0.001145	0.013269	0.000941	0.012547
0.000941	0.012547	0.000816	0.012326
0.000816	0.012326	0.000665	0.012375
0.000665	0.012375	0.000570	0.012110
0.000570	0.012110	0.000458	0.012011
0.000458	0.012011	0.000394	0.011876
0.000394	0.011876	0.000287	0.011803
0.000287	0.011803	0.000220	0.011749
0.000220	0.011749	0.000189	0.011740
0.000189	0.011740	0.000146	0.011423
0.000146	0.011423	0.000065	0.011270
0.000065	0.011270	0.000059	0.011267
0.000059	0.011267	0.000049	0.011490
0.000049	0.011490	0.000031	0.011497
0.000031	0.011497	0.000026	0.011291
0.000026	0.011291	0.000019	0.011345
0.000019	0.011345	0.000004	0.011155
0.000004	0.011155	0.000000	0.011368
0.000000	0.011368	0.000000	0.011388
0.000000	0.011388	0.000000	0.011405
0.000000	0.011405	0.000000	0.011619
0.000000	0.011619	0.000000	0.011717
0.000000	0.011717	0.000000	0.011414
0.000000	0.011414	0.000000	0.011609
0.000000	0.011609	0.000000	0.011499
0.000000	0.011499	0.000000	0.011366
0.000000	0.011366	0.000000	0.011367
0.000000	0.011367	0.000000	0.011381
0.000000	0.011381	0.000000	0.011467
0.000000	0.011467	0.000000	0.011668
0.000000	0.011668	0.000000	0.011631
0.000000	0.011631	0.000000	0.011531
0.000000	0.011531	0.000000	0.011926
0.000000	0.011926	0.000000	0.012137
0.000000	0.012137	0.000000	0.012107
0.000000	0.012107	0.000000	0.012395
0.000000	0.012395	0.000000	0.012370
0.000000	0.012370	0.000000	0.012401
0.000000	0.012401	0.000000	0.012820
0.000000	0.012820	0.000000	0.012725
0.000000	0.012725	0.000000	0.012543
0.000000	0.012543	0.000000	0.012662
0.000000	0.012662	0.000000	0.012639
0.000000	0.012639	0.000000	0.012753
0.000000	0.012753	0.000000	0.012775
0.000000	0.012775	0.000000	0.013144
0.000000	0.013144	0.000000	0.012939
0.000000	0.012939	0.000000	0.012708
0.000000	0.012708	0.000000	0.012512
0.000000	0.012512	0.000000	0.012395
0.000000	0.012395	0.000000	0.012390
0.000000	0.012390	0.000000	0.012359
0.000000	0.012359	0.000000	0.012367
0.000000	0.012367	0.000000	0.011996
0.000000	0.011996	0.000000	0.012200
0.000000	0.012200	0.000000	0.012167
0.000000	0.012167	0.000000	0.012166
0.000000	0.012166	0.000000	0.012352
0.000000	0.012352	0.000000	0.012407
0.000000	0.012407	0.000000	0.012334
0.000000	0.012334	0.000000	0.012651
0.000000	0.012651	0.000000	0.012750
0.000000	0.012750	0.000000	0.012985
0.000000	0.012985	0.000000	0.012702
0.000000	0.012702	0.000000	0.012634
0.000000	0.012634	0.000000	0.012616
0.000000	0.012616	0.000000	0.012310
0.000000	0.012310	0.000000	0.012292
0.000000	0.012292	0.000000	0.012212
0.000000	0.012212	0.000000	0.012441
0.000000	0.012441	0.000000	0.012308
0.000000	0.012308	0.000000	0.012220
0.000000	0.012220	0.000000	0.012857
0.000000	0.012857	0.000000	0.012895
0.000000	0.012895	0.000000	0.012934
0.000000	0.012934	0.000000	0.012696
0.000000	0.012696	0.000000	0.012489
0.000000	0.012489	0.000000	0.012573
0.000000	0.012573	0.000000	0.012662
0.000000	0.012662	0.000000	0.012867
0.000000	0.012867	0.000000	0.013523
0.000000	0.013523	0.000000	0.013438
0.000000	0.013438	0.000000	0.013489
0.000000	0.013489	0.000000	0.013493
0.000000	0.013493	0.000000	0.013443
0.000000	0.013443	0.000000	0.013601
0.000000	0.013601	0.000000	0.014127
0.000000	0.014127	0.000000	0.013557
0.000000	0.013557	0.000000	0.013627
0.000000	0.013627	0.000000	0.013445
0.000000	0.013445	0.000000	0.013758
0.000000	0.013758	0.000000	0.013770
0.000000	0.013770	0.000000	0.013561
0.000000	0.013561	0.000000	0.013531
0.000000	0.013531	0.000000	0.013208
0.000000	0.013208	0.000000	0.013057
0.000000	0.013057	0.000000	0.013131
0.000000	0.013131	0.000000	0.013543
0.000000	0.013543	0.000000	0.013694
0.000000	0.013694	0.000000	0.013413
0.000000	0.013413	0.000000	0.013495
0.000000	0.013495	0.000000	0.013678
0.000000	0.013678	0.000000	0.013732
0.000000	0.013732	0.000000	0.013828
0.000000	0.013828	0.000000	0.013781
0.000000	0.013781	0.000000	0.013761
0.000000	0.013761	0.000000	0.014034
0.000000	0.014034	0.000000	0.013925
0.000000	0.013925	0.000000	0.013864
0.000000	0.013864	0.000000	0.013833
0.000000	0.013833	0.000000	0.014046
0.000000	0.014046	0.000000	0.013789
0.000000	0.013789	0.000000	0.013780
0.000000	0.013780	0.000000	0.013413
0.000000	0.013413	0.000000	0.013588
0.000000	0.013588	0.000000	0.013561
0.000000	0.013561	0.000000	0.013496
0.000000	0.013496	0.000000	0.013670
0.000000	0.013670	0.000000	0.013468
0.000000	0.013468	0.000000	0.013208
0.000000	0.013208	0.000000	0.013076
0.000000	0.013076	0.000000	0.013075
0.000000	0.013075	0.000000	0.012965
0.000000	0.012965	0.000000	0.013197
0.000000	0.013197	0.000000	0.013258
0.000000	0.013258	0.000000	0.013189
0.000000	0.013189	0.000000	0.013302
0.000000	0.013302	0.000000	0.013372
0.000000	0.013372	0.000000	0.012807
0.000000	0.012807	0.000000	0.012628
0.000000	0.012628	0.000000	0.012748
0.000000	0.012748	0.000000	0.012755
0.000000	0.012755	0.000000	0.012655
0.000000	0.012655	0.000000	0.012611
0.350426	0.149932	0.094997	0.140670
0.094997	0.140670	0.051791	0.127924
0.051791	0.127924	0.046096	0.122892
0.046096	0.122892	0.048332	0.120157
0.048332	0.120157	0.051170	0.116730
0.051170	0.116730	0.053374	0.115254
0.053374	0.115254	0.054899	0.112270
0.054899	0.112270	0.055327	0.109765
0.055327	0.109765	0.054667	0.106202
0.054667	0.106202	0.054018	0.102404
0.054018	0.102404	0.052776	0.098328
0.052776	0.098328	0.051129	0.094352
0.051129	0.094352	0.049239	0.090713
0.049239	0.090713	0.046628	0.086763
0.046628	0.086763	0.044997	0.084469
0.044997	0.084469	0.042604	0.080880
0.042604	0.080880	0.040096	0.076911
0.040096	0.076911	0.037590	0.073724
0.037590	0.073724	0.035808	0.070918
0.035808	0.070918	0.033598	0.068294
0.033598	0.068294	0.031360	0.065107
0.031360	0.065107	0.029514	0.062782
0.029514	0.062782	0.027902	0.060306
0.027902	0.060306	0.026454	0.057821
0.026454	0.057821	0.024710	0.055130
0.024710	0.055130	0.023778	0.054100
0.023778	0.054100	0.022355	0.052438
0.022355	0.052438	0.020794	0.050851
0.020794	0.050851	0.019928	0.049572
0.019928	0.049572	0.018928	0.048257
0.018928	0.048257	0.017901	0.047097
0.017901	0.047097	0.017206	0.045897
0.017206	0.045897	0.016113	0.044185
0.016113	0.044185	0.014829	0.042182
0.014829	0.042182	0.014182	0.041520
0.014182	0.041520	0.013418	0.040633
0.013418	0.040633	0.012622	0.040252
0.012622	0.040252	0.012172	0.039575
0.012172	0.039575	0.011499	0.039411
0.011499	0.039411	0.010482	0.038110
0.010482	0.038110	0.010011	0.038030
0.010011	0.038030	0.009438	0.036959
0.009438	0.036959	0.009072	0.036559
0.009072	0.036559	0.008544	0.036708
0.008544	0.036708	0.008338	0.036562
0.008338	0.036562	0.007536	0.035411
0.007536	0.035411	0.007065	0.034506
0.007065	0.034506	0.006610	0.034244
0.006610	0.034244	0.006285	0.033544
0.006285	0.033544	0.005782	0.032749
0.005782	0.032749	0.005586	0.032349
0.005586	0.032349	0.005284	0.032242
0.005284	0.032242	0.005152	0.032338
0.005152	0.032338	0.004833	0.031716
0.004833	0.031716	0.004598	0.031075
0.004598	0.031075	0.004312	0.030798
0.004312	0.030798	0.004064	0.030168
0.004064	0.030168	0.003836	0.030080
0.003836	0.030080	0.003470	0.029737
0.003470	0.029737	0.003075	0.029407
0.003075	0.029407	0.002992	0.028679
0.002992	0.028679	0.002893	0.028277
0.002893	0.028277	0.002730	0.027909
0.002730	0.027909	0.002737	0.028138
0.002737	0.028138	0.002720	0.028400
0.002720	0.028400	0.002698	0.028363
0.002698	0.028363	0.002581	0.027985
0.002581	0.027985	0.002453	0.028560
0.002453	0.028560	0.002249	0.028231
0.002249	0.028231	0.002147	0.027933
0.002147	0.027933	0.002089	0.028653
0.002089	0.028653	0.001929	0.028485
0.001929	0.028485	0.001765	0.028082
0.001765	0.028082	0.001591	0.028627
0.001591	0.028627	0.001540	0.028957
0.001540	0.028957	0.001469	0.028950
0.001469	0.028950	0.001336	0.028648
0.001336	0.028648	0.001288	0.028748
0.001288	0.028748	0.001166	0.028562
0.001166	0.028562	0.001167	0.029128
0.001167	0.029128	0.000992	0.028692
0.000992	0.028692	0.000984	0.028973
0.000984	0.028973	0.000859	0.029210
0.000859	0.029210	0.000783	0.028428
0.000783	0.028428	0.000724	0.028043
0.000724	0.028043	0.000647	0.027728
0.000647	0.027728	0.000564	0.027777
0.000564	0.027777	0.000574	0.027222
0.000574	0.027222	0.000553	0.027501
0.000553	0.027501	0.000557	0.027374
0.000557	0.027374	0.000527	0.026990
0.000527	0.026990	0.000465	0.026616
0.000465	0.026616	0.000435	0.026575
0.000435	0.026575	0.000437	0.025792
0.000437	0.025792	0.000408	0.026098
0.000408	0.026098	0.000349	0.025677
0.000349	0.025677	0.000308	0.025543
0.000308	0.025543	0.000315	0.025518
0.000315	0.025518	0.000324	0.025636
0.000324	0.025636	0.000303	0.025276
0.000303	0.025276	0.000275	0.025909
0.000275	0.025909	0.000244	0.026072
0.000244	0.026072	0.000251	0.026537
0.000251	0.026537	0.000248	0.026448
0.000248	0.026448	0.000273	0.027148
0.000273	0.027148	0.000298	0.027330
0.000298	0.027330	0.000282	0.027318
0.000282	0.027318	0.000268	0.027235
0.000268	0.027235	0.000272	0.027186
0.000272	0.027186	0.000269	0.027005
0.000269	0.027005	0.000251	0.026846
0.000251	0.026846	0.000234	0.026983
0.000234	0.026983	0.000215	0.026683
0.000215	0.026683	0.000183	0.026748
0.000183	0.026748	0.000167	0.026393
0.000167	0.026393	0.000185	0.026536
0.000185	0.026536	0.000097	0.026585
0.000097	0.026585	0.000077	0.026277
0.000077	0.026277	0.000069	0.026362
0.000069	0.026362	0.000026	0.025973
0.000026	0.025973	0.000030	0.025665
0.000030	0.025665	0.000020	0.025469
0.000020	0.025469	0.000011	0.026032
0.000011	0.026032	0.000003	0.026453
0.000003	0.026453	0.000001	0.026738
0.000001	0.026738	0.000000	0.025840
0.000000	0.025840	0.000000	0.026079
0.000000	0.026079	0.000000	0.025952
0.000000	0.025952	0.000000	0.025916
0.000000	0.025916	0.000000	0.025860
0.000000	0.025860	0.000000	0.026040
0.000000	0.026040	0.000000	0.026336
0.000000	0.026336	0.000000	0.026659
0.000000	0.026659	0.000000	0.026296
0.000000	0.026296	0.000000	0.026302
0.000000	0.026302	0.000000	0.026212
0.000000	0.026212	0.000000	0.026066
0.000000	0.026066	0.000000	0.026188
0.000000	0.026188	0.000000	0.025554
0.000000	0.025554	0.000000	0.026160
0.000000	0.026160	0.000000	0.026166
0.000000	0.026166	0.000000	0.026054
0.000000	0.026054	0.000000	0.025861
0.000000	0.025861	0.000000	0.025989
0.000000	0.025989	0.000000	0.025929
0.000000	0.025929	0.000000	0.025861
0.000000	0.025861	0.000000	0.026095
0.000000	0.026095	0.000000	0.025904
0.000000	0.025904	0.000000	0.025851
0.000000	0.025851	0.000000	0.025567
0.000000	0.025567	0.000000	0.025397
0.000000	0.025397	0.000000	0.025201
0.000000	0.025201	0.000000	0.025617
0.000000	0.025617	0.000000	0.025865
0.000000	0.025865	0.000000	0.026335
0.000000	0.026335	0.000000	0.026441
0.000000	0.026441	0.000000	0.026624
0.000000	0.026624	0.000000	0.026912
0.000000	0.026912	0.000000	0.026884
0.000000	0.026884	0.000000	0.027395
0.000000	0.027395	0.000000	0.027232
0.000000	0.027232	0.000000	0.027180
0.000000	0.027180	0.000000	0.027742
0.000000	0.027742	0.000000	0.027595
0.000000	0.027595	0.000000	0.027597
0.000000	0.027597	0.000000	0.028022
0.000000	0.028022	0.000000	0.028030
0.000000	0.028030	0.000000	0.028095
0.000000	0.028095	0.000000	0.027574
0.000000	0.027574	0.000000	0.027280
0.000000	0.027280	0.000000	0.027118
0.000000	0.027118	0.000000	0.027100
0.000000	0.027100	0.000000	0.027247
0.000000	0.027247	0.000000	0.027729
0.000000	0.027729	0.000000	0.027532
0.000000	0.027532	0.000000	0.027333
0.000000	0.027333	0.000000	0.027370
0.000000	0.027370	0.000000	0.027075
0.000000	0.027075	0.000000	0.027469
0.000000	0.027469	0.000000	0.027924
0.000000	0.027924	0.000000	0.027803
0.000000	0.027803	0.000000	0.027987
0.000000	0.027987	0.000000	0.028050
0.000000	0.028050	0.000000	0.028122
0.000000	0.028122	0.000000	0.028581
0.000000	0.028581	0.000000	0.028755
0.000000	0.028755	0.000000	0.029065
0.000000	0.029065	0.000000	0.028879
0.000000	0.028879	0.000000	0.028554
0.000000	0.028554	0.000000	0.028371
0.000000	0.028371	0.000000	0.028441
0.000000	0.028441	0.000000	0.028521
0.000000	0.028521	0.000000	0.028110
0.000000	0.028110	0.000000	0.028248
0.000000	0.028248	0.000000	0.028909
0.000000	0.028909	0.000000	0.028380
0.000000	0.028380	0.000000	0.028913
0.000000	0.028913	0.000000	0.028554
0.000000	0.028554	0.000000	0.028937
0.350122	0.099761	0.055536	0.092168
0.055536	0.092168	0.021374	0.083262
0.021374	0.083262	0.016797	0.079881
0.016797	0.079881	0.015691	0.077578
0.015691	0.077578	0.015632	0.075806
0.015632	0.075806	0.016279	0.075927
0.016279	0.075927	0.016448	0.074496
0.016448	0.074496	0.016286	0.073123
0.016286	0.073123	0.016037	0.071090
0.016037	0.071090	0.015890	0.070443
0.015890	0.070443	0.015797	0.069231
0.015797	0.069231	0.016491	0.069218
0.016491	0.069218	0.016484	0.068184
0.016484	0.068184	0.016504	0.067218
0.016504	0.067218	0.015636	0.066187
0.015636	0.066187	0.015180	0.065554
0.015180	0.065554	0.014526	0.064211
0.014526	0.064211	0.013996	0.063488
0.013996	0.063488	0.013555	0.062571
0.013555	0.062571	0.012596	0.060722
0.012596	0.060722	0.011739	0.059061
0.011739	0.059061	0.010832	0.058161
0.010832	0.058161	0.010275	0.057984
0.010275	0.057984	0.009632	0.056412
0.009632	0.056412	0.008726	0.055360
0.008726	0.055360	0.008194	0.054902
0.008194	0.054902	0.007593	0.054019
0.007593	0.054019	0.006906	0.052888
0.006906	0.052888	0.006627	0.052392
0.006627	0.052392	0.006292	0.051969
0.006292	0.051969	0.005833	0.051759
0.005833	0.051759	0.005456	0.051177
0.005456	0.051177	0.004893	0.050497
0.004893	0.050497	0.004873	0.051170
0.004873	0.051170	0.004578	0.050905
0.004578	0.050905	0.004307	0.049773
0.004307	0.049773	0.003872	0.049196
0.003872	0.049196	0.003571	0.049381
0.003571	0.049381	0.003313	0.048857
0.003313	0.048857	0.003072	0.048404
0.003072	0.048404	0.002695	0.048137
0.002695	0.048137	0.002426	0.047723
0.002426	0.047723	0.002306	0.047805
0.002306	0.047805	0.002170	0.047269
0.002170	0.047269	0.001928	0.046746
0.001928	0.046746	0.001607	0.046383
0.001607	0.046383	0.001540	0.046471
0.001540	0.046471	0.001426	0.046214
0.001426	0.046214	0.001318	0.045949
0.001318	0.045949	0.001335	0.045207
0.001335	0.045207	0.001225	0.045191
0.001225	0.045191	0.001181	0.044799
0.001181	0.044799	0.001137	0.044529
0.001137	0.044529	0.001056	0.044274
0.001056	0.044274	0.000939	0.044120
0.000939	0.044120	0.000871	0.043539
0.000871	0.043539	0.000889	0.043502
0.000889	0.043502	0.000955	0.043872
0.000955	0.043872	0.001031	0.043993
0.001031	0.043993	0.001085	0.043858
0.001085	0.043858	0.001071	0.043870
0.001071	0.043870	0.001039	0.044220
0.001039	0.044220	0.001027	0.044214
0.001027	0.044214	0.001069	0.043699
0.001069	0.043699	0.000980	0.043928
0.000980	0.043928	0.000988	0.044299
0.000988	0.044299	0.000923	0.043684
0.000923	0.043684	0.000963	0.043782
0.000963	0.043782	0.001041	0.043131
0.001041	0.043131	0.001125	0.043029
0.001125	0.043029	0.001185	0.042865
0.001185	0.042865	0.001158	0.042770
0.001158	0.042770	0.001034	0.042420
0.001034	0.042420	0.000950	0.042743
0.000950	0.042743	0.000911	0.042858
0.000911	0.042858	0.000925	0.042940
0.000925	0.042940	0.000861	0.042782
0.000861	0.042782	0.000841	0.042516
0.000841	0.042516	0.000765	0.042433
0.000765	0.042433	0.000694	0.041484
0.000694	0.041484	0.000593	0.041187
0.000593	0.041187	0.000512	0.041086
0.000512	0.041086	0.000419	0.041008
0.000419	0.041008	0.000316	0.040971
0.000316	0.040971	0.000277	0.040761
0.000277	0.040761	0.000212	0.040733
0.000212	0.040733	0.000189	0.041175
0.000189	0.041175	0.000162	0.041335
0.000162	0.041335	0.000139	0.040858
0.000139	0.040858	0.000149	0.041449
0.000149	0.041449	0.000180	0.040827
0.000180	0.040827	0.000142	0.040810
0.000142	0.040810	0.000127	0.040738
0.000127	0.040738	0.000105	0.040564
0.000105	0.040564	0.000111	0.040583
0.000111	0.040583	0.000080	0.040053
0.000080	0.040053	0.000041	0.039677
0.000041	0.039677	0.000036	0.039425
0.000036	0.039425	0.000010	0.039081
0.000010	0.039081	0.000000	0.038806
0.000000	0.038806	0.000000	0.039172
0.000000	0.039172	0.000000	0.039480
0.000000	0.039480	0.000000	0.039385
0.000000	0.039385	0.000000	0.039425
0.000000	0.039425	0.000000	0.039375
0.000000	0.039375	0.000000	0.039182
0.000000	0.039182	0.000000	0.038741
0.000000	0.038741	0.000000	0.038812
0.000000	0.038812	0.000000	0.038368
0.000000	0.038368	0.000000	0.038295
0.000000	0.038295	0.000000	0.038218
0.000000	0.038218	0.000000	0.037667
0.000000	0.037667	0.000000	0.037068
0.000000	0.037068	0.000000	0.037048
0.000000	0.037048	0.000000	0.037045
0.000000	0.037045	0.000000	0.036460
0.000000	0.036460	0.000000	0.036056
0.000000	0.036056	0.000000	0.036100
0.000000	0.036100	0.000000	0.035959
0.000000	0.035959	0.000000	0.036004
0.000000	0.036004	0.000000	0.036240
0.000000	0.036240	0.000000	0.036871
0.000000	0.036871	0.000000	0.036734
0.000000	0.036734	0.000000	0.037081
0.000000	0.037081	0.000000	0.037168
0.000000	0.037168	0.000000	0.037433
0.000000	0.037433	0.000000	0.037643
0.000000	0.037643	0.000000	0.037561
0.000000	0.037561	0.000000	0.037312
0.000000	0.037312	0.000000	0.038397
0.000000	0.038397	0.000000	0.038960
0.000000	0.038960	0.000000	0.038538
0.000000	0.038538	0.000000	0.038682
0.000000	0.038682	0.000000	0.039190
0.000000	0.039190	0.000000	0.038745
0.000000	0.038745	0.000000	0.038808
0.000000	0.038808	0.000000	0.038617
0.000000	0.038617	0.000000	0.038679
0.000000	0.038679	0.000000	0.038254
0.000000	0.038254	0.000000	0.037974
0.000000	0.037974	0.000000	0.038481
0.000000	0.038481	0.000000	0.038624
0.000000	0.038624	0.000000	0.038866
0.000000	0.038866	0.000000	0.038436
0.000000	0.038436	0.000000	0.037915
0.000000	0.037915	0.000000	0.038218
0.000000	0.038218	0.000000	0.038055
0.000000	0.038055	0.000000	0.037188
0.000000	0.037188	0.000000	0.037729
0.000000	0.037729	0.000000	0.037892
0.000000	0.037892	0.000000	0.037906
0.000000	0.037906	0.000000	0.038098
0.000000	0.038098	0.000000	0.038011
0.000000	0.038011	0.000000	0.037906
0.000000	0.037906	0.000000	0.037754
0.000000	0.037754	0.000000	0.037640
0.000000	0.037640	0.000000	0.037094
0.000000	0.037094	0.000000	0.037614
0.000000	0.037614	0.000000	0.037681
0.000000	0.037681	0.000000	0.037870
0.000000	0.037870	0.000000	0.038171
0.000000	0.038171	0.000000	0.037599
0.000000	0.037599	0.000000	0.037750
0.000000	0.037750	0.000000	0.037681
0.000000	0.037681	0.000000	0.037929
0.000000	0.037929	0.000000	0.037608
0.000000	0.037608	0.000000	0.037434
0.000000	0.037434	0.000000	0.037862
0.000000	0.037862	0.000000	0.038031
0.000000	0.038031	0.000000	0.038078
0.000000	0.038078	0.000000	0.037945
0.000000	0.037945	0.000000	0.037060
0.000000	0.037060	0.000000	0.036744
0.000000	0.036744	0.000000	0.036754
0.000000	0.036754	0.000000	0.036621
0.000000	0.036621	0.000000	0.036569
0.000000	0.036569	0.000000	0.036428
0.000000	0.036428	0.000000	0.036060
0.000000	0.036060	0.000000	0.035915
0.000000	0.035915	0.000000	0.035201
0.000000	0.035201	0.000000	0.035836
0.000000	0.035836	0.000000	0.035682
0.000000	0.035682	0.000000	0.035651
0.000000	0.035651	0.000000	0.035697
0.000000	0.035697	0.000000	0.036198
0.000000	0.036198	0.000000	0.036009
0.000000	0.036009	0.000000	0.035298
0.000000	0.035298	0.000000	0.035393
0.000000	0.035393	0.000000	0.035418
0.000000	0.035418	0.000000	0.035398
0.000000	0.035398	0.000000	0.035343
0.000000	0.035343	0.000000	0.035568
0.000000	0.035568	0.000000	0.035632
0.000000	0.035632	0.000000	0.035714
0.000000	0.035714	0.000000	0.035812
0.000000	0.035812	0.000000	0.035773
0.000000	0.035773	0.000000	0.036149
0.000000	0.036149	0.000000	0.036921
0.000000	0.036921	0.000000	0.036983
0.349723	0.050117	0.027432	0.045896
0.027432	0.045896	0.005540	0.041368
0.005540	0.041368	0.003177	0.040106
0.003177	0.040106	0.002585	0.039020
0.002585	0.039020	0.002165	0.038389
0.002165	0.038389	0.002080	0.038050
0.002080	0.038050	0.001974	0.037907
0.001974	0.037907	0.001884	0.037921
0.001884	0.037921	0.001736	0.037738
0.001736	0.037738	0.001830	0.037721
0.001830	0.037721	0.001900	0.037682
0.001900	0.037682	0.001894	0.037858
0.001894	0.037858	0.001799	0.037439
0.001799	0.037439	0.001636	0.037001
0.001636	0.037001	0.001574	0.037125
0.001574	0.037125	0.001462	0.036611
0.001462	0.036611	0.001442	0.036490
0.001442	0.036490	0.001415	0.036261
0.001415	0.036261	0.001252	0.035748
0.001252	0.035748	0.001207	0.035699
0.001207	0.035699	0.001066	0.036036
0.001066	0.036036	0.001012	0.035772
0.001012	0.035772	0.000981	0.036101
0.000981	0.036101	0.000951	0.035223
0.000951	0.035223	0.000912	0.035780
0.000912	0.035780	0.000802	0.035748
0.000802	0.035748	0.000822	0.035578
0.000822	0.035578	0.000757	0.035882
0.000757	0.035882	0.000729	0.035500
0.000729	0.035500	0.000625	0.035810
0.000625	0.035810	0.000559	0.035767
0.000559	0.035767	0.000520	0.035930
0.000520	0.035930	0.000475	0.036023
0.000475	0.036023	0.000447	0.036190
0.000447	0.036190	0.000428	0.036118
0.000428	0.036118	0.000367	0.035447
0.000367	0.035447	0.000314	0.035070
0.000314	0.035070	0.000301	0.034902
0.000301	0.034902	0.000236	0.034801
0.000236	0.034801	0.000195	0.034707
0.000195	0.034707	0.000175	0.034529
0.000175	0.034529	0.000170	0.034108
0.000170	0.034108	0.000120	0.033828
0.000120	0.033828	0.000086	0.033280
0.000086	0.033280	0.000078	0.033571
0.000078	0.033571	0.000057	0.033404
0.000057	0.033404	0.000081	0.033728
0.000081	0.033728	0.000073	0.034315
0.000073	0.034315	0.000040	0.034231
0.000040	0.034231	0.000019	0.033794
0.000019	0.033794	0.000000	0.034066
0.000000	0.034066	0.000000	0.034450
0.000000	0.034450	0.000000	0.034388
0.000000	0.034388	0.000000	0.035279
0.000000	0.035279	0.000000	0.034955
0.000000	0.034955	0.000000	0.034271
0.000000	0.034271	0.000000	0.034432
0.000000	0.034432	0.000000	0.034128
0.000000	0.034128	0.000000	0.034084
0.000000	0.034084	0.000000	0.033553
0.000000	0.033553	0.000000	0.033606
0.000000	0.033606	0.000000	0.034043
0.000000	0.034043	0.000000	0.033951
0.000000	0.033951	0.000000	0.033453
0.000000	0.033453	0.000000	0.033879
0.000000	0.033879	0.000000	0.033708
0.000000	0.033708	0.000000	0.033878
0.000000	0.033878	0.000000	0.034431
0.000000	0.034431	0.000000	0.034231
0.000000	0.034231	0.000000	0.034268
0.000000	0.034268	0.000000	0.034259
0.000000	0.034259	0.000000	0.033998
0.000000	0.033998	0.000000	0.033686
0.000000	0.033686	0.000000	0.033542
0.000000	0.033542	0.000000	0.033420
0.000000	0.033420	0.000000	0.032858
0.000000	0.032858	0.000000	0.032505
0.000000	0.032505	0.000000	0.031512
0.000000	0.031512	0.000000	0.031625
0.000000	0.031625	0.000000	0.031193
0.000000	0.031193	0.000000	0.031182
0.000000	0.031182	0.000000	0.031340
0.000000	0.031340	0.000000	0.031047
0.000000	0.031047	0.000000	0.030971
0.000000	0.030971	0.000000	0.030752
0.000000	0.030752	0.000000	0.030476
0.000000	0.030476	0.000000	0.030639
0.000000	0.030639	0.000000	0.030432
0.000000	0.030432	0.000000	0.030097
0.000000	0.030097	0.000000	0.030663
0.000000	0.030663	0.000000	0.030690
0.000000	0.030690	0.000000	0.030324
0.000000	0.030324	0.000000	0.030748
0.000000	0.030748	0.000000	0.030602
0.000000	0.030602	0.000000	0.030905
0.000000	0.030905	0.000000	0.030327
0.000000	0.030327	0.000000	0.030964
0.000000	0.030964	0.000000	0.030909
0.000000	0.030909	0.000000	0.030787
0.000000	0.030787	0.000000	0.030810
0.000000	0.030810	0.000000	0.030958
0.000000	0.030958	0.000000	0.031135
0.000000	0.031135	0.000000	0.030831
0.000000	0.030831	0.000000	0.031238
0.000000	0.031238	0.000000	0.031180
0.000000	0.031180	0.000000	0.031337
0.000000	0.031337	0.000000	0.031281
0.000000	0.031281	0.000000	0.031351
0.000000	0.031351	0.000000	0.031608
0.000000	0.031608	0.000000	0.031655
0.000000	0.031655	0.000000	0.031576
0.000000	0.031576	0.000000	0.031602
0.000000	0.031602	0.000000	0.031357
0.000000	0.031357	0.000000	0.031560
0.000000	0.031560	0.000000	0.031610
0.000000	0.031610	0.000000	0.031458
0.000000	0.031458	0.000000	0.030575
0.000000	0.030575	0.000000	0.031096
0.000000	0.031096	0.000000	0.031074
0.000000	0.031074	0.000000	0.031052
0.000000	0.031052	0.000000	0.030524
0.000000	0.030524	0.000000	0.030920
0.000000	0.030920	0.000000	0.030910
0.000000	0.030910	0.000000	0.030730
0.000000	0.030730	0.000000	0.030813
0.000000	0.030813	0.000000	0.031200
0.000000	0.031200	0.000000	0.030868
0.000000	0.030868	0.000000	0.030519
0.000000	0.030519	0.000000	0.030454
0.000000	0.030454	0.000000	0.030524
0.000000	0.030524	0.000000	0.030582
0.000000	0.030582	0.000000	0.031175
0.000000	0.031175	0.000000	0.030800
0.000000	0.030800	0.000000	0.031355
0.000000	0.031355	0.000000	0.031373
0.000000	0.031373	0.000000	0.031128
0.000000	0.031128	0.000000	0.031067
0.000000	0.031067	0.000000	0.030733
0.000000	0.030733	0.000000	0.030769
0.000000	0.030769	0.000000	0.030488
0.000000	0.030488	0.000000	0.030360
0.000000	0.030360	0.000000	0.029843
0.000000	0.029843	0.000000	0.030167
0.000000	0.030167	0.000000	0.030093
0.000000	0.030093	0.000000	0.030003
0.000000	0.030003	0.000000	0.030468
0.000000	0.030468	0.000000	0.030722
0.000000	0.030722	0.000000	0.031680
0.000000	0.031680	0.000000	0.031196
0.000000	0.031196	0.000000	0.030619
0.000000	0.030619	0.000000	0.030964
0.000000	0.030964	0.000000	0.031562
0.000000	0.031562	0.000000	0.031694
0.000000	0.031694	0.000000	0.031454
0.000000	0.031454	0.000000	0.031132
0.000000	0.031132	0.000000	0.031376
0.000000	0.031376	0.000000	0.031628
0.000000	0.031628	0.000000	0.031075
0.000000	0.031075	0.000000	0.030633
0.000000	0.030633	0.000000	0.030935
0.000000	0.030935	0.000000	0.031379
0.000000	0.031379	0.000000	0.031575
0.000000	0.031575	0.000000	0.031637
0.000000	0.031637	0.000000	0.031547
0.000000	0.031547	0.000000	0.031474
0.000000	0.031474	0.000000	0.031864
0.000000	0.031864	0.000000	0.032585
0.000000	0.032585	0.000000	0.032544
0.000000	0.032544	0.000000	0.032592
0.000000	0.032592	0.000000	0.032754
0.000000	0.032754	0.000000	0.032249
0.000000	0.032249	0.000000	0.031858
0.000000	0.031858	0.000000	0.031941
0.000000	0.031941	0.000000	0.032015
0.000000	0.032015	0.000000	0.032140
0.000000	0.032140	0.000000	0.032402
0.000000	0.032402	0.000000	0.032251
0.000000	0.032251	0.000000	0.032698
0.000000	0.032698	0.000000	0.032516
0.000000	0.032516	0.000000	0.032607
0.000000	0.032607	0.000000	0.032931
0.000000	0.032931	0.000000	0.032439
0.000000	0.032439	0.000000	0.032659
0.000000	0.032659	0.000000	0.032482
0.000000	0.032482	0.000000	0.032709
0.000000	0.032709	0.000000	0.032223
0.000000	0.032223	0.000000	0.032543
0.000000	0.032543	0.000000	0.032363
0.000000	0.032363	0.000000	0.032310
0.000000	0.032310	0.000000	0.032266
0.000000	0.032266	0.000000	0.031833
0.000000	0.031833	0.000000	0.031804
0.000000	0.031804	0.000000	0.031456
0.000000	0.031456	0.000000	0.031074
0.000000	0.031074	0.000000	0.031722
0.000000	0.031722	0.000000	0.031805
0.000000	0.031805	0.000000	0.032419
0.000000	0.032419	0.000000	0.032326
0.000000	0.032326	0.000000	0.032480
