0.299422	0.100076	0.210578	0.102505
0.210578	0.102505	0.189080	0.125645
0.189080	0.125645	0.215510	0.174541
0.215510	0.174541	0.282515	0.251548
0.282515	0.251548	0.376453	0.348652
0.376453	0.348652	0.486267	0.459525
0.486267	0.459525	0.597623	0.571090
0.597623	0.571090	0.701438	0.674769
0.701438	0.674769	0.789416	0.762738
0.789416	0.762738	0.856612	0.829933
0.856612	0.829933	0.906153	0.879380
0.906153	0.879380	0.940755	0.914099
0.940755	0.914099	0.964095	0.936997
0.964095	0.936997	0.979293	0.952019
0.979293	0.952019	0.988308	0.961028
0.988308	0.961028	0.993695	0.966502
0.993695	0.966502	0.996842	0.969771
0.996842	0.969771	0.998310	0.971140
0.998310	0.971140	0.999143	0.971505
0.999143	0.971505	0.999557	0.972513
0.999557	0.972513	0.999815	0.973129
0.999815	0.973129	0.999895	0.973256
0.999895	0.973256	0.999954	0.973453
0.999954	0.973453	0.999984	0.973595
0.999984	0.973595	0.999995	0.973890
0.999995	0.973890	1.000000	0.974101
1.000000	0.974101	1.000000	0.974220
1.000000	0.974220	1.000000	0.974421
1.000000	0.974421	1.000000	0.974653
1.000000	0.974653	1.000000	0.974507
1.000000	0.974507	1.000000	0.974566
1.000000	0.974566	1.000000	0.974373
1.000000	0.974373	1.000000	0.974327
1.000000	0.974327	1.000000	0.974676
1.000000	0.974676	1.000000	0.974634
1.000000	0.974634	1.000000	0.974505
1.000000	0.974505	1.000000	0.975002
1.000000	0.975002	1.000000	0.975229
1.000000	0.975229	1.000000	0.975266
1.000000	0.975266	1.000000	0.974656
1.000000	0.974656	1.000000	0.974612
1.000000	0.974612	1.000000	0.974423
1.000000	0.974423	1.000000	0.974741
1.000000	0.974741	1.000000	0.974655
1.000000	0.974655	1.000000	0.974471
1.000000	0.974471	1.000000	0.974171
1.000000	0.974171	1.000000	0.974281
1.000000	0.974281	1.000000	0.974399
1.000000	0.974399	1.000000	0.974590
1.000000	0.974590	1.000000	0.974963
1.000000	0.974963	1.000000	0.974667
1.000000	0.974667	1.000000	0.974516
1.000000	0.974516	1.000000	0.974276
1.000000	0.974276	1.000000	0.973853
1.000000	0.973853	1.000000	0.973496
1.000000	0.973496	1.000000	0.973534
1.000000	0.973534	1.000000	0.973647
1.000000	0.973647	1.000000	0.974017
1.000000	0.974017	1.000000	0.974132
1.000000	0.974132	1.000000	0.973682
1.000000	0.973682	1.000000	0.973884
1.000000	0.973884	1.000000	0.973874
1.000000	0.973874	1.000000	0.973978
1.000000	0.973978	1.000000	0.973876
1.000000	0.973876	1.000000	0.973412
1.000000	0.973412	1.000000	0.973520
1.000000	0.973520	1.000000	0.973664
1.000000	0.973664	1.000000	0.973585
1.000000	0.973585	1.000000	0.973538
1.000000	0.973538	1.000000	0.973367
1.000000	0.973367	1.000000	0.973392
1.000000	0.973392	1.000000	0.973840
1.000000	0.973840	1.000000	0.974317
1.000000	0.974317	1.000000	0.974054
1.000000	0.974054	1.000000	0.973664
1.000000	0.973664	1.000000	0.973364
1.000000	0.973364	1.000000	0.972992
1.000000	0.972992	1.000000	0.972994
1.000000	0.972994	1.000000	0.973492
1.000000	0.973492	1.000000	0.973687
1.000000	0.973687	1.000000	0.973548
1.000000	0.973548	1.000000	0.973991
1.000000	0.973991	1.000000	0.973983
1.000000	0.973983	1.000000	0.973845
1.000000	0.973845	1.000000	0.974188
1.000000	0.974188	1.000000	0.974039
1.000000	0.974039	1.000000	0.973855
1.000000	0.973855	1.000000	0.973135
1.000000	0.973135	1.000000	0.972564
1.000000	0.972564	1.000000	0.972824
1.000000	0.972824	1.000000	0.973634
1.000000	0.973634	1.000000	0.973542
1.000000	0.973542	1.000000	0.973731
1.000000	0.973731	1.000000	0.973946
1.000000	0.973946	1.000000	0.974398
1.000000	0.974398	1.000000	0.974659
1.000000	0.974659	1.000000	0.974561
1.000000	0.974561	1.000000	0.974168
1.000000	0.974168	1.000000	0.974222
1.000000	0.974222	1.000000	0.974172
1.000000	0.974172	1.000000	0.974844
1.000000	0.974844	1.000000	0.974165
1.000000	0.974165	1.000000	0.974107
1.000000	0.974107	1.000000	0.974140
1.000000	0.974140	1.000000	0.973771
1.000000	0.973771	1.000000	0.973777
1.000000	0.973777	1.000000	0.973741
1.000000	0.973741	1.000000	0.973692
1.000000	0.973692	1.000000	0.973939
1.000000	0.973939	1.000000	0.974076
1.000000	0.974076	1.000000	0.973993
1.000000	0.973993	1.000000	0.974087
1.000000	0.974087	1.000000	0.973984
1.000000	0.973984	1.000000	0.974383
1.000000	0.974383	1.000000	0.974672
1.000000	0.974672	1.000000	0.974493
1.000000	0.974493	1.000000	0.974692
1.000000	0.974692	1.000000	0.974612
1.000000	0.974612	1.000000	0.974609
1.000000	0.974609	1.000000	0.974869
1.000000	0.974869	1.000000	0.975322
1.000000	0.975322	1.000000	0.975565
1.000000	0.975565	1.000000	0.975591
1.000000	0.975591	1.000000	0.975497
1.000000	0.975497	1.000000	0.975309
1.000000	0.975309	1.000000	0.975216
1.000000	0.975216	1.000000	0.974522
1.000000	0.974522	1.000000	0.974529
1.000000	0.974529	1.000000	0.973572
1.000000	0.973572	1.000000	0.973759
1.000000	0.973759	1.000000	0.973164
1.000000	0.973164	1.000000	0.973139
1.000000	0.973139	1.000000	0.972993
1.000000	0.972993	1.000000	0.973218
1.000000	0.973218	1.000000	0.972992
1.000000	0.972992	1.000000	0.973140
1.000000	0.973140	1.000000	0.972940
1.000000	0.972940	1.000000	0.973397
1.000000	0.973397	1.000000	0.973694
1.000000	0.973694	1.000000	0.973527
1.000000	0.973527	1.000000	0.973788
1.000000	0.973788	1.000000	0.973834
1.000000	0.973834	1.000000	0.973779
1.000000	0.973779	1.000000	0.973736
1.000000	0.973736	1.000000	0.973474
1.000000	0.973474	1.000000	0.973305
1.000000	0.973305	1.000000	0.972653
1.000000	0.972653	1.000000	0.972532
1.000000	0.972532	1.000000	0.972322
1.000000	0.972322	1.000000	0.972790
1.000000	0.972790	1.000000	0.972485
1.000000	0.972485	1.000000	0.972973
1.000000	0.972973	1.000000	0.973103
1.000000	0.973103	1.000000	0.973335
1.000000	0.973335	1.000000	0.973110
1.000000	0.973110	1.000000	0.973107
1.000000	0.973107	1.000000	0.973182
1.000000	0.973182	1.000000	0.973458
1.000000	0.973458	1.000000	0.973692
1.000000	0.973692	1.000000	0.973436
1.000000	0.973436	1.000000	0.973474
1.000000	0.973474	1.000000	0.973456
1.000000	0.973456	1.000000	0.973693
1.000000	0.973693	1.000000	0.973810
1.000000	0.973810	1.000000	0.974619
1.000000	0.974619	1.000000	0.974373
1.000000	0.974373	1.000000	0.974150
1.000000	0.974150	1.000000	0.974317
1.000000	0.974317	1.000000	0.974814
1.000000	0.974814	1.000000	0.974490
1.000000	0.974490	1.000000	0.974907
1.000000	0.974907	1.000000	0.974853
1.000000	0.974853	1.000000	0.974916
1.000000	0.974916	1.000000	0.974940
1.000000	0.974940	1.000000	0.975355
1.000000	0.975355	1.000000	0.975614
1.000000	0.975614	1.000000	0.975885
1.000000	0.975885	1.000000	0.975966
1.000000	0.975966	1.000000	0.975905
1.000000	0.975905	1.000000	0.975331
1.000000	0.975331	1.000000	0.975542
1.000000	0.975542	1.000000	0.975103
1.000000	0.975103	1.000000	0.974976
1.000000	0.974976	1.000000	0.974763
1.000000	0.974763	1.000000	0.974438
1.000000	0.974438	1.000000	0.974022
1.000000	0.974022	1.000000	0.974021
1.000000	0.974021	1.000000	0.974237
1.000000	0.974237	1.000000	0.974473
1.000000	0.974473	1.000000	0.974452
1.000000	0.974452	1.000000	0.974653
1.000000	0.974653	1.000000	0.974417
1.000000	0.974417	1.000000	0.974362
1.000000	0.974362	1.000000	0.974638
1.000000	0.974638	1.000000	0.975072
1.000000	0.975072	1.000000	0.975132
1.000000	0.975132	1.000000	0.975246
1.000000	0.975246	1.000000	0.975543
1.000000	0.975543	1.000000	0.975859
0.300954	0.200339	0.342383	0.208630
0.342383	0.208630	0.384836	0.253163
0.384836	0.253163	0.451392	0.333775
0.451392	0.333775	0.542107	0.437633
0.542107	0.437633	0.646523	0.551602
0.646523	0.551602	0.747977	0.658318
0.747977	0.658318	0.833551	0.747593
0.833551	0.747593	0.898424	0.815042
0.898424	0.815042	0.941891	0.860650
0.941891	0.860650	0.969132	0.888590
0.969132	0.888590	0.984421	0.904334
0.984421	0.904334	0.992588	0.912460
0.992588	0.912460	0.996293	0.916910
0.996293	0.916910	0.998097	0.919036
0.998097	0.919036	0.998894	0.919651
0.998894	0.919651	0.999403	0.921068
0.999403	0.921068	0.999665	0.921357
0.999665	0.921357	0.999794	0.921870
0.999794	0.921870	0.999823	0.921866
0.999823	0.921866	0.999848	0.922389
0.999848	0.922389	0.999915	0.922216
0.999915	0.922216	0.999964	0.922577
0.999964	0.922577	0.999991	0.922521
0.999991	0.922521	0.999995	0.923530
0.999995	0.923530	0.999999	0.922865
0.999999	0.922865	1.000000	0.922480
1.000000	0.922480	1.000000	0.922460
1.000000	0.922460	1.000000	0.922614
1.000000	0.922614	1.000000	0.922366
1.000000	0.922366	1.000000	0.923166
1.000000	0.923166	1.000000	0.922811
1.000000	0.922811	1.000000	0.924131
1.000000	0.924131	1.000000	0.924697
1.000000	0.924697	1.000000	0.924904
1.000000	0.924904	1.000000	0.924599
1.000000	0.924599	1.000000	0.925107
1.000000	0.925107	1.000000	0.925627
1.000000	0.925627	1.000000	0.924752
1.000000	0.924752	1.000000	0.924964
1.000000	0.924964	1.000000	0.925023
1.000000	0.925023	1.000000	0.925128
1.000000	0.925128	1.000000	0.925737
1.000000	0.925737	1.000000	0.925813
1.000000	0.925813	1.000000	0.926146
1.000000	0.926146	1.000000	0.925632
1.000000	0.925632	1.000000	0.924977
1.000000	0.924977	1.000000	0.925083
1.000000	0.925083	1.000000	0.924990
1.000000	0.924990	1.000000	0.924033
1.000000	0.924033	1.000000	0.924117
1.000000	0.924117	1.000000	0.924209
1.000000	0.924209	1.000000	0.924788
1.000000	0.924788	1.000000	0.925022
1.000000	0.925022	1.000000	0.924700
1.000000	0.924700	1.000000	0.925632
1.000000	0.925632	1.000000	0.925366
1.000000	0.925366	1.000000	0.924871
1.000000	0.924871	1.000000	0.925044
1.000000	0.925044	1.000000	0.924734
1.000000	0.924734	1.000000	0.923659
1.000000	0.923659	1.000000	0.923756
1.000000	0.923756	1.000000	0.923010
1.000000	0.923010	1.000000	0.923532
1.000000	0.923532	1.000000	0.922777
1.000000	0.922777	1.000000	0.922585
1.000000	0.922585	1.000000	0.922172
1.000000	0.922172	1.000000	0.922390
1.000000	0.922390	1.000000	0.922313
1.000000	0.922313	1.000000	0.922157
1.000000	0.922157	1.000000	0.922316
1.000000	0.922316	1.000000	0.922166
1.000000	0.922166	1.000000	0.921699
1.000000	0.921699	1.000000	0.921644
1.000000	0.921644	1.000000	0.920756
1.000000	0.920756	1.000000	0.921172
1.000000	0.921172	1.000000	0.921558
1.000000	0.921558	1.000000	0.921210
1.000000	0.921210	1.000000	0.920931
1.000000	0.920931	1.000000	0.921630
1.000000	0.921630	1.000000	0.921987
1.000000	0.921987	1.000000	0.921890
1.000000	0.921890	1.000000	0.922355
1.000000	0.922355	1.000000	0.921578
1.000000	0.921578	1.000000	0.922089
1.000000	0.922089	1.000000	0.922420
1.000000	0.922420	1.000000	0.922507
1.000000	0.922507	1.000000	0.922686
1.000000	0.922686	1.000000	0.923147
1.000000	0.923147	1.000000	0.924054
1.000000	0.924054	1.000000	0.923678
1.000000	0.923678	1.000000	0.923836
1.000000	0.923836	1.000000	0.923651
1.000000	0.923651	1.000000	0.923937
1.000000	0.923937	1.000000	0.924350
1.000000	0.924350	1.000000	0.924572
1.000000	0.924572	1.000000	0.924957
1.000000	0.924957	1.000000	0.923264
1.000000	0.923264	1.000000	0.922870
1.000000	0.922870	1.000000	0.923011
1.000000	0.923011	1.000000	0.923078
1.000000	0.923078	1.000000	0.922960
1.000000	0.922960	1.000000	0.922780
1.000000	0.922780	1.000000	0.922677
1.000000	0.922677	1.000000	0.922435
1.000000	0.922435	1.000000	0.922671
1.000000	0.922671	1.000000	0.922618
1.000000	0.922618	1.000000	0.922559
1.000000	0.922559	1.000000	0.922830
1.000000	0.922830	1.000000	0.922610
1.000000	0.922610	1.000000	0.922680
1.000000	0.922680	1.000000	0.922851
1.000000	0.922851	1.000000	0.923255
1.000000	0.923255	1.000000	0.923621
1.000000	0.923621	1.000000	0.924406
1.000000	0.924406	1.000000	0.924756
1.000000	0.924756	1.000000	0.924912
1.000000	0.924912	1.000000	0.924114
1.000000	0.924114	1.000000	0.923973
1.000000	0.923973	1.000000	0.924195
1.000000	0.924195	1.000000	0.923959
1.000000	0.923959	1.000000	0.923829
1.000000	0.923829	1.000000	0.923980
1.000000	0.923980	1.000000	0.924040
1.000000	0.924040	1.000000	0.924557
1.000000	0.924557	1.000000	0.925173
1.000000	0.925173	1.000000	0.925400
1.000000	0.925400	1.000000	0.925142
1.000000	0.925142	1.000000	0.925275
1.000000	0.925275	1.000000	0.925521
1.000000	0.925521	1.000000	0.925344
1.000000	0.925344	1.000000	0.924916
1.000000	0.924916	1.000000	0.924578
1.000000	0.924578	1.000000	0.924459
1.000000	0.924459	1.000000	0.925001
1.000000	0.925001	1.000000	0.924488
1.000000	0.924488	1.000000	0.924677
1.000000	0.924677	1.000000	0.925233
1.000000	0.925233	1.000000	0.925793
1.000000	0.925793	1.000000	0.925736
1.000000	0.925736	1.000000	0.926446
1.000000	0.926446	1.000000	0.924909
1.000000	0.924909	1.000000	0.925684
1.000000	0.925684	1.000000	0.924816
1.000000	0.924816	1.000000	0.924837
1.000000	0.924837	1.000000	0.925336
1.000000	0.925336	1.000000	0.925528
1.000000	0.925528	1.000000	0.925021
1.000000	0.925021	1.000000	0.924902
1.000000	0.924902	1.000000	0.923835
1.000000	0.923835	1.000000	0.923678
1.000000	0.923678	1.000000	0.924098
1.000000	0.924098	1.000000	0.922877
1.000000	0.922877	1.000000	0.923243
1.000000	0.923243	1.000000	0.923705
1.000000	0.923705	1.000000	0.923511
1.000000	0.923511	1.000000	0.923689
1.000000	0.923689	1.000000	0.923383
1.000000	0.923383	1.000000	0.924073
1.000000	0.924073	1.000000	0.923630
1.000000	0.923630	1.000000	0.923508
1.000000	0.923508	1.000000	0.922430
1.000000	0.922430	1.000000	0.922563
1.000000	0.922563	1.000000	0.922402
1.000000	0.922402	1.000000	0.923171
1.000000	0.923171	1.000000	0.923119
1.000000	0.923119	1.000000	0.923662
1.000000	0.923662	1.000000	0.923731
1.000000	0.923731	1.000000	0.923259
1.000000	0.923259	1.000000	0.922982
1.000000	0.922982	1.000000	0.922809
1.000000	0.922809	1.000000	0.922872
1.000000	0.922872	1.000000	0.922572
1.000000	0.922572	1.000000	0.922169
1.000000	0.922169	1.000000	0.922212
1.000000	0.922212	1.000000	0.922288
1.000000	0.922288	1.000000	0.922402
1.000000	0.922402	1.000000	0.922464
1.000000	0.922464	1.000000	0.922505
1.000000	0.922505	1.000000	0.921914
1.000000	0.921914	1.000000	0.921978
1.000000	0.921978	1.000000	0.922704
1.000000	0.922704	1.000000	0.923608
1.000000	0.923608	1.000000	0.923699
1.000000	0.923699	1.000000	0.923327
1.000000	0.923327	1.000000	0.922916
1.000000	0.922916	1.000000	0.922959
1.000000	0.922959	1.000000	0.922907
1.000000	0.922907	1.000000	0.922708
1.000000	0.922708	1.000000	0.922958
1.000000	0.922958	1.000000	0.922910
1.000000	0.922910	1.000000	0.922960
1.000000	0.922960	1.000000	0.922398
1.000000	0.922398	1.000000	0.922950
1.000000	0.922950	1.000000	0.922078
1.000000	0.922078	1.000000	0.922157
1.000000	0.922157	1.000000	0.922636
1.000000	0.922636	1.000000	0.921641
1.000000	0.921641	1.000000	0.922557
1.000000	0.922557	1.000000	0.923765
0.300258	0.299918	0.477182	0.318608
0.477182	0.318608	0.577307	0.375891
0.577307	0.375891	0.650390	0.453320
0.650390	0.453320	0.722422	0.539608
0.722422	0.539608	0.789667	0.620767
0.789667	0.620767	0.849123	0.690186
0.849123	0.690186	0.897576	0.745031
0.897576	0.745031	0.934737	0.786127
0.934737	0.786127	0.959772	0.813894
0.959772	0.813894	0.976249	0.831787
0.976249	0.831787	0.986067	0.842556
0.986067	0.842556	0.991798	0.849131
0.991798	0.849131	0.995077	0.854029
0.995077	0.854029	0.997068	0.857219
0.997068	0.857219	0.998052	0.858366
0.998052	0.858366	0.998707	0.857359
0.998707	0.857359	0.999053	0.857238
0.999053	0.857238	0.999246	0.856704
0.999246	0.856704	0.999402	0.856107
0.999402	0.856107	0.999581	0.855219
0.999581	0.855219	0.999754	0.855010
0.999754	0.855010	0.999862	0.854298
0.999862	0.854298	0.999894	0.853562
0.999894	0.853562	0.999927	0.853345
0.999927	0.853345	0.999955	0.853471
0.999955	0.853471	0.999957	0.853331
0.999957	0.853331	0.999987	0.853746
0.999987	0.853746	0.999992	0.853649
0.999992	0.853649	0.999999	0.852780
0.999999	0.852780	1.000000	0.853143
1.000000	0.853143	1.000000	0.853299
1.000000	0.853299	1.000000	0.853404
1.000000	0.853404	1.000000	0.854291
1.000000	0.854291	1.000000	0.852606
1.000000	0.852606	1.000000	0.851490
1.000000	0.851490	1.000000	0.851975
1.000000	0.851975	1.000000	0.852538
1.000000	0.852538	1.000000	0.852270
1.000000	0.852270	1.000000	0.851446
1.000000	0.851446	1.000000	0.851855
1.000000	0.851855	1.000000	0.850869
1.000000	0.850869	1.000000	0.851315
1.000000	0.851315	1.000000	0.852026
1.000000	0.852026	1.000000	0.853410
1.000000	0.853410	1.000000	0.853979
1.000000	0.853979	1.000000	0.855297
1.000000	0.855297	1.000000	0.855804
1.000000	0.855804	1.000000	0.855300
1.000000	0.855300	1.000000	0.855467
1.000000	0.855467	1.000000	0.855504
1.000000	0.855504	1.000000	0.854317
1.000000	0.854317	1.000000	0.853605
1.000000	0.853605	1.000000	0.854374
1.000000	0.854374	1.000000	0.855374
1.000000	0.855374	1.000000	0.856024
1.000000	0.856024	1.000000	0.855352
1.000000	0.855352	1.000000	0.854801
1.000000	0.854801	1.000000	0.855066
1.000000	0.855066	1.000000	0.854384
1.000000	0.854384	1.000000	0.854037
1.000000	0.854037	1.000000	0.854128
1.000000	0.854128	1.000000	0.853724
1.000000	0.853724	1.000000	0.854614
1.000000	0.854614	1.000000	0.855287
1.000000	0.855287	1.000000	0.856107
1.000000	0.856107	1.000000	0.855604
1.000000	0.855604	1.000000	0.855097
1.000000	0.855097	1.000000	0.855020
1.000000	0.855020	1.000000	0.854592
1.000000	0.854592	1.000000	0.854064
1.000000	0.854064	1.000000	0.854383
1.000000	0.854383	1.000000	0.855047
1.000000	0.855047	1.000000	0.854676
1.000000	0.854676	1.000000	0.855670
1.000000	0.855670	1.000000	0.853821
1.000000	0.853821	1.000000	0.853253
1.000000	0.853253	1.000000	0.854117
1.000000	0.854117	1.000000	0.853737
1.000000	0.853737	1.000000	0.853761
1.000000	0.853761	1.000000	0.854639
1.000000	0.854639	1.000000	0.856208
1.000000	0.856208	1.000000	0.855713
1.000000	0.855713	1.000000	0.855434
1.000000	0.855434	1.000000	0.855515
1.000000	0.855515	1.000000	0.855640
1.000000	0.855640	1.000000	0.854932
1.000000	0.854932	1.000000	0.854187
1.000000	0.854187	1.000000	0.854082
1.000000	0.854082	1.000000	0.853354
1.000000	0.853354	1.000000	0.854014
1.000000	0.854014	1.000000	0.852720
1.000000	0.852720	1.000000	0.852822
1.000000	0.852822	1.000000	0.851612
1.000000	0.851612	1.000000	0.851613
1.000000	0.851613	1.000000	0.850526
1.000000	0.850526	1.000000	0.849882
1.000000	0.849882	1.000000	0.851132
1.000000	0.851132	1.000000	0.851007
1.000000	0.851007	1.000000	0.850331
1.000000	0.850331	1.000000	0.850583
1.000000	0.850583	1.000000	0.852078
1.000000	0.852078	1.000000	0.852812
1.000000	0.852812	1.000000	0.852954
1.000000	0.852954	1.000000	0.853142
1.000000	0.853142	1.000000	0.853575
1.000000	0.853575	1.000000	0.853887
1.000000	0.853887	1.000000	0.853358
1.000000	0.853358	1.000000	0.854168
1.000000	0.854168	1.000000	0.854230
1.000000	0.854230	1.000000	0.853962
1.000000	0.853962	1.000000	0.855441
1.000000	0.855441	1.000000	0.856258
1.000000	0.856258	1.000000	0.856715
1.000000	0.856715	1.000000	0.856855
1.000000	0.856855	1.000000	0.856209
1.000000	0.856209	1.000000	0.856739
1.000000	0.856739	1.000000	0.856325
1.000000	0.856325	1.000000	0.855771
1.000000	0.855771	1.000000	0.854873
1.000000	0.854873	1.000000	0.853659
1.000000	0.853659	1.000000	0.853430
1.000000	0.853430	1.000000	0.854102
1.000000	0.854102	1.000000	0.854049
1.000000	0.854049	1.000000	0.853781
1.000000	0.853781	1.000000	0.854539
1.000000	0.854539	1.000000	0.854591
1.000000	0.854591	1.000000	0.854494
1.000000	0.854494	1.000000	0.854057
1.000000	0.854057	1.000000	0.854480
1.000000	0.854480	1.000000	0.854621
1.000000	0.854621	1.000000	0.853848
1.000000	0.853848	1.000000	0.854288
1.000000	0.854288	1.000000	0.854825
1.000000	0.854825	1.000000	0.855076
1.000000	0.855076	1.000000	0.855760
1.000000	0.855760	1.000000	0.854988
1.000000	0.854988	1.000000	0.855334
1.000000	0.855334	1.000000	0.855431
1.000000	0.855431	1.000000	0.855248
1.000000	0.855248	1.000000	0.855201
1.000000	0.855201	1.000000	0.856441
1.000000	0.856441	1.000000	0.856418
1.000000	0.856418	1.000000	0.855359
1.000000	0.855359	1.000000	0.855034
1.000000	0.855034	1.000000	0.855322
1.000000	0.855322	1.000000	0.855536
1.000000	0.855536	1.000000	0.855754
1.000000	0.855754	1.000000	0.855244
1.000000	0.855244	1.000000	0.854705
1.000000	0.854705	1.000000	0.855803
1.000000	0.855803	1.000000	0.857008
1.000000	0.857008	1.000000	0.857174
1.000000	0.857174	1.000000	0.856678
1.000000	0.856678	1.000000	0.856379
1.000000	0.856379	1.000000	0.855903
1.000000	0.855903	1.000000	0.856666
1.000000	0.856666	1.000000	0.856621
1.000000	0.856621	1.000000	0.855735
1.000000	0.855735	1.000000	0.854700
1.000000	0.854700	1.000000	0.853851
1.000000	0.853851	1.000000	0.853771
1.000000	0.853771	1.000000	0.853116
1.000000	0.853116	1.000000	0.853475
1.000000	0.853475	1.000000	0.853445
1.000000	0.853445	1.000000	0.852810
1.000000	0.852810	1.000000	0.851172
1.000000	0.851172	1.000000	0.850688
1.000000	0.850688	1.000000	0.851003
1.000000	0.851003	1.000000	0.851340
1.000000	0.851340	1.000000	0.851491
1.000000	0.851491	1.000000	0.851601
1.000000	0.851601	1.000000	0.852321
1.000000	0.852321	1.000000	0.851203
1.000000	0.851203	1.000000	0.851254
1.000000	0.851254	1.000000	0.851562
1.000000	0.851562	1.000000	0.851118
1.000000	0.851118	1.000000	0.851197
1.000000	0.851197	1.000000	0.851598
1.000000	0.851598	1.000000	0.851940
1.000000	0.851940	1.000000	0.851280
1.000000	0.851280	1.000000	0.851868
1.000000	0.851868	1.000000	0.853063
1.000000	0.853063	1.000000	0.853208
1.000000	0.853208	1.000000	0.853096
1.000000	0.853096	1.000000	0.853537
1.000000	0.853537	1.000000	0.852932
1.000000	0.852932	1.000000	0.853622
1.000000	0.853622	1.000000	0.852907
1.000000	0.852907	1.000000	0.853423
1.000000	0.853423	1.000000	0.852712
1.000000	0.852712	1.000000	0.853127
1.000000	0.853127	1.000000	0.853273
1.000000	0.853273	1.000000	0.852923
1.000000	0.852923	1.000000	0.854435
1.000000	0.854435	1.000000	0.854804
1.000000	0.854804	1.000000	0.854863
1.000000	0.854863	1.000000	0.853445
1.000000	0.853445	1.000000	0.852982
1.000000	0.852982	1.000000	0.853212
0.300085	0.399986	0.606442	0.425888
0.606442	0.425888	0.734841	0.484575
0.734841	0.484575	0.797414	0.546177
0.797414	0.546177	0.840555	0.602909
0.840555	0.602909	0.876193	0.653337
0.876193	0.653337	0.907027	0.696747
0.907027	0.696747	0.933149	0.731592
0.933149	0.731592	0.953562	0.758083
0.953562	0.758083	0.967717	0.775810
0.967717	0.775810	0.977643	0.789738
0.977643	0.789738	0.984184	0.797342
0.984184	0.797342	0.989147	0.802097
0.989147	0.802097	0.992258	0.805474
0.992258	0.805474	0.994520	0.808543
0.994520	0.808543	0.996168	0.812401
0.996168	0.812401	0.997220	0.813123
0.997220	0.813123	0.997894	0.813214
0.997894	0.813214	0.998323	0.814840
0.998323	0.814840	0.998578	0.814001
0.998578	0.814001	0.998961	0.814235
0.998961	0.814235	0.999016	0.813922
0.999016	0.813922	0.999053	0.813659
0.999053	0.813659	0.999093	0.813263
0.999093	0.813263	0.999241	0.813559
0.999241	0.813559	0.999264	0.813248
0.999264	0.813248	0.999381	0.811531
0.999381	0.811531	0.999403	0.810942
0.999403	0.810942	0.999477	0.811183
0.999477	0.811183	0.999563	0.811805
0.999563	0.811805	0.999680	0.811216
0.999680	0.811216	0.999751	0.811595
0.999751	0.811595	0.999707	0.810743
0.999707	0.810743	0.999770	0.811095
0.999770	0.811095	0.999825	0.812242
0.999825	0.812242	0.999804	0.811276
0.999804	0.811276	0.999820	0.811465
0.999820	0.811465	0.999844	0.812098
0.999844	0.812098	0.999859	0.810480
0.999859	0.810480	0.999889	0.810288
0.999889	0.810288	0.999925	0.809663
0.999925	0.809663	0.999945	0.809486
0.999945	0.809486	0.999965	0.811643
0.999965	0.811643	0.999971	0.810904
0.999971	0.810904	0.999973	0.811211
0.999973	0.811211	0.999986	0.811327
0.999986	0.811327	0.999987	0.811090
0.999987	0.811090	0.999991	0.810900
0.999991	0.810900	0.999991	0.810534
0.999991	0.810534	0.999996	0.810067
0.999996	0.810067	0.999993	0.811527
0.999993	0.811527	1.000000	0.811448
1.000000	0.811448	1.000000	0.811237
1.000000	0.811237	1.000000	0.812078
1.000000	0.812078	1.000000	0.811240
1.000000	0.811240	1.000000	0.811108
1.000000	0.811108	1.000000	0.812012
1.000000	0.812012	1.000000	0.811548
1.000000	0.811548	1.000000	0.811901
1.000000	0.811901	1.000000	0.811526
1.000000	0.811526	1.000000	0.810917
1.000000	0.810917	1.000000	0.810540
1.000000	0.810540	1.000000	0.810669
1.000000	0.810669	1.000000	0.809489
1.000000	0.809489	1.000000	0.809753
1.000000	0.809753	1.000000	0.808843
1.000000	0.808843	1.000000	0.808757
1.000000	0.808757	1.000000	0.808285
1.000000	0.808285	1.000000	0.808222
1.000000	0.808222	1.000000	0.807247
1.000000	0.807247	1.000000	0.807355
1.000000	0.807355	1.000000	0.807836
1.000000	0.807836	1.000000	0.808340
1.000000	0.808340	1.000000	0.807571
1.000000	0.807571	1.000000	0.807609
1.000000	0.807609	1.000000	0.807601
1.000000	0.807601	1.000000	0.806867
1.000000	0.806867	1.000000	0.806800
1.000000	0.806800	1.000000	0.807581
1.000000	0.807581	1.000000	0.806590
1.000000	0.806590	1.000000	0.807509
1.000000	0.807509	1.000000	0.807873
1.000000	0.807873	1.000000	0.807375
1.000000	0.807375	1.000000	0.805520
1.000000	0.805520	1.000000	0.805946
1.000000	0.805946	1.000000	0.804964
1.000000	0.804964	1.000000	0.805588
1.000000	0.805588	1.000000	0.806072
1.000000	0.806072	1.000000	0.806029
1.000000	0.806029	1.000000	0.807302
1.000000	0.807302	1.000000	0.805821
1.000000	0.805821	1.000000	0.804344
1.000000	0.804344	1.000000	0.804681
1.000000	0.804681	1.000000	0.804494
1.000000	0.804494	1.000000	0.803947
1.000000	0.803947	1.000000	0.804186
1.000000	0.804186	1.000000	0.804132
1.000000	0.804132	1.000000	0.803813
1.000000	0.803813	1.000000	0.804523
1.000000	0.804523	1.000000	0.804452
1.000000	0.804452	1.000000	0.803565
1.000000	0.803565	1.000000	0.804592
1.000000	0.804592	1.000000	0.805565
1.000000	0.805565	1.000000	0.805023
1.000000	0.805023	1.000000	0.804672
1.000000	0.804672	1.000000	0.804313
1.000000	0.804313	1.000000	0.803952
1.000000	0.803952	1.000000	0.804013
1.000000	0.804013	1.000000	0.804276
1.000000	0.804276	1.000000	0.802504
1.000000	0.802504	1.000000	0.800493
1.000000	0.800493	1.000000	0.799578
1.000000	0.799578	1.000000	0.799685
1.000000	0.799685	1.000000	0.798961
1.000000	0.798961	1.000000	0.798077
1.000000	0.798077	1.000000	0.798169
1.000000	0.798169	1.000000	0.797877
1.000000	0.797877	1.000000	0.796938
1.000000	0.796938	1.000000	0.795270
1.000000	0.795270	1.000000	0.793304
1.000000	0.793304	1.000000	0.792947
1.000000	0.792947	1.000000	0.791906
1.000000	0.791906	1.000000	0.789974
1.000000	0.789974	1.000000	0.790668
1.000000	0.790668	1.000000	0.790151
1.000000	0.790151	1.000000	0.789822
1.000000	0.789822	1.000000	0.789370
1.000000	0.789370	1.000000	0.789581
1.000000	0.789581	1.000000	0.790357
1.000000	0.790357	1.000000	0.790517
1.000000	0.790517	1.000000	0.790231
1.000000	0.790231	1.000000	0.790103
1.000000	0.790103	1.000000	0.790439
1.000000	0.790439	1.000000	0.790708
1.000000	0.790708	1.000000	0.788710
1.000000	0.788710	1.000000	0.788862
1.000000	0.788862	1.000000	0.788796
1.000000	0.788796	1.000000	0.790045
1.000000	0.790045	1.000000	0.791171
1.000000	0.791171	1.000000	0.790629
1.000000	0.790629	1.000000	0.792577
1.000000	0.792577	1.000000	0.792123
1.000000	0.792123	1.000000	0.792438
1.000000	0.792438	1.000000	0.791808
1.000000	0.791808	1.000000	0.791585
1.000000	0.791585	1.000000	0.792815
1.000000	0.792815	1.000000	0.792295
1.000000	0.792295	1.000000	0.791350
1.000000	0.791350	1.000000	0.792681
1.000000	0.792681	1.000000	0.793010
1.000000	0.793010	1.000000	0.794273
1.000000	0.794273	1.000000	0.792925
1.000000	0.792925	1.000000	0.792489
1.000000	0.792489	1.000000	0.793351
1.000000	0.793351	1.000000	0.792361
1.000000	0.792361	1.000000	0.791703
1.000000	0.791703	1.000000	0.791401
1.000000	0.791401	1.000000	0.791740
1.000000	0.791740	1.000000	0.791370
1.000000	0.791370	1.000000	0.791362
1.000000	0.791362	1.000000	0.791166
1.000000	0.791166	1.000000	0.792730
1.000000	0.792730	1.000000	0.794302
1.000000	0.794302	1.000000	0.793939
1.000000	0.793939	1.000000	0.792802
1.000000	0.792802	1.000000	0.791815
1.000000	0.791815	1.000000	0.790736
1.000000	0.790736	1.000000	0.791461
1.000000	0.791461	1.000000	0.792363
1.000000	0.792363	1.000000	0.791503
1.000000	0.791503	1.000000	0.792202
1.000000	0.792202	1.000000	0.792002
1.000000	0.792002	1.000000	0.791280
1.000000	0.791280	1.000000	0.792353
1.000000	0.792353	1.000000	0.792126
1.000000	0.792126	1.000000	0.791287
1.000000	0.791287	1.000000	0.791060
1.000000	0.791060	1.000000	0.791136
1.000000	0.791136	1.000000	0.791250
1.000000	0.791250	1.000000	0.791101
1.000000	0.791101	1.000000	0.790362
1.000000	0.790362	1.000000	0.790315
1.000000	0.790315	1.000000	0.789790
1.000000	0.789790	1.000000	0.790583
1.000000	0.790583	1.000000	0.792239
1.000000	0.792239	1.000000	0.791480
1.000000	0.791480	1.000000	0.792188
1.000000	0.792188	1.000000	0.792344
1.000000	0.792344	1.000000	0.792398
1.000000	0.792398	1.000000	0.792202
1.000000	0.792202	1.000000	0.791956
1.000000	0.791956	1.000000	0.790449
1.000000	0.790449	1.000000	0.790121
1.000000	0.790121	1.000000	0.789914
1.000000	0.789914	1.000000	0.789980
1.000000	0.789980	1.000000	0.789462
1.000000	0.789462	1.000000	0.789471
1.000000	0.789471	1.000000	0.789553
1.000000	0.789553	1.000000	0.789011
1.000000	0.789011	1.000000	0.788159
0.299395	0.500288	0.715701	0.525610
0.715701	0.525610	0.843888	0.576337
0.843888	0.576337	0.890753	0.617378
0.890753	0.617378	0.915450	0.650562
0.915450	0.650562	0.932160	0.677543
0.932160	0.677543	0.944591	0.699343
0.944591	0.699343	0.955463	0.716583
0.955463	0.716583	0.964235	0.731316
0.964235	0.731316	0.971807	0.742722
0.971807	0.742722	0.977720	0.753396
0.977720	0.753396	0.982853	0.762888
0.982853	0.762888	0.987060	0.768743
0.987060	0.768743	0.990071	0.773527
0.990071	0.773527	0.992611	0.777129
0.992611	0.777129	0.994318	0.779880
0.994318	0.779880	0.995607	0.782502
0.995607	0.782502	0.997032	0.784437
0.997032	0.784437	0.997863	0.785180
0.997863	0.785180	0.998310	0.786787
0.998310	0.786787	0.998670	0.787392
0.998670	0.787392	0.998898	0.786931
0.998898	0.786931	0.998988	0.785735
0.998988	0.785735	0.998990	0.785374
0.998990	0.785374	0.999153	0.786333
0.999153	0.786333	0.999385	0.787938
0.999385	0.787938	0.999538	0.788295
0.999538	0.788295	0.999608	0.789308
0.999608	0.789308	0.999782	0.789225
0.999782	0.789225	0.999848	0.790672
0.999848	0.790672	0.999861	0.791932
0.999861	0.791932	0.999926	0.791290
0.999926	0.791290	0.999956	0.792168
0.999956	0.792168	0.999986	0.792725
0.999986	0.792725	0.999991	0.791815
0.999991	0.791815	0.999996	0.793524
0.999996	0.793524	1.000000	0.793818
1.000000	0.793818	1.000000	0.794318
1.000000	0.794318	1.000000	0.795315
1.000000	0.795315	1.000000	0.795216
1.000000	0.795216	1.000000	0.795111
1.000000	0.795111	1.000000	0.795201
1.000000	0.795201	1.000000	0.795997
1.000000	0.795997	1.000000	0.794525
1.000000	0.794525	1.000000	0.793951
1.000000	0.793951	1.000000	0.792839
1.000000	0.792839	1.000000	0.794331
1.000000	0.794331	1.000000	0.794619
1.000000	0.794619	1.000000	0.794126
1.000000	0.794126	1.000000	0.794025
1.000000	0.794025	1.000000	0.793782
1.000000	0.793782	1.000000	0.793362
1.000000	0.793362	1.000000	0.793260
1.000000	0.793260	1.000000	0.792953
1.000000	0.792953	1.000000	0.792525
1.000000	0.792525	1.000000	0.792807
1.000000	0.792807	1.000000	0.793847
1.000000	0.793847	1.000000	0.793434
1.000000	0.793434	1.000000	0.793341
1.000000	0.793341	1.000000	0.793736
1.000000	0.793736	1.000000	0.794893
1.000000	0.794893	1.000000	0.796536
1.000000	0.796536	1.000000	0.796154
1.000000	0.796154	1.000000	0.796603
1.000000	0.796603	1.000000	0.796465
1.000000	0.796465	1.000000	0.797926
1.000000	0.797926	1.000000	0.797896
1.000000	0.797896	1.000000	0.796836
1.000000	0.796836	1.000000	0.795714
1.000000	0.795714	1.000000	0.796846
1.000000	0.796846	1.000000	0.798900
1.000000	0.798900	1.000000	0.797480
1.000000	0.797480	1.000000	0.796488
1.000000	0.796488	1.000000	0.797104
1.000000	0.797104	1.000000	0.797337
1.000000	0.797337	1.000000	0.797120
1.000000	0.797120	1.000000	0.796485
1.000000	0.796485	1.000000	0.796194
1.000000	0.796194	1.000000	0.795824
1.000000	0.795824	1.000000	0.794103
1.000000	0.794103	1.000000	0.793298
1.000000	0.793298	1.000000	0.791976
1.000000	0.791976	1.000000	0.792727
1.000000	0.792727	1.000000	0.792574
1.000000	0.792574	1.000000	0.792214
1.000000	0.792214	1.000000	0.791482
1.000000	0.791482	1.000000	0.789835
1.000000	0.789835	1.000000	0.790230
1.000000	0.790230	1.000000	0.790537
1.000000	0.790537	1.000000	0.790455
1.000000	0.790455	1.000000	0.790440
1.000000	0.790440	1.000000	0.791240
1.000000	0.791240	1.000000	0.790728
1.000000	0.790728	1.000000	0.790989
1.000000	0.790989	1.000000	0.790933
1.000000	0.790933	1.000000	0.788998
1.000000	0.788998	1.000000	0.788746
1.000000	0.788746	1.000000	0.788883
1.000000	0.788883	1.000000	0.787980
1.000000	0.787980	1.000000	0.788474
1.000000	0.788474	1.000000	0.789437
1.000000	0.789437	1.000000	0.788950
1.000000	0.788950	1.000000	0.788629
1.000000	0.788629	1.000000	0.788177
1.000000	0.788177	1.000000	0.789710
1.000000	0.789710	1.000000	0.788892
1.000000	0.788892	1.000000	0.787835
1.000000	0.787835	1.000000	0.787129
1.000000	0.787129	1.000000	0.788797
1.000000	0.788797	1.000000	0.788178
1.000000	0.788178	1.000000	0.787083
1.000000	0.787083	1.000000	0.787562
1.000000	0.787562	1.000000	0.786116
1.000000	0.786116	1.000000	0.787637
1.000000	0.787637	1.000000	0.786794
1.000000	0.786794	1.000000	0.786244
1.000000	0.786244	1.000000	0.786219
1.000000	0.786219	1.000000	0.785975
1.000000	0.785975	1.000000	0.786852
1.000000	0.786852	1.000000	0.785107
1.000000	0.785107	1.000000	0.785652
1.000000	0.785652	1.000000	0.783626
1.000000	0.783626	1.000000	0.783976
1.000000	0.783976	1.000000	0.782194
1.000000	0.782194	1.000000	0.781124
1.000000	0.781124	1.000000	0.779899
1.000000	0.779899	1.000000	0.778897
1.000000	0.778897	1.000000	0.778579
1.000000	0.778579	1.000000	0.779684
1.000000	0.779684	1.000000	0.778844
1.000000	0.778844	1.000000	0.780193
1.000000	0.780193	1.000000	0.781308
1.000000	0.781308	1.000000	0.781631
1.000000	0.781631	1.000000	0.782414
1.000000	0.782414	1.000000	0.781911
1.000000	0.781911	1.000000	0.781451
1.000000	0.781451	1.000000	0.782167
1.000000	0.782167	1.000000	0.782936
1.000000	0.782936	1.000000	0.783524
1.000000	0.783524	1.000000	0.782829
1.000000	0.782829	1.000000	0.783410
1.000000	0.783410	1.000000	0.782831
1.000000	0.782831	1.000000	0.782760
1.000000	0.782760	1.000000	0.782826
1.000000	0.782826	1.000000	0.781799
1.000000	0.781799	1.000000	0.782862
1.000000	0.782862	1.000000	0.785094
1.000000	0.785094	1.000000	0.784100
1.000000	0.784100	1.000000	0.783964
1.000000	0.783964	1.000000	0.783654
1.000000	0.783654	1.000000	0.784554
1.000000	0.784554	1.000000	0.783817
1.000000	0.783817	1.000000	0.784093
1.000000	0.784093	1.000000	0.784430
1.000000	0.784430	1.000000	0.784041
1.000000	0.784041	1.000000	0.783547
1.000000	0.783547	1.000000	0.782757
1.000000	0.782757	1.000000	0.781478
1.000000	0.781478	1.000000	0.781342
1.000000	0.781342	1.000000	0.782038
1.000000	0.782038	1.000000	0.783327
1.000000	0.783327	1.000000	0.782590
1.000000	0.782590	1.000000	0.782060
1.000000	0.782060	1.000000	0.781927
1.000000	0.781927	1.000000	0.781985
1.000000	0.781985	1.000000	0.782128
1.000000	0.782128	1.000000	0.782727
1.000000	0.782727	1.000000	0.782642
1.000000	0.782642	1.000000	0.784195
1.000000	0.784195	1.000000	0.783222
1.000000	0.783222	1.000000	0.783262
1.000000	0.783262	1.000000	0.781879
1.000000	0.781879	1.000000	0.781358
1.000000	0.781358	1.000000	0.780719
1.000000	0.780719	1.000000	0.780348
1.000000	0.780348	1.000000	0.780218
1.000000	0.780218	1.000000	0.780043
1.000000	0.780043	1.000000	0.779807
1.000000	0.779807	1.000000	0.779403
1.000000	0.779403	1.000000	0.779872
1.000000	0.779872	1.000000	0.779421
1.000000	0.779421	1.000000	0.780339
1.000000	0.780339	1.000000	0.779923
1.000000	0.779923	1.000000	0.778036
1.000000	0.778036	1.000000	0.778838
1.000000	0.778838	1.000000	0.779469
1.000000	0.779469	1.000000	0.778319
1.000000	0.778319	1.000000	0.777308
1.000000	0.777308	1.000000	0.777812
1.000000	0.777812	1.000000	0.777804
1.000000	0.777804	1.000000	0.778148
1.000000	0.778148	1.000000	0.777432
1.000000	0.777432	1.000000	0.776418
1.000000	0.776418	1.000000	0.777400
1.000000	0.777400	1.000000	0.778193
1.000000	0.778193	1.000000	0.778785
1.000000	0.778785	1.000000	0.777483
1.000000	0.777483	1.000000	0.778520
1.000000	0.778520	1.000000	0.777435
1.000000	0.777435	1.000000	0.776092
0.300754	0.600082	0.808376	0.625980
0.808376	0.625980	0.921577	0.664163
0.921577	0.664163	0.951393	0.687112
0.951393	0.687112	0.963911	0.704439
0.963911	0.704439	0.970872	0.715318
0.970872	0.715318	0.975254	0.723729
0.975254	0.723729	0.979700	0.733145
0.979700	0.733145	0.983336	0.741437
0.983336	0.741437	0.985861	0.747334
0.985861	0.747334	0.988119	0.751362
0.988119	0.751362	0.990198	0.754274
0.990198	0.754274	0.991702	0.756262
0.991702	0.756262	0.993103	0.758813
0.993103	0.758813	0.994393	0.761220
0.994393	0.761220	0.995561	0.764053
0.995561	0.764053	0.996419	0.765025
0.996419	0.765025	0.996834	0.764016
0.996834	0.764016	0.997289	0.763810
0.997289	0.763810	0.997670	0.765198
0.997670	0.765198	0.998060	0.765541
0.998060	0.765541	0.998230	0.766887
0.998230	0.766887	0.998511	0.769358
0.998511	0.769358	0.998704	0.770774
0.998704	0.770774	0.998968	0.772177
0.998968	0.772177	0.999011	0.773469
0.999011	0.773469	0.999179	0.774185
0.999179	0.774185	0.999217	0.774899
0.999217	0.774899	0.999326	0.774917
0.999326	0.774917	0.999443	0.776754
0.999443	0.776754	0.999439	0.776999
0.999439	0.776999	0.999549	0.777306
0.999549	0.777306	0.999573	0.777896
0.999573	0.777896	0.999615	0.777559
0.999615	0.777559	0.999666	0.778485
0.999666	0.778485	0.999712	0.777018
0.999712	0.777018	0.999766	0.777758
0.999766	0.777758	0.999823	0.777907
0.999823	0.777907	0.999888	0.778012
0.999888	0.778012	0.999928	0.777739
0.999928	0.777739	0.999950	0.778386
0.999950	0.778386	0.999955	0.776811
0.999955	0.776811	0.999976	0.776615
0.999976	0.776615	0.999994	0.776357
0.999994	0.776357	1.000000	0.776120
1.000000	0.776120	1.000000	0.775356
1.000000	0.775356	1.000000	0.774318
1.000000	0.774318	1.000000	0.775365
1.000000	0.775365	1.000000	0.775597
1.000000	0.775597	1.000000	0.775607
1.000000	0.775607	1.000000	0.776416
1.000000	0.776416	1.000000	0.775724
1.000000	0.775724	1.000000	0.775671
1.000000	0.775671	1.000000	0.776119
1.000000	0.776119	1.000000	0.776003
1.000000	0.776003	1.000000	0.775949
1.000000	0.775949	1.000000	0.775141
1.000000	0.775141	1.000000	0.774039
1.000000	0.774039	1.000000	0.773467
1.000000	0.773467	1.000000	0.774921
1.000000	0.774921	1.000000	0.775103
1.000000	0.775103	1.000000	0.775159
1.000000	0.775159	1.000000	0.775374
1.000000	0.775374	1.000000	0.775697
1.000000	0.775697	1.000000	0.773431
1.000000	0.773431	1.000000	0.772368
1.000000	0.772368	1.000000	0.773223
1.000000	0.773223	1.000000	0.773913
1.000000	0.773913	1.000000	0.774486
1.000000	0.774486	1.000000	0.776430
1.000000	0.776430	1.000000	0.776065
1.000000	0.776065	1.000000	0.774882
1.000000	0.774882	1.000000	0.774825
1.000000	0.774825	1.000000	0.775644
1.000000	0.775644	1.000000	0.775999
1.000000	0.775999	1.000000	0.774400
1.000000	0.774400	1.000000	0.775725
1.000000	0.775725	1.000000	0.774975
1.000000	0.774975	1.000000	0.774963
1.000000	0.774963	1.000000	0.775752
1.000000	0.775752	1.000000	0.775531
1.000000	0.775531	1.000000	0.775570
1.000000	0.775570	1.000000	0.776407
1.000000	0.776407	1.000000	0.777457
1.000000	0.777457	1.000000	0.778265
1.000000	0.778265	1.000000	0.778156
1.000000	0.778156	1.000000	0.779347
1.000000	0.779347	1.000000	0.780163
1.000000	0.780163	1.000000	0.778850
1.000000	0.778850	1.000000	0.779344
1.000000	0.779344	1.000000	0.780439
1.000000	0.780439	1.000000	0.780909
1.000000	0.780909	1.000000	0.780785
1.000000	0.780785	1.000000	0.781396
1.000000	0.781396	1.000000	0.781696
1.000000	0.781696	1.000000	0.781602
1.000000	0.781602	1.000000	0.783438
1.000000	0.783438	1.000000	0.783637
1.000000	0.783637	1.000000	0.784109
1.000000	0.784109	1.000000	0.783671
1.000000	0.783671	1.000000	0.783089
1.000000	0.783089	1.000000	0.782495
1.000000	0.782495	1.000000	0.782708
1.000000	0.782708	1.000000	0.783910
1.000000	0.783910	1.000000	0.783795
1.000000	0.783795	1.000000	0.784330
1.000000	0.784330	1.000000	0.784846
1.000000	0.784846	1.000000	0.784020
1.000000	0.784020	1.000000	0.785440
1.000000	0.785440	1.000000	0.785234
1.000000	0.785234	1.000000	0.785314
1.000000	0.785314	1.000000	0.785015
1.000000	0.785015	1.000000	0.785769
1.000000	0.785769	1.000000	0.787008
1.000000	0.787008	1.000000	0.787088
1.000000	0.787088	1.000000	0.788135
1.000000	0.788135	1.000000	0.788081
1.000000	0.788081	1.000000	0.787504
1.000000	0.787504	1.000000	0.787107
1.000000	0.787107	1.000000	0.786934
1.000000	0.786934	1.000000	0.786577
1.000000	0.786577	1.000000	0.785770
1.000000	0.785770	1.000000	0.785874
1.000000	0.785874	1.000000	0.785532
1.000000	0.785532	1.000000	0.785619
1.000000	0.785619	1.000000	0.786092
1.000000	0.786092	1.000000	0.784383
1.000000	0.784383	1.000000	0.785286
1.000000	0.785286	1.000000	0.785045
1.000000	0.785045	1.000000	0.784153
1.000000	0.784153	1.000000	0.785436
1.000000	0.785436	1.000000	0.787067
1.000000	0.787067	1.000000	0.785853
1.000000	0.785853	1.000000	0.786637
1.000000	0.786637	1.000000	0.785467
1.000000	0.785467	1.000000	0.784033
1.000000	0.784033	1.000000	0.784482
1.000000	0.784482	1.000000	0.784455
1.000000	0.784455	1.000000	0.784789
1.000000	0.784789	1.000000	0.784739
1.000000	0.784739	1.000000	0.784551
1.000000	0.784551	1.000000	0.784035
1.000000	0.784035	1.000000	0.784481
1.000000	0.784481	1.000000	0.783323
1.000000	0.783323	1.000000	0.784698
1.000000	0.784698	1.000000	0.785421
1.000000	0.785421	1.000000	0.784299
1.000000	0.784299	1.000000	0.784084
1.000000	0.784084	1.000000	0.783523
1.000000	0.783523	1.000000	0.782055
1.000000	0.782055	1.000000	0.782344
1.000000	0.782344	1.000000	0.781263
1.000000	0.781263	1.000000	0.780894
1.000000	0.780894	1.000000	0.780977
1.000000	0.780977	1.000000	0.780515
1.000000	0.780515	1.000000	0.780570
1.000000	0.780570	1.000000	0.781345
1.000000	0.781345	1.000000	0.780265
1.000000	0.780265	1.000000	0.780901
1.000000	0.780901	1.000000	0.781392
1.000000	0.781392	1.000000	0.780707
1.000000	0.780707	1.000000	0.781239
1.000000	0.781239	1.000000	0.779427
1.000000	0.779427	1.000000	0.778425
1.000000	0.778425	1.000000	0.779835
1.000000	0.779835	1.000000	0.779487
1.000000	0.779487	1.000000	0.779720
1.000000	0.779720	1.000000	0.780880
1.000000	0.780880	1.000000	0.781956
1.000000	0.781956	1.000000	0.781108
1.000000	0.781108	1.000000	0.780434
1.000000	0.780434	1.000000	0.780065
1.000000	0.780065	1.000000	0.780198
1.000000	0.780198	1.000000	0.780635
1.000000	0.780635	1.000000	0.778971
1.000000	0.778971	1.000000	0.780489
1.000000	0.780489	1.000000	0.780899
1.000000	0.780899	1.000000	0.781312
1.000000	0.781312	1.000000	0.781023
1.000000	0.781023	1.000000	0.782687
1.000000	0.782687	1.000000	0.783596
1.000000	0.783596	1.000000	0.783879
1.000000	0.783879	1.000000	0.784327
1.000000	0.784327	1.000000	0.784870
1.000000	0.784870	1.000000	0.784768
1.000000	0.784768	1.000000	0.784416
1.000000	0.784416	1.000000	0.786839
1.000000	0.786839	1.000000	0.786236
1.000000	0.786236	1.000000	0.786455
1.000000	0.786455	1.000000	0.785863
1.000000	0.785863	1.000000	0.784755
1.000000	0.784755	1.000000	0.784664
1.000000	0.784664	1.000000	0.784209
1.000000	0.784209	1.000000	0.784296
1.000000	0.784296	1.000000	0.785482
1.000000	0.785482	1.000000	0.784363
1.000000	0.784363	1.000000	0.784661
1.000000	0.784661	1.000000	0.784128
1.000000	0.784128	1.000000	0.784864
1.000000	0.784864	1.000000	0.785055
0.299838	0.699879	0.877209	0.721767
0.877209	0.721767	0.964992	0.747869
0.964992	0.747869	0.982235	0.758859
0.982235	0.758859	0.988030	0.765282
0.988030	0.765282	0.990785	0.768129
0.990785	0.768129	0.992561	0.771872
0.992561	0.771872	0.993814	0.775833
0.993814	0.775833	0.994557	0.778708
0.994557	0.778708	0.994966	0.781486
0.994966	0.781486	0.995447	0.782453
0.995447	0.782453	0.996057	0.783992
0.996057	0.783992	0.996771	0.784517
0.996771	0.784517	0.997198	0.784086
0.997198	0.784086	0.997644	0.785802
0.997644	0.785802	0.998051	0.785995
0.998051	0.785995	0.998424	0.786690
0.998424	0.786690	0.998802	0.785110
0.998802	0.785110	0.998983	0.784944
0.998983	0.784944	0.999042	0.785044
0.999042	0.785044	0.999094	0.785977
0.999094	0.785977	0.999155	0.784824
0.999155	0.784824	0.999283	0.782190
0.999283	0.782190	0.999295	0.782062
0.999295	0.782062	0.999411	0.783000
0.999411	0.783000	0.999458	0.782272
0.999458	0.782272	0.999509	0.781973
0.999509	0.781973	0.999591	0.781856
0.999591	0.781856	0.999646	0.781671
0.999646	0.781671	0.999712	0.782419
0.999712	0.782419	0.999742	0.783388
0.999742	0.783388	0.999786	0.783441
0.999786	0.783441	0.999886	0.783335
0.999886	0.783335	0.999978	0.783891
0.999978	0.783891	0.999990	0.783644
0.999990	0.783644	0.999989	0.782961
0.999989	0.782961	0.999980	0.783849
0.999980	0.783849	0.999998	0.781970
0.999998	0.781970	1.000000	0.782535
1.000000	0.782535	1.000000	0.782660
1.000000	0.782660	1.000000	0.782940
1.000000	0.782940	1.000000	0.783009
1.000000	0.783009	1.000000	0.780744
1.000000	0.780744	1.000000	0.781040
1.000000	0.781040	1.000000	0.781183
1.000000	0.781183	1.000000	0.781469
1.000000	0.781469	1.000000	0.780994
1.000000	0.780994	1.000000	0.779857
1.000000	0.779857	1.000000	0.779805
1.000000	0.779805	1.000000	0.778380
1.000000	0.778380	1.000000	0.777540
1.000000	0.777540	1.000000	0.777138
1.000000	0.777138	1.000000	0.775741
1.000000	0.775741	1.000000	0.776732
1.000000	0.776732	1.000000	0.776612
1.000000	0.776612	1.000000	0.777974
1.000000	0.777974	1.000000	0.777291
1.000000	0.777291	1.000000	0.777393
1.000000	0.777393	1.000000	0.777629
1.000000	0.777629	1.000000	0.777274
1.000000	0.777274	1.000000	0.777841
1.000000	0.777841	1.000000	0.777824
1.000000	0.777824	1.000000	0.778100
1.000000	0.778100	1.000000	0.778161
1.000000	0.778161	1.000000	0.777349
1.000000	0.777349	1.000000	0.776759
1.000000	0.776759	1.000000	0.776975
1.000000	0.776975	1.000000	0.777559
1.000000	0.777559	1.000000	0.777525
1.000000	0.777525	1.000000	0.776591
1.000000	0.776591	1.000000	0.775530
1.000000	0.775530	1.000000	0.775620
1.000000	0.775620	1.000000	0.774455
1.000000	0.774455	1.000000	0.773889
1.000000	0.773889	1.000000	0.773460
1.000000	0.773460	1.000000	0.773575
1.000000	0.773575	1.000000	0.774769
1.000000	0.774769	1.000000	0.774838
1.000000	0.774838	1.000000	0.775097
1.000000	0.775097	1.000000	0.775794
1.000000	0.775794	1.000000	0.776347
1.000000	0.776347	1.000000	0.775938
1.000000	0.775938	1.000000	0.775487
1.000000	0.775487	1.000000	0.776182
1.000000	0.776182	1.000000	0.776721
1.000000	0.776721	1.000000	0.777302
1.000000	0.777302	1.000000	0.777813
1.000000	0.777813	1.000000	0.777341
1.000000	0.777341	1.000000	0.776244
1.000000	0.776244	1.000000	0.777418
1.000000	0.777418	1.000000	0.779488
1.000000	0.779488	1.000000	0.778177
1.000000	0.778177	1.000000	0.778257
1.000000	0.778257	1.000000	0.778387
1.000000	0.778387	1.000000	0.778290
1.000000	0.778290	1.000000	0.778360
1.000000	0.778360	1.000000	0.778804
1.000000	0.778804	1.000000	0.779367
1.000000	0.779367	1.000000	0.778411
1.000000	0.778411	1.000000	0.780578
1.000000	0.780578	1.000000	0.779361
1.000000	0.779361	1.000000	0.780472
1.000000	0.780472	1.000000	0.780345
1.000000	0.780345	1.000000	0.781085
1.000000	0.781085	1.000000	0.782577
1.000000	0.782577	1.000000	0.783567
1.000000	0.783567	1.000000	0.784565
1.000000	0.784565	1.000000	0.783708
1.000000	0.783708	1.000000	0.783536
1.000000	0.783536	1.000000	0.783431
1.000000	0.783431	1.000000	0.783298
1.000000	0.783298	1.000000	0.783380
1.000000	0.783380	1.000000	0.782598
1.000000	0.782598	1.000000	0.782200
1.000000	0.782200	1.000000	0.783319
1.000000	0.783319	1.000000	0.783594
1.000000	0.783594	1.000000	0.783918
1.000000	0.783918	1.000000	0.783111
1.000000	0.783111	1.000000	0.782640
1.000000	0.782640	1.000000	0.784752
1.000000	0.784752	1.000000	0.784843
1.000000	0.784843	1.000000	0.784550
1.000000	0.784550	1.000000	0.783796
1.000000	0.783796	1.000000	0.784499
1.000000	0.784499	1.000000	0.783281
1.000000	0.783281	1.000000	0.783005
1.000000	0.783005	1.000000	0.782950
1.000000	0.782950	1.000000	0.783021
1.000000	0.783021	1.000000	0.782760
1.000000	0.782760	1.000000	0.783343
1.000000	0.783343	1.000000	0.785152
1.000000	0.785152	1.000000	0.784707
1.000000	0.784707	1.000000	0.785010
1.000000	0.785010	1.000000	0.784537
1.000000	0.784537	1.000000	0.783454
1.000000	0.783454	1.000000	0.782862
1.000000	0.782862	1.000000	0.781955
1.000000	0.781955	1.000000	0.781828
1.000000	0.781828	1.000000	0.782128
1.000000	0.782128	1.000000	0.782802
1.000000	0.782802	1.000000	0.781941
1.000000	0.781941	1.000000	0.781410
1.000000	0.781410	1.000000	0.781609
1.000000	0.781609	1.000000	0.781617
1.000000	0.781617	1.000000	0.782337
1.000000	0.782337	1.000000	0.782067
1.000000	0.782067	1.000000	0.782176
1.000000	0.782176	1.000000	0.782066
1.000000	0.782066	1.000000	0.783611
1.000000	0.783611	1.000000	0.784500
1.000000	0.784500	1.000000	0.784895
1.000000	0.784895	1.000000	0.783528
1.000000	0.783528	1.000000	0.783766
1.000000	0.783766	1.000000	0.785117
1.000000	0.785117	1.000000	0.784846
1.000000	0.784846	1.000000	0.784126
1.000000	0.784126	1.000000	0.783664
1.000000	0.783664	1.000000	0.784953
1.000000	0.784953	1.000000	0.784968
1.000000	0.784968	1.000000	0.784296
1.000000	0.784296	1.000000	0.785007
1.000000	0.785007	1.000000	0.784935
1.000000	0.784935	1.000000	0.783635
1.000000	0.783635	1.000000	0.783633
1.000000	0.783633	1.000000	0.783575
1.000000	0.783575	1.000000	0.782065
1.000000	0.782065	1.000000	0.782418
1.000000	0.782418	1.000000	0.783009
1.000000	0.783009	1.000000	0.783574
1.000000	0.783574	1.000000	0.783831
1.000000	0.783831	1.000000	0.783716
1.000000	0.783716	1.000000	0.783372
1.000000	0.783372	1.000000	0.784600
1.000000	0.784600	1.000000	0.784812
1.000000	0.784812	1.000000	0.784454
1.000000	0.784454	1.000000	0.785619
1.000000	0.785619	1.000000	0.785525
1.000000	0.785525	1.000000	0.785513
1.000000	0.785513	1.000000	0.784335
1.000000	0.784335	1.000000	0.785128
1.000000	0.785128	1.000000	0.786181
1.000000	0.786181	1.000000	0.787074
1.000000	0.787074	1.000000	0.787213
1.000000	0.787213	1.000000	0.788108
1.000000	0.788108	1.000000	0.789337
1.000000	0.789337	1.000000	0.789008
1.000000	0.789008	1.000000	0.788305
1.000000	0.788305	1.000000	0.786906
1.000000	0.786906	1.000000	0.786434
1.000000	0.786434	1.000000	0.786829
1.000000	0.786829	1.000000	0.787848
1.000000	0.787848	1.000000	0.787674
1.000000	0.787674	1.000000	0.787782
1.000000	0.787782	1.000000	0.788859
1.000000	0.788859	1.000000	0.788684
1.000000	0.788684	1.000000	0.789321
1.000000	0.789321	1.000000	0.788729
1.000000	0.788729	1.000000	0.787928
1.000000	0.787928	1.000000	0.787499
1.000000	0.787499	1.000000	0.787933
0.300165	0.800450	0.928924	0.816428
0.928924	0.816428	0.987795	0.829731
0.987795	0.829731	0.995607	0.833999
0.995607	0.833999	0.997336	0.836353
0.997336	0.836353	0.998083	0.838199
0.998083	0.838199	0.998717	0.839323
0.998717	0.839323	0.999072	0.840892
0.999072	0.840892	0.999317	0.842652
0.999317	0.842652	0.999580	0.842871
0.999580	0.842871	0.999648	0.843381
0.999648	0.843381	0.999734	0.843566
0.999734	0.843566	0.999754	0.842913
0.999754	0.842913	0.999687	0.842370
0.999687	0.842370	0.999633	0.842947
0.999633	0.842947	0.999687	0.843877
0.999687	0.843877	0.999680	0.844039
0.999680	0.844039	0.999726	0.844163
0.999726	0.844163	0.999802	0.844598
0.999802	0.844598	0.999824	0.846084
0.999824	0.846084	0.999868	0.846996
0.999868	0.846996	0.999881	0.847115
0.999881	0.847115	0.999918	0.846959
0.999918	0.846959	0.999924	0.846638
0.999924	0.846638	0.999953	0.846497
0.999953	0.846497	0.999966	0.846372
0.999966	0.846372	0.999985	0.846404
0.999985	0.846404	0.999997	0.846037
0.999997	0.846037	0.999996	0.845268
0.999996	0.845268	0.999987	0.845012
0.999987	0.845012	0.999996	0.844509
0.999996	0.844509	1.000000	0.844308
1.000000	0.844308	1.000000	0.844028
1.000000	0.844028	1.000000	0.843885
1.000000	0.843885	1.000000	0.843598
1.000000	0.843598	1.000000	0.844475
1.000000	0.844475	1.000000	0.844741
1.000000	0.844741	1.000000	0.845248
1.000000	0.845248	1.000000	0.844814
1.000000	0.844814	1.000000	0.844891
1.000000	0.844891	1.000000	0.844263
1.000000	0.844263	1.000000	0.846263
1.000000	0.846263	1.000000	0.845304
1.000000	0.845304	1.000000	0.844752
1.000000	0.844752	1.000000	0.844731
1.000000	0.844731	1.000000	0.844850
1.000000	0.844850	1.000000	0.844692
1.000000	0.844692	1.000000	0.843602
1.000000	0.843602	1.000000	0.843872
1.000000	0.843872	1.000000	0.842146
1.000000	0.842146	1.000000	0.841358
1.000000	0.841358	1.000000	0.841772
1.000000	0.841772	1.000000	0.841038
1.000000	0.841038	1.000000	0.839934
1.000000	0.839934	1.000000	0.839706
1.000000	0.839706	1.000000	0.840857
1.000000	0.840857	1.000000	0.842042
1.000000	0.842042	1.000000	0.842844
1.000000	0.842844	1.000000	0.843529
1.000000	0.843529	1.000000	0.842807
1.000000	0.842807	1.000000	0.842855
1.000000	0.842855	1.000000	0.842187
1.000000	0.842187	1.000000	0.842316
1.000000	0.842316	1.000000	0.842424
1.000000	0.842424	1.000000	0.842678
1.000000	0.842678	1.000000	0.842970
1.000000	0.842970	1.000000	0.844097
1.000000	0.844097	1.000000	0.843671
1.000000	0.843671	1.000000	0.842980
1.000000	0.842980	1.000000	0.842474
1.000000	0.842474	1.000000	0.842113
1.000000	0.842113	1.000000	0.841592
1.000000	0.841592	1.000000	0.840881
1.000000	0.840881	1.000000	0.841030
1.000000	0.841030	1.000000	0.840428
1.000000	0.840428	1.000000	0.839982
1.000000	0.839982	1.000000	0.841245
1.000000	0.841245	1.000000	0.839789
1.000000	0.839789	1.000000	0.840256
1.000000	0.840256	1.000000	0.840744
1.000000	0.840744	1.000000	0.840907
1.000000	0.840907	1.000000	0.840927
1.000000	0.840927	1.000000	0.840809
1.000000	0.840809	1.000000	0.840223
1.000000	0.840223	1.000000	0.839397
1.000000	0.839397	1.000000	0.840359
1.000000	0.840359	1.000000	0.840978
1.000000	0.840978	1.000000	0.840847
1.000000	0.840847	1.000000	0.840746
1.000000	0.840746	1.000000	0.842707
1.000000	0.842707	1.000000	0.842968
1.000000	0.842968	1.000000	0.843690
1.000000	0.843690	1.000000	0.843815
1.000000	0.843815	1.000000	0.843655
1.000000	0.843655	1.000000	0.842543
1.000000	0.842543	1.000000	0.841864
1.000000	0.841864	1.000000	0.842888
1.000000	0.842888	1.000000	0.842389
1.000000	0.842389	1.000000	0.841278
1.000000	0.841278	1.000000	0.842023
1.000000	0.842023	1.000000	0.842468
1.000000	0.842468	1.000000	0.842282
1.000000	0.842282	1.000000	0.841302
1.000000	0.841302	1.000000	0.841575
1.000000	0.841575	1.000000	0.842443
1.000000	0.842443	1.000000	0.841643
1.000000	0.841643	1.000000	0.842236
1.000000	0.842236	1.000000	0.841637
1.000000	0.841637	1.000000	0.841835
1.000000	0.841835	1.000000	0.841701
1.000000	0.841701	1.000000	0.842315
1.000000	0.842315	1.000000	0.842460
1.000000	0.842460	1.000000	0.841804
1.000000	0.841804	1.000000	0.840456
1.000000	0.840456	1.000000	0.839961
1.000000	0.839961	1.000000	0.839402
1.000000	0.839402	1.000000	0.841022
1.000000	0.841022	1.000000	0.841927
1.000000	0.841927	1.000000	0.842098
1.000000	0.842098	1.000000	0.841919
1.000000	0.841919	1.000000	0.841509
1.000000	0.841509	1.000000	0.842411
1.000000	0.842411	1.000000	0.842618
1.000000	0.842618	1.000000	0.841981
1.000000	0.841981	1.000000	0.842279
1.000000	0.842279	1.000000	0.842155
1.000000	0.842155	1.000000	0.841324
1.000000	0.841324	1.000000	0.841720
1.000000	0.841720	1.000000	0.841756
1.000000	0.841756	1.000000	0.842406
1.000000	0.842406	1.000000	0.842273
1.000000	0.842273	1.000000	0.842198
1.000000	0.842198	1.000000	0.841829
1.000000	0.841829	1.000000	0.843137
1.000000	0.843137	1.000000	0.842925
1.000000	0.842925	1.000000	0.842354
1.000000	0.842354	1.000000	0.842050
1.000000	0.842050	1.000000	0.841483
1.000000	0.841483	1.000000	0.842046
1.000000	0.842046	1.000000	0.841595
1.000000	0.841595	1.000000	0.842067
1.000000	0.842067	1.000000	0.841529
1.000000	0.841529	1.000000	0.841094
1.000000	0.841094	1.000000	0.841856
1.000000	0.841856	1.000000	0.841049
1.000000	0.841049	1.000000	0.841426
1.000000	0.841426	1.000000	0.842161
1.000000	0.842161	1.000000	0.842401
1.000000	0.842401	1.000000	0.843526
1.000000	0.843526	1.000000	0.843464
1.000000	0.843464	1.000000	0.843433
1.000000	0.843433	1.000000	0.843262
1.000000	0.843262	1.000000	0.843044
1.000000	0.843044	1.000000	0.843462
1.000000	0.843462	1.000000	0.843975
1.000000	0.843975	1.000000	0.844785
1.000000	0.844785	1.000000	0.844805
1.000000	0.844805	1.000000	0.843898
1.000000	0.843898	1.000000	0.845413
1.000000	0.845413	1.000000	0.844596
1.000000	0.844596	1.000000	0.844645
1.000000	0.844645	1.000000	0.844354
1.000000	0.844354	1.000000	0.844688
1.000000	0.844688	1.000000	0.843584
1.000000	0.843584	1.000000	0.844207
1.000000	0.844207	1.000000	0.844000
1.000000	0.844000	1.000000	0.844665
1.000000	0.844665	1.000000	0.843739
1.000000	0.843739	1.000000	0.843577
1.000000	0.843577	1.000000	0.843152
1.000000	0.843152	1.000000	0.843144
1.000000	0.843144	1.000000	0.841480
1.000000	0.841480	1.000000	0.841085
1.000000	0.841085	1.000000	0.841339
1.000000	0.841339	1.000000	0.839360
1.000000	0.839360	1.000000	0.839033
1.000000	0.839033	1.000000	0.839110
1.000000	0.839110	1.000000	0.840245
1.000000	0.840245	1.000000	0.840880
1.000000	0.840880	1.000000	0.840799
1.000000	0.840799	1.000000	0.841122
1.000000	0.841122	1.000000	0.840790
1.000000	0.840790	1.000000	0.840832
1.000000	0.840832	1.000000	0.840891
1.000000	0.840891	1.000000	0.839442
1.000000	0.839442	1.000000	0.838613
1.000000	0.838613	1.000000	0.839701
1.000000	0.839701	1.000000	0.838961
1.000000	0.838961	1.000000	0.839967
1.000000	0.839967	1.000000	0.839594
1.000000	0.839594	1.000000	0.840157
1.000000	0.840157	1.000000	0.840470
1.000000	0.840470	1.000000	0.840250
1.000000	0.840250	1.000000	0.839942
1.000000	0.839942	1.000000	0.839226
1.000000	0.839226	1.000000	0.838255
1.000000	0.838255	1.000000	0.840395
1.000000	0.840395	1.000000	0.840732
1.000000	0.840732	1.000000	0.841093
1.000000	0.841093	1.000000	0.840228
0.299263	0.900049	0.963913	0.909044
0.963913	0.909044	0.997255	0.913376
0.997255	0.913376	0.999437	0.915621
0.999437	0.915621	0.999781	0.916365
0.999781	0.916365	0.999853	0.916058
0.999853	0.916058	0.999886	0.916045
0.999886	0.916045	0.999954	0.915853
0.999954	0.915853	0.999996	0.916228
0.999996	0.916228	1.000000	0.916165
1.000000	0.916165	1.000000	0.916614
1.000000	0.916614	1.000000	0.917108
1.000000	0.917108	1.000000	0.917085
1.000000	0.917085	1.000000	0.917602
1.000000	0.917602	1.000000	0.917308
1.000000	0.917308	1.000000	0.918230
1.000000	0.918230	1.000000	0.918762
1.000000	0.918762	1.000000	0.919384
1.000000	0.919384	1.000000	0.919057
1.000000	0.919057	1.000000	0.920113
1.000000	0.920113	1.000000	0.919898
1.000000	0.919898	1.000000	0.919460
1.000000	0.919460	1.000000	0.920133
1.000000	0.920133	1.000000	0.919831
1.000000	0.919831	1.000000	0.920255
1.000000	0.920255	1.000000	0.920854
1.000000	0.920854	1.000000	0.921463
1.000000	0.921463	1.000000	0.921255
1.000000	0.921255	1.000000	0.920995
1.000000	0.920995	1.000000	0.921790
1.000000	0.921790	1.000000	0.922044
1.000000	0.922044	1.000000	0.921567
1.000000	0.921567	1.000000	0.920971
1.000000	0.920971	1.000000	0.920394
1.000000	0.920394	1.000000	0.919963
1.000000	0.919963	1.000000	0.920463
1.000000	0.920463	1.000000	0.920247
1.000000	0.920247	1.000000	0.920132
1.000000	0.920132	1.000000	0.919548
1.000000	0.919548	1.000000	0.918478
1.000000	0.918478	1.000000	0.918567
1.000000	0.918567	1.000000	0.919380
1.000000	0.919380	1.000000	0.919190
1.000000	0.919190	1.000000	0.918496
1.000000	0.918496	1.000000	0.917684
1.000000	0.917684	1.000000	0.916753
1.000000	0.916753	1.000000	0.916509
1.000000	0.916509	1.000000	0.916913
1.000000	0.916913	1.000000	0.918636
1.000000	0.918636	1.000000	0.918477
1.000000	0.918477	1.000000	0.918036
1.000000	0.918036	1.000000	0.917937
1.000000	0.917937	1.000000	0.917842
1.000000	0.917842	1.000000	0.917550
1.000000	0.917550	1.000000	0.918092
1.000000	0.918092	1.000000	0.918037
1.000000	0.918037	1.000000	0.917850
1.000000	0.917850	1.000000	0.917006
1.000000	0.917006	1.000000	0.917733
1.000000	0.917733	1.000000	0.917339
1.000000	0.917339	1.000000	0.917344
1.000000	0.917344	1.000000	0.917692
1.000000	0.917692	1.000000	0.918689
1.000000	0.918689	1.000000	0.919169
1.000000	0.919169	1.000000	0.919628
1.000000	0.919628	1.000000	0.920012
1.000000	0.920012	1.000000	0.919043
1.000000	0.919043	1.000000	0.919748
1.000000	0.919748	1.000000	0.919988
1.000000	0.919988	1.000000	0.919997
1.000000	0.919997	1.000000	0.918815
1.000000	0.918815	1.000000	0.918766
1.000000	0.918766	1.000000	0.918361
1.000000	0.918361	1.000000	0.918782
1.000000	0.918782	1.000000	0.919005
1.000000	0.919005	1.000000	0.919410
1.000000	0.919410	1.000000	0.919923
1.000000	0.919923	1.000000	0.920664
1.000000	0.920664	1.000000	0.920569
1.000000	0.920569	1.000000	0.920654
1.000000	0.920654	1.000000	0.920764
1.000000	0.920764	1.000000	0.921593
1.000000	0.921593	1.000000	0.921930
1.000000	0.921930	1.000000	0.920909
1.000000	0.920909	1.000000	0.920777
1.000000	0.920777	1.000000	0.920518
1.000000	0.920518	1.000000	0.921629
1.000000	0.921629	1.000000	0.921522
1.000000	0.921522	1.000000	0.920624
1.000000	0.920624	1.000000	0.919963
1.000000	0.919963	1.000000	0.920521
1.000000	0.920521	1.000000	0.921061
1.000000	0.921061	1.000000	0.922072
1.000000	0.922072	1.000000	0.921561
1.000000	0.921561	1.000000	0.921221
1.000000	0.921221	1.000000	0.921566
1.000000	0.921566	1.000000	0.920666
1.000000	0.920666	1.000000	0.920880
1.000000	0.920880	1.000000	0.921327
1.000000	0.921327	1.000000	0.921104
1.000000	0.921104	1.000000	0.921553
1.000000	0.921553	1.000000	0.921563
1.000000	0.921563	1.000000	0.922297
1.000000	0.922297	1.000000	0.922639
1.000000	0.922639	1.000000	0.922942
1.000000	0.922942	1.000000	0.923189
1.000000	0.923189	1.000000	0.923896
1.000000	0.923896	1.000000	0.924329
1.000000	0.924329	1.000000	0.924608
1.000000	0.924608	1.000000	0.924714
1.000000	0.924714	1.000000	0.923629
1.000000	0.923629	1.000000	0.923752
1.000000	0.923752	1.000000	0.924042
1.000000	0.924042	1.000000	0.924119
1.000000	0.924119	1.000000	0.923269
1.000000	0.923269	1.000000	0.923633
1.000000	0.923633	1.000000	0.924076
1.000000	0.924076	1.000000	0.923998
1.000000	0.923998	1.000000	0.924300
1.000000	0.924300	1.000000	0.924238
1.000000	0.924238	1.000000	0.923940
1.000000	0.923940	1.000000	0.924801
1.000000	0.924801	1.000000	0.925205
1.000000	0.925205	1.000000	0.924762
1.000000	0.924762	1.000000	0.924489
1.000000	0.924489	1.000000	0.923549
1.000000	0.923549	1.000000	0.924446
1.000000	0.924446	1.000000	0.924419
1.000000	0.924419	1.000000	0.924463
1.000000	0.924463	1.000000	0.924991
1.000000	0.924991	1.000000	0.925281
1.000000	0.925281	1.000000	0.925506
1.000000	0.925506	1.000000	0.925710
1.000000	0.925710	1.000000	0.925247
1.000000	0.925247	1.000000	0.924111
1.000000	0.924111	1.000000	0.924569
1.000000	0.924569	1.000000	0.924661
1.000000	0.924661	1.000000	0.925143
1.000000	0.925143	1.000000	0.925052
1.000000	0.925052	1.000000	0.925231
1.000000	0.925231	1.000000	0.925114
1.000000	0.925114	1.000000	0.925468
1.000000	0.925468	1.000000	0.925284
1.000000	0.925284	1.000000	0.925091
1.000000	0.925091	1.000000	0.925668
1.000000	0.925668	1.000000	0.925488
1.000000	0.925488	1.000000	0.925912
1.000000	0.925912	1.000000	0.926335
1.000000	0.926335	1.000000	0.926045
1.000000	0.926045	1.000000	0.926656
1.000000	0.926656	1.000000	0.926107
1.000000	0.926107	1.000000	0.925996
1.000000	0.925996	1.000000	0.926446
1.000000	0.926446	1.000000	0.926678
1.000000	0.926678	1.000000	0.927392
1.000000	0.927392	1.000000	0.926858
1.000000	0.926858	1.000000	0.926374
1.000000	0.926374	1.000000	0.926233
1.000000	0.926233	1.000000	0.925947
1.000000	0.925947	1.000000	0.926515
1.000000	0.926515	1.000000	0.926343
1.000000	0.926343	1.000000	0.925720
1.000000	0.925720	1.000000	0.925791
1.000000	0.925791	1.000000	0.925224
1.000000	0.925224	1.000000	0.925775
1.000000	0.925775	1.000000	0.926125
1.000000	0.926125	1.000000	0.925888
1.000000	0.925888	1.000000	0.926564
1.000000	0.926564	1.000000	0.926522
1.000000	0.926522	1.000000	0.926754
1.000000	0.926754	1.000000	0.926534
1.000000	0.926534	1.000000	0.926142
1.000000	0.926142	1.000000	0.926317
1.000000	0.926317	1.000000	0.926291
1.000000	0.926291	1.000000	0.926091
1.000000	0.926091	1.000000	0.926275
1.000000	0.926275	1.000000	0.927216
1.000000	0.927216	1.000000	0.927757
1.000000	0.927757	1.000000	0.927800
1.000000	0.927800	1.000000	0.927957
1.000000	0.927957	1.000000	0.927531
1.000000	0.927531	1.000000	0.927465
1.000000	0.927465	1.000000	0.927821
1.000000	0.927821	1.000000	0.927823
1.000000	0.927823	1.000000	0.928242
1.000000	0.928242	1.000000	0.928377
1.000000	0.928377	1.000000	0.928616
1.000000	0.928616	1.000000	0.929081
1.000000	0.929081	1.000000	0.928718
1.000000	0.928718	1.000000	0.928024
1.000000	0.928024	1.000000	0.927297
1.000000	0.927297	1.000000	0.926935
1.000000	0.926935	1.000000	0.925864
1.000000	0.925864	1.000000	0.926133
1.000000	0.926133	1.000000	0.926295
1.000000	0.926295	1.000000	0.926598
1.000000	0.926598	1.000000	0.927713
1.000000	0.927713	1.000000	0.927561
1.000000	0.927561	1.000000	0.927191
1.000000	0.927191	1.000000	0.927107
