0.350419	0.449089	0.071520	0.443783
0.071520	0.443783	0.010561	0.442122
0.010561	0.442122	0.001697	0.443112
0.001697	0.443112	0.000325	0.443184
0.000325	0.443184	0.000074	0.444643
0.000074	0.444643	0.000009	0.444838
0.000009	0.444838	0.000000	0.446317
0.000000	0.446317	0.000000	0.445379
0.000000	0.445379	0.000000	0.445598
0.000000	0.445598	0.000000	0.445464
0.000000	0.445464	0.000000	0.445670
0.000000	0.445670	0.000000	0.444107
0.000000	0.444107	0.000000	0.445499
0.000000	0.445499	0.000000	0.445399
0.000000	0.445399	0.000000	0.444962
0.000000	0.444962	0.000000	0.446618
0.000000	0.446618	0.000000	0.446175
0.000000	0.446175	0.000000	0.447796
0.000000	0.447796	0.000000	0.447529
0.000000	0.447529	0.000000	0.448187
0.000000	0.448187	0.000000	0.448042
0.000000	0.448042	0.000000	0.450409
0.000000	0.450409	0.000000	0.450320
0.000000	0.450320	0.000000	0.449831
0.000000	0.449831	0.000000	0.450121
0.000000	0.450121	0.000000	0.448027
0.000000	0.448027	0.000000	0.446487
0.000000	0.446487	0.000000	0.446564
0.000000	0.446564	0.000000	0.447180
0.000000	0.447180	0.000000	0.447700
0.000000	0.447700	0.000000	0.448134
0.000000	0.448134	0.000000	0.449352
0.000000	0.449352	0.000000	0.450342
0.000000	0.450342	0.000000	0.448441
0.000000	0.448441	0.000000	0.448467
0.000000	0.448467	0.000000	0.448526
0.000000	0.448526	0.000000	0.448387
0.000000	0.448387	0.000000	0.448568
0.000000	0.448568	0.000000	0.446707
0.000000	0.446707	0.000000	0.447298
0.000000	0.447298	0.000000	0.448569
0.000000	0.448569	0.000000	0.448745
0.000000	0.448745	0.000000	0.450193
0.000000	0.450193	0.000000	0.448562
0.000000	0.448562	0.000000	0.448139
0.000000	0.448139	0.000000	0.446626
0.000000	0.446626	0.000000	0.446267
0.000000	0.446267	0.000000	0.446412
0.000000	0.446412	0.000000	0.446288
0.000000	0.446288	0.000000	0.444760
0.000000	0.444760	0.000000	0.444809
0.000000	0.444809	0.000000	0.445414
0.000000	0.445414	0.000000	0.445107
0.000000	0.445107	0.000000	0.445319
0.000000	0.445319	0.000000	0.444685
0.000000	0.444685	0.000000	0.444141
0.000000	0.444141	0.000000	0.443982
0.000000	0.443982	0.000000	0.444507
0.000000	0.444507	0.000000	0.445138
0.000000	0.445138	0.000000	0.444507
0.000000	0.444507	0.000000	0.446055
0.000000	0.446055	0.000000	0.446908
0.000000	0.446908	0.000000	0.445596
0.000000	0.445596	0.000000	0.445246
0.000000	0.445246	0.000000	0.446012
0.000000	0.446012	0.000000	0.445213
0.000000	0.445213	0.000000	0.444389
0.000000	0.444389	0.000000	0.444794
0.000000	0.444794	0.000000	0.444836
0.000000	0.444836	0.000000	0.446482
0.000000	0.446482	0.000000	0.447072
0.000000	0.447072	0.000000	0.447404
0.000000	0.447404	0.000000	0.446331
0.000000	0.446331	0.000000	0.445717
0.000000	0.445717	0.000000	0.445695
0.000000	0.445695	0.000000	0.445217
0.000000	0.445217	0.000000	0.446339
0.000000	0.446339	0.000000	0.445833
0.000000	0.445833	0.000000	0.446142
0.000000	0.446142	0.000000	0.447235
0.000000	0.447235	0.000000	0.447447
0.000000	0.447447	0.000000	0.447368
0.000000	0.447368	0.000000	0.446132
0.000000	0.446132	0.000000	0.444287
0.000000	0.444287	0.000000	0.443585
0.000000	0.443585	0.000000	0.443295
0.000000	0.443295	0.000000	0.442924
0.000000	0.442924	0.000000	0.441576
0.000000	0.441576	0.000000	0.441708
0.000000	0.441708	0.000000	0.442543
0.000000	0.442543	0.000000	0.442182
0.000000	0.442182	0.000000	0.441561
0.000000	0.441561	0.000000	0.442031
0.000000	0.442031	0.000000	0.441962
0.000000	0.441962	0.000000	0.440803
0.000000	0.440803	0.000000	0.441102
0.000000	0.441102	0.000000	0.441688
0.000000	0.441688	0.000000	0.440194
0.000000	0.440194	0.000000	0.440081
0.000000	0.440081	0.000000	0.439569
0.000000	0.439569	0.000000	0.439366
0.000000	0.439366	0.000000	0.436479
0.000000	0.436479	0.000000	0.434328
0.000000	0.434328	0.000000	0.434564
0.000000	0.434564	0.000000	0.433780
0.000000	0.433780	0.000000	0.433952
0.000000	0.433952	0.000000	0.433870
0.000000	0.433870	0.000000	0.432162
0.000000	0.432162	0.000000	0.433922
0.000000	0.433922	0.000000	0.433697
0.000000	0.433697	0.000000	0.434513
0.000000	0.434513	0.000000	0.434400
0.000000	0.434400	0.000000	0.434485
0.000000	0.434485	0.000000	0.434411
0.000000	0.434411	0.000000	0.433557
0.000000	0.433557	0.000000	0.434455
0.000000	0.434455	0.000000	0.434122
0.000000	0.434122	0.000000	0.434309
0.000000	0.434309	0.000000	0.435043
0.000000	0.435043	0.000000	0.435636
0.000000	0.435636	0.000000	0.434772
0.000000	0.434772	0.000000	0.433008
0.000000	0.433008	0.000000	0.432252
0.000000	0.432252	0.000000	0.433613
0.000000	0.433613	0.000000	0.432665
0.000000	0.432665	0.000000	0.432436
0.000000	0.432436	0.000000	0.431597
0.000000	0.431597	0.000000	0.431022
0.000000	0.431022	0.000000	0.430762
0.000000	0.430762	0.000000	0.430649
0.000000	0.430649	0.000000	0.431559
0.000000	0.431559	0.000000	0.430878
0.000000	0.430878	0.000000	0.431435
0.000000	0.431435	0.000000	0.430437
0.000000	0.430437	0.000000	0.431296
0.000000	0.431296	0.000000	0.429306
0.000000	0.429306	0.000000	0.429763
0.000000	0.429763	0.000000	0.430273
0.000000	0.430273	0.000000	0.433022
0.000000	0.433022	0.000000	0.431156
0.000000	0.431156	0.000000	0.431385
0.000000	0.431385	0.000000	0.429758
0.000000	0.429758	0.000000	0.431399
0.000000	0.431399	0.000000	0.430422
0.000000	0.430422	0.000000	0.430610
0.000000	0.430610	0.000000	0.429944
0.000000	0.429944	0.000000	0.431102
0.000000	0.431102	0.000000	0.429423
0.000000	0.429423	0.000000	0.428910
0.000000	0.428910	0.000000	0.429679
0.000000	0.429679	0.000000	0.429734
0.000000	0.429734	0.000000	0.429169
0.000000	0.429169	0.000000	0.428984
0.000000	0.428984	0.000000	0.429548
0.000000	0.429548	0.000000	0.430971
0.000000	0.430971	0.000000	0.431825
0.000000	0.431825	0.000000	0.430244
0.000000	0.430244	0.000000	0.430696
0.000000	0.430696	0.000000	0.430366
0.000000	0.430366	0.000000	0.431725
0.000000	0.431725	0.000000	0.431955
0.000000	0.431955	0.000000	0.432683
0.000000	0.432683	0.000000	0.432196
0.000000	0.432196	0.000000	0.431914
0.000000	0.431914	0.000000	0.431514
0.000000	0.431514	0.000000	0.431139
0.000000	0.431139	0.000000	0.430235
0.000000	0.430235	0.000000	0.431156
0.000000	0.431156	0.000000	0.431106
0.000000	0.431106	0.000000	0.429873
0.000000	0.429873	0.000000	0.428690
0.000000	0.428690	0.000000	0.427482
0.000000	0.427482	0.000000	0.426128
0.000000	0.426128	0.000000	0.426453
0.000000	0.426453	0.000000	0.426365
0.000000	0.426365	0.000000	0.425378
0.000000	0.425378	0.000000	0.424304
0.000000	0.424304	0.000000	0.425328
0.000000	0.425328	0.000000	0.424649
0.000000	0.424649	0.000000	0.425416
0.000000	0.425416	0.000000	0.424322
0.000000	0.424322	0.000000	0.424303
0.000000	0.424303	0.000000	0.425589
0.000000	0.425589	0.000000	0.426065
0.000000	0.426065	0.000000	0.425969
0.000000	0.425969	0.000000	0.425522
0.000000	0.425522	0.000000	0.426309
0.000000	0.426309	0.000000	0.425355
0.000000	0.425355	0.000000	0.426478
0.000000	0.426478	0.000000	0.427067
0.000000	0.427067	0.000000	0.428650
0.000000	0.428650	0.000000	0.428683
0.000000	0.428683	0.000000	0.428687
0.000000	0.428687	0.000000	0.430838
0.000000	0.430838	0.000000	0.431919
0.000000	0.431919	0.000000	0.432292
0.000000	0.432292	0.000000	0.431779
0.000000	0.431779	0.000000	0.432498
0.000000	0.432498	0.000000	0.432465
0.350188	0.399764	0.060015	0.395078
0.060015	0.395078	0.008016	0.397010
0.008016	0.397010	0.001162	0.400474
0.001162	0.400474	0.000185	0.403797
0.000185	0.403797	0.000025	0.404525
0.000025	0.404525	0.000005	0.407456
0.000005	0.407456	0.000000	0.407693
0.000000	0.407693	0.000000	0.409386
0.000000	0.409386	0.000000	0.411781
0.000000	0.411781	0.000000	0.411339
0.000000	0.411339	0.000000	0.412294
0.000000	0.412294	0.000000	0.414106
0.000000	0.414106	0.000000	0.415486
0.000000	0.415486	0.000000	0.415883
0.000000	0.415883	0.000000	0.417036
0.000000	0.417036	0.000000	0.418771
0.000000	0.418771	0.000000	0.420190
0.000000	0.420190	0.000000	0.422187
0.000000	0.422187	0.000000	0.423096
0.000000	0.423096	0.000000	0.424613
0.000000	0.424613	0.000000	0.424239
0.000000	0.424239	0.000000	0.424294
0.000000	0.424294	0.000000	0.425207
0.000000	0.425207	0.000000	0.426268
0.000000	0.426268	0.000000	0.426593
0.000000	0.426593	0.000000	0.427514
0.000000	0.427514	0.000000	0.426624
0.000000	0.426624	0.000000	0.426561
0.000000	0.426561	0.000000	0.426657
0.000000	0.426657	0.000000	0.425631
0.000000	0.425631	0.000000	0.425750
0.000000	0.425750	0.000000	0.427675
0.000000	0.427675	0.000000	0.429927
0.000000	0.429927	0.000000	0.428592
0.000000	0.428592	0.000000	0.429457
0.000000	0.429457	0.000000	0.428337
0.000000	0.428337	0.000000	0.428404
0.000000	0.428404	0.000000	0.429612
0.000000	0.429612	0.000000	0.428561
0.000000	0.428561	0.000000	0.427584
0.000000	0.427584	0.000000	0.426864
0.000000	0.426864	0.000000	0.426162
0.000000	0.426162	0.000000	0.425445
0.000000	0.425445	0.000000	0.423959
0.000000	0.423959	0.000000	0.423778
0.000000	0.423778	0.000000	0.424692
0.000000	0.424692	0.000000	0.424583
0.000000	0.424583	0.000000	0.423949
0.000000	0.423949	0.000000	0.423086
0.000000	0.423086	0.000000	0.420370
0.000000	0.420370	0.000000	0.419935
0.000000	0.419935	0.000000	0.419759
0.000000	0.419759	0.000000	0.421192
0.000000	0.421192	0.000000	0.420718
0.000000	0.420718	0.000000	0.420320
0.000000	0.420320	0.000000	0.418100
0.000000	0.418100	0.000000	0.421117
0.000000	0.421117	0.000000	0.420321
0.000000	0.420321	0.000000	0.421376
0.000000	0.421376	0.000000	0.421971
0.000000	0.421971	0.000000	0.423230
0.000000	0.423230	0.000000	0.422872
0.000000	0.422872	0.000000	0.421549
0.000000	0.421549	0.000000	0.421807
0.000000	0.421807	0.000000	0.422070
0.000000	0.422070	0.000000	0.421539
0.000000	0.421539	0.000000	0.421018
0.000000	0.421018	0.000000	0.422371
0.000000	0.422371	0.000000	0.421996
0.000000	0.421996	0.000000	0.422040
0.000000	0.422040	0.000000	0.423101
0.000000	0.423101	0.000000	0.424929
0.000000	0.424929	0.000000	0.424505
0.000000	0.424505	0.000000	0.426204
0.000000	0.426204	0.000000	0.426654
0.000000	0.426654	0.000000	0.426565
0.000000	0.426565	0.000000	0.426323
0.000000	0.426323	0.000000	0.427015
0.000000	0.427015	0.000000	0.427796
0.000000	0.427796	0.000000	0.427668
0.000000	0.427668	0.000000	0.426679
0.000000	0.426679	0.000000	0.426254
0.000000	0.426254	0.000000	0.427647
0.000000	0.427647	0.000000	0.427291
0.000000	0.427291	0.000000	0.425571
0.000000	0.425571	0.000000	0.425657
0.000000	0.425657	0.000000	0.424689
0.000000	0.424689	0.000000	0.424938
0.000000	0.424938	0.000000	0.425132
0.000000	0.425132	0.000000	0.425016
0.000000	0.425016	0.000000	0.423902
0.000000	0.423902	0.000000	0.423161
0.000000	0.423161	0.000000	0.420864
0.000000	0.420864	0.000000	0.420418
0.000000	0.420418	0.000000	0.422134
0.000000	0.422134	0.000000	0.421925
0.000000	0.421925	0.000000	0.422754
0.000000	0.422754	0.000000	0.423160
0.000000	0.423160	0.000000	0.422641
0.000000	0.422641	0.000000	0.420915
0.000000	0.420915	0.000000	0.419936
0.000000	0.419936	0.000000	0.419685
0.000000	0.419685	0.000000	0.419783
0.000000	0.419783	0.000000	0.419560
0.000000	0.419560	0.000000	0.420283
0.000000	0.420283	0.000000	0.421471
0.000000	0.421471	0.000000	0.420760
0.000000	0.420760	0.000000	0.418742
0.000000	0.418742	0.000000	0.419765
0.000000	0.419765	0.000000	0.418997
0.000000	0.418997	0.000000	0.420086
0.000000	0.420086	0.000000	0.420663
0.000000	0.420663	0.000000	0.420550
0.000000	0.420550	0.000000	0.422056
0.000000	0.422056	0.000000	0.421229
0.000000	0.421229	0.000000	0.420435
0.000000	0.420435	0.000000	0.421147
0.000000	0.421147	0.000000	0.421740
0.000000	0.421740	0.000000	0.421671
0.000000	0.421671	0.000000	0.420979
0.000000	0.420979	0.000000	0.422274
0.000000	0.422274	0.000000	0.423997
0.000000	0.423997	0.000000	0.422753
0.000000	0.422753	0.000000	0.423015
0.000000	0.423015	0.000000	0.423088
0.000000	0.423088	0.000000	0.422034
0.000000	0.422034	0.000000	0.423379
0.000000	0.423379	0.000000	0.422938
0.000000	0.422938	0.000000	0.422502
0.000000	0.422502	0.000000	0.422064
0.000000	0.422064	0.000000	0.422368
0.000000	0.422368	0.000000	0.423191
0.000000	0.423191	0.000000	0.422399
0.000000	0.422399	0.000000	0.421940
0.000000	0.421940	0.000000	0.422348
0.000000	0.422348	0.000000	0.422816
0.000000	0.422816	0.000000	0.423890
0.000000	0.423890	0.000000	0.423182
0.000000	0.423182	0.000000	0.423887
0.000000	0.423887	0.000000	0.423672
0.000000	0.423672	0.000000	0.423264
0.000000	0.423264	0.000000	0.422357
0.000000	0.422357	0.000000	0.422138
0.000000	0.422138	0.000000	0.422199
0.000000	0.422199	0.000000	0.421585
0.000000	0.421585	0.000000	0.421742
0.000000	0.421742	0.000000	0.421266
0.000000	0.421266	0.000000	0.421485
0.000000	0.421485	0.000000	0.421523
0.000000	0.421523	0.000000	0.421915
0.000000	0.421915	0.000000	0.422623
0.000000	0.422623	0.000000	0.423341
0.000000	0.423341	0.000000	0.422627
0.000000	0.422627	0.000000	0.423166
0.000000	0.423166	0.000000	0.423739
0.000000	0.423739	0.000000	0.421949
0.000000	0.421949	0.000000	0.423838
0.000000	0.423838	0.000000	0.424890
0.000000	0.424890	0.000000	0.425608
0.000000	0.425608	0.000000	0.425019
0.000000	0.425019	0.000000	0.425800
0.000000	0.425800	0.000000	0.425035
0.000000	0.425035	0.000000	0.425346
0.000000	0.425346	0.000000	0.425726
0.000000	0.425726	0.000000	0.425136
0.000000	0.425136	0.000000	0.427179
0.000000	0.427179	0.000000	0.426385
0.000000	0.426385	0.000000	0.426560
0.000000	0.426560	0.000000	0.425459
0.000000	0.425459	0.000000	0.424680
0.000000	0.424680	0.000000	0.424139
0.000000	0.424139	0.000000	0.425284
0.000000	0.425284	0.000000	0.424596
0.000000	0.424596	0.000000	0.425925
0.000000	0.425925	0.000000	0.427887
0.000000	0.427887	0.000000	0.428209
0.000000	0.428209	0.000000	0.428343
0.000000	0.428343	0.000000	0.428735
0.000000	0.428735	0.000000	0.430938
0.000000	0.430938	0.000000	0.431653
0.000000	0.431653	0.000000	0.430772
0.000000	0.430772	0.000000	0.430633
0.000000	0.430633	0.000000	0.428742
0.000000	0.428742	0.000000	0.429084
0.000000	0.429084	0.000000	0.427986
0.000000	0.427986	0.000000	0.426990
0.000000	0.426990	0.000000	0.428115
0.000000	0.428115	0.000000	0.427956
0.000000	0.427956	0.000000	0.428655
0.000000	0.428655	0.000000	0.428927
0.000000	0.428927	0.000000	0.428999
0.000000	0.428999	0.000000	0.428114
0.000000	0.428114	0.000000	0.427601
0.000000	0.427601	0.000000	0.426186
0.000000	0.426186	0.000000	0.425515
0.000000	0.425515	0.000000	0.425006
0.000000	0.425006	0.000000	0.424722
0.000000	0.424722	0.000000	0.424680
0.000000	0.424680	0.000000	0.424604
0.350814	0.349642	0.048109	0.346059
0.048109	0.346059	0.005835	0.349426
0.005835	0.349426	0.000866	0.357828
0.000866	0.357828	0.000111	0.364607
0.000111	0.364607	0.000014	0.370352
0.000014	0.370352	0.000002	0.379164
0.000002	0.379164	0.000000	0.385037
0.000000	0.385037	0.000000	0.390433
0.000000	0.390433	0.000000	0.394578
0.000000	0.394578	0.000000	0.398494
0.000000	0.398494	0.000000	0.402542
0.000000	0.402542	0.000000	0.405210
0.000000	0.405210	0.000000	0.406871
0.000000	0.406871	0.000000	0.409670
0.000000	0.409670	0.000000	0.410940
0.000000	0.410940	0.000000	0.411118
0.000000	0.411118	0.000000	0.413514
0.000000	0.413514	0.000000	0.412382
0.000000	0.412382	0.000000	0.413037
0.000000	0.413037	0.000000	0.414270
0.000000	0.414270	0.000000	0.415688
0.000000	0.415688	0.000000	0.415260
0.000000	0.415260	0.000000	0.416398
0.000000	0.416398	0.000000	0.416411
0.000000	0.416411	0.000000	0.417110
0.000000	0.417110	0.000000	0.418397
0.000000	0.418397	0.000000	0.418502
0.000000	0.418502	0.000000	0.418492
0.000000	0.418492	0.000000	0.419054
0.000000	0.419054	0.000000	0.420579
0.000000	0.420579	0.000000	0.420632
0.000000	0.420632	0.000000	0.420948
0.000000	0.420948	0.000000	0.420527
0.000000	0.420527	0.000000	0.421845
0.000000	0.421845	0.000000	0.420311
0.000000	0.420311	0.000000	0.419715
0.000000	0.419715	0.000000	0.420525
0.000000	0.420525	0.000000	0.421417
0.000000	0.421417	0.000000	0.421430
0.000000	0.421430	0.000000	0.422121
0.000000	0.422121	0.000000	0.421508
0.000000	0.421508	0.000000	0.420950
0.000000	0.420950	0.000000	0.421038
0.000000	0.421038	0.000000	0.420971
0.000000	0.420971	0.000000	0.419359
0.000000	0.419359	0.000000	0.419924
0.000000	0.419924	0.000000	0.419631
0.000000	0.419631	0.000000	0.420905
0.000000	0.420905	0.000000	0.420064
0.000000	0.420064	0.000000	0.419297
0.000000	0.419297	0.000000	0.420042
0.000000	0.420042	0.000000	0.419784
0.000000	0.419784	0.000000	0.418723
0.000000	0.418723	0.000000	0.418630
0.000000	0.418630	0.000000	0.420241
0.000000	0.420241	0.000000	0.422018
0.000000	0.422018	0.000000	0.421778
0.000000	0.421778	0.000000	0.424401
0.000000	0.424401	0.000000	0.424017
0.000000	0.424017	0.000000	0.424136
0.000000	0.424136	0.000000	0.425637
0.000000	0.425637	0.000000	0.425846
0.000000	0.425846	0.000000	0.425369
0.000000	0.425369	0.000000	0.425211
0.000000	0.425211	0.000000	0.425894
0.000000	0.425894	0.000000	0.425946
0.000000	0.425946	0.000000	0.427906
0.000000	0.427906	0.000000	0.429279
0.000000	0.429279	0.000000	0.428741
0.000000	0.428741	0.000000	0.428693
0.000000	0.428693	0.000000	0.427401
0.000000	0.427401	0.000000	0.426497
0.000000	0.426497	0.000000	0.427445
0.000000	0.427445	0.000000	0.428440
0.000000	0.428440	0.000000	0.429066
0.000000	0.429066	0.000000	0.429364
0.000000	0.429364	0.000000	0.430116
0.000000	0.430116	0.000000	0.430559
0.000000	0.430559	0.000000	0.430731
0.000000	0.430731	0.000000	0.429814
0.000000	0.429814	0.000000	0.428921
0.000000	0.428921	0.000000	0.427418
0.000000	0.427418	0.000000	0.426229
0.000000	0.426229	0.000000	0.425938
0.000000	0.425938	0.000000	0.426359
0.000000	0.426359	0.000000	0.425746
0.000000	0.425746	0.000000	0.424923
0.000000	0.424923	0.000000	0.425818
0.000000	0.425818	0.000000	0.425389
0.000000	0.425389	0.000000	0.425987
0.000000	0.425987	0.000000	0.426005
0.000000	0.426005	0.000000	0.426550
0.000000	0.426550	0.000000	0.426921
0.000000	0.426921	0.000000	0.427448
0.000000	0.427448	0.000000	0.427755
0.000000	0.427755	0.000000	0.427186
0.000000	0.427186	0.000000	0.427103
0.000000	0.427103	0.000000	0.427985
0.000000	0.427985	0.000000	0.428005
0.000000	0.428005	0.000000	0.428916
0.000000	0.428916	0.000000	0.427722
0.000000	0.427722	0.000000	0.428382
0.000000	0.428382	0.000000	0.429277
0.000000	0.429277	0.000000	0.430006
0.000000	0.430006	0.000000	0.429587
0.000000	0.429587	0.000000	0.428840
0.000000	0.428840	0.000000	0.430197
0.000000	0.430197	0.000000	0.430863
0.000000	0.430863	0.000000	0.429849
0.000000	0.429849	0.000000	0.429903
0.000000	0.429903	0.000000	0.429782
0.000000	0.429782	0.000000	0.429735
0.000000	0.429735	0.000000	0.430625
0.000000	0.430625	0.000000	0.432393
0.000000	0.432393	0.000000	0.431484
0.000000	0.431484	0.000000	0.431626
0.000000	0.431626	0.000000	0.432436
0.000000	0.432436	0.000000	0.433182
0.000000	0.433182	0.000000	0.432732
0.000000	0.432732	0.000000	0.435900
0.000000	0.435900	0.000000	0.434202
0.000000	0.434202	0.000000	0.434109
0.000000	0.434109	0.000000	0.434558
0.000000	0.434558	0.000000	0.435267
0.000000	0.435267	0.000000	0.434786
0.000000	0.434786	0.000000	0.434432
0.000000	0.434432	0.000000	0.435573
0.000000	0.435573	0.000000	0.435576
0.000000	0.435576	0.000000	0.433816
0.000000	0.433816	0.000000	0.433890
0.000000	0.433890	0.000000	0.433663
0.000000	0.433663	0.000000	0.433924
0.000000	0.433924	0.000000	0.432378
0.000000	0.432378	0.000000	0.432628
0.000000	0.432628	0.000000	0.433164
0.000000	0.433164	0.000000	0.433404
0.000000	0.433404	0.000000	0.431858
0.000000	0.431858	0.000000	0.433292
0.000000	0.433292	0.000000	0.433335
0.000000	0.433335	0.000000	0.432305
0.000000	0.432305	0.000000	0.431882
0.000000	0.431882	0.000000	0.433299
0.000000	0.433299	0.000000	0.432411
0.000000	0.432411	0.000000	0.432573
0.000000	0.432573	0.000000	0.432351
0.000000	0.432351	0.000000	0.432714
0.000000	0.432714	0.000000	0.434460
0.000000	0.434460	0.000000	0.433629
0.000000	0.433629	0.000000	0.433872
0.000000	0.433872	0.000000	0.432687
0.000000	0.432687	0.000000	0.432638
0.000000	0.432638	0.000000	0.431532
0.000000	0.431532	0.000000	0.430627
0.000000	0.430627	0.000000	0.430513
0.000000	0.430513	0.000000	0.430735
0.000000	0.430735	0.000000	0.429836
0.000000	0.429836	0.000000	0.429304
0.000000	0.429304	0.000000	0.431346
0.000000	0.431346	0.000000	0.431054
0.000000	0.431054	0.000000	0.430939
0.000000	0.430939	0.000000	0.430272
0.000000	0.430272	0.000000	0.430206
0.000000	0.430206	0.000000	0.430277
0.000000	0.430277	0.000000	0.429873
0.000000	0.429873	0.000000	0.429041
0.000000	0.429041	0.000000	0.428713
0.000000	0.428713	0.000000	0.429705
0.000000	0.429705	0.000000	0.428339
0.000000	0.428339	0.000000	0.427281
0.000000	0.427281	0.000000	0.426216
0.000000	0.426216	0.000000	0.424852
0.000000	0.424852	0.000000	0.424535
0.000000	0.424535	0.000000	0.424069
0.000000	0.424069	0.000000	0.425150
0.000000	0.425150	0.000000	0.425133
0.000000	0.425133	0.000000	0.424314
0.000000	0.424314	0.000000	0.424153
0.000000	0.424153	0.000000	0.423541
0.000000	0.423541	0.000000	0.424556
0.000000	0.424556	0.000000	0.425604
0.000000	0.425604	0.000000	0.426376
0.000000	0.426376	0.000000	0.428279
0.000000	0.428279	0.000000	0.427036
0.000000	0.427036	0.000000	0.427236
0.000000	0.427236	0.000000	0.426071
0.000000	0.426071	0.000000	0.426656
0.000000	0.426656	0.000000	0.428866
0.000000	0.428866	0.000000	0.429528
0.000000	0.429528	0.000000	0.428547
0.000000	0.428547	0.000000	0.429172
0.000000	0.429172	0.000000	0.428091
0.000000	0.428091	0.000000	0.428666
0.000000	0.428666	0.000000	0.428131
0.000000	0.428131	0.000000	0.429088
0.000000	0.429088	0.000000	0.428759
0.000000	0.428759	0.000000	0.428559
0.000000	0.428559	0.000000	0.428715
0.000000	0.428715	0.000000	0.428629
0.000000	0.428629	0.000000	0.430324
0.350145	0.300103	0.038115	0.297033
0.038115	0.297033	0.003820	0.301532
0.003820	0.301532	0.000419	0.311876
0.000419	0.311876	0.000081	0.323560
0.000081	0.323560	0.000015	0.336723
0.000015	0.336723	0.000000	0.347094
0.000000	0.347094	0.000000	0.358288
0.000000	0.358288	0.000000	0.367843
0.000000	0.367843	0.000000	0.376496
0.000000	0.376496	0.000000	0.384720
0.000000	0.384720	0.000000	0.391032
0.000000	0.391032	0.000000	0.395779
0.000000	0.395779	0.000000	0.401967
0.000000	0.401967	0.000000	0.405649
0.000000	0.405649	0.000000	0.410335
0.000000	0.410335	0.000000	0.414418
0.000000	0.414418	0.000000	0.416002
0.000000	0.416002	0.000000	0.418342
0.000000	0.418342	0.000000	0.421471
0.000000	0.421471	0.000000	0.422667
0.000000	0.422667	0.000000	0.423396
0.000000	0.423396	0.000000	0.423714
0.000000	0.423714	0.000000	0.424008
0.000000	0.424008	0.000000	0.424453
0.000000	0.424453	0.000000	0.425407
0.000000	0.425407	0.000000	0.425508
0.000000	0.425508	0.000000	0.425783
0.000000	0.425783	0.000000	0.425914
0.000000	0.425914	0.000000	0.428044
0.000000	0.428044	0.000000	0.429415
0.000000	0.429415	0.000000	0.429187
0.000000	0.429187	0.000000	0.428892
0.000000	0.428892	0.000000	0.430707
0.000000	0.430707	0.000000	0.429412
0.000000	0.429412	0.000000	0.430856
0.000000	0.430856	0.000000	0.430025
0.000000	0.430025	0.000000	0.429601
0.000000	0.429601	0.000000	0.428575
0.000000	0.428575	0.000000	0.428734
0.000000	0.428734	0.000000	0.429155
0.000000	0.429155	0.000000	0.430146
0.000000	0.430146	0.000000	0.430277
0.000000	0.430277	0.000000	0.430569
0.000000	0.430569	0.000000	0.429963
0.000000	0.429963	0.000000	0.430160
0.000000	0.430160	0.000000	0.431685
0.000000	0.431685	0.000000	0.431642
0.000000	0.431642	0.000000	0.432121
0.000000	0.432121	0.000000	0.433250
0.000000	0.433250	0.000000	0.433964
0.000000	0.433964	0.000000	0.432652
0.000000	0.432652	0.000000	0.433390
0.000000	0.433390	0.000000	0.435135
0.000000	0.435135	0.000000	0.434854
0.000000	0.434854	0.000000	0.435339
0.000000	0.435339	0.000000	0.436613
0.000000	0.436613	0.000000	0.436538
0.000000	0.436538	0.000000	0.437010
0.000000	0.437010	0.000000	0.436652
0.000000	0.436652	0.000000	0.438796
0.000000	0.438796	0.000000	0.437498
0.000000	0.437498	0.000000	0.436525
0.000000	0.436525	0.000000	0.436168
0.000000	0.436168	0.000000	0.435469
0.000000	0.435469	0.000000	0.435325
0.000000	0.435325	0.000000	0.435394
0.000000	0.435394	0.000000	0.435946
0.000000	0.435946	0.000000	0.436169
0.000000	0.436169	0.000000	0.434360
0.000000	0.434360	0.000000	0.434653
0.000000	0.434653	0.000000	0.434298
0.000000	0.434298	0.000000	0.434272
0.000000	0.434272	0.000000	0.433794
0.000000	0.433794	0.000000	0.434388
0.000000	0.434388	0.000000	0.433184
0.000000	0.433184	0.000000	0.433279
0.000000	0.433279	0.000000	0.434564
0.000000	0.434564	0.000000	0.435401
0.000000	0.435401	0.000000	0.436351
0.000000	0.436351	0.000000	0.437730
0.000000	0.437730	0.000000	0.436661
0.000000	0.436661	0.000000	0.436418
0.000000	0.436418	0.000000	0.436451
0.000000	0.436451	0.000000	0.435766
0.000000	0.435766	0.000000	0.435095
0.000000	0.435095	0.000000	0.434584
0.000000	0.434584	0.000000	0.434229
0.000000	0.434229	0.000000	0.434972
0.000000	0.434972	0.000000	0.435389
0.000000	0.435389	0.000000	0.437637
0.000000	0.437637	0.000000	0.437370
0.000000	0.437370	0.000000	0.437262
0.000000	0.437262	0.000000	0.437284
0.000000	0.437284	0.000000	0.438118
0.000000	0.438118	0.000000	0.437727
0.000000	0.437727	0.000000	0.439642
0.000000	0.439642	0.000000	0.439745
0.000000	0.439745	0.000000	0.437835
0.000000	0.437835	0.000000	0.437579
0.000000	0.437579	0.000000	0.436649
0.000000	0.436649	0.000000	0.437476
0.000000	0.437476	0.000000	0.436963
0.000000	0.436963	0.000000	0.437831
0.000000	0.437831	0.000000	0.437609
0.000000	0.437609	0.000000	0.436924
0.000000	0.436924	0.000000	0.435941
0.000000	0.435941	0.000000	0.436260
0.000000	0.436260	0.000000	0.436116
0.000000	0.436116	0.000000	0.436653
0.000000	0.436653	0.000000	0.436860
0.000000	0.436860	0.000000	0.436766
0.000000	0.436766	0.000000	0.436374
0.000000	0.436374	0.000000	0.436758
0.000000	0.436758	0.000000	0.436996
0.000000	0.436996	0.000000	0.437298
0.000000	0.437298	0.000000	0.437250
0.000000	0.437250	0.000000	0.438083
0.000000	0.438083	0.000000	0.439282
0.000000	0.439282	0.000000	0.439355
0.000000	0.439355	0.000000	0.437620
0.000000	0.437620	0.000000	0.439473
0.000000	0.439473	0.000000	0.438343
0.000000	0.438343	0.000000	0.439989
0.000000	0.439989	0.000000	0.438605
0.000000	0.438605	0.000000	0.437497
0.000000	0.437497	0.000000	0.438386
0.000000	0.438386	0.000000	0.438357
0.000000	0.438357	0.000000	0.437450
0.000000	0.437450	0.000000	0.438458
0.000000	0.438458	0.000000	0.436370
0.000000	0.436370	0.000000	0.436783
0.000000	0.436783	0.000000	0.435967
0.000000	0.435967	0.000000	0.435222
0.000000	0.435222	0.000000	0.437087
0.000000	0.437087	0.000000	0.436985
0.000000	0.436985	0.000000	0.436212
0.000000	0.436212	0.000000	0.435958
0.000000	0.435958	0.000000	0.434547
0.000000	0.434547	0.000000	0.435983
0.000000	0.435983	0.000000	0.433357
0.000000	0.433357	0.000000	0.433832
0.000000	0.433832	0.000000	0.433601
0.000000	0.433601	0.000000	0.433166
0.000000	0.433166	0.000000	0.430179
0.000000	0.430179	0.000000	0.431631
0.000000	0.431631	0.000000	0.431546
0.000000	0.431546	0.000000	0.432451
0.000000	0.432451	0.000000	0.431981
0.000000	0.431981	0.000000	0.432676
0.000000	0.432676	0.000000	0.432108
0.000000	0.432108	0.000000	0.431620
0.000000	0.431620	0.000000	0.431044
0.000000	0.431044	0.000000	0.431254
0.000000	0.431254	0.000000	0.431892
0.000000	0.431892	0.000000	0.431752
0.000000	0.431752	0.000000	0.431637
0.000000	0.431637	0.000000	0.432793
0.000000	0.432793	0.000000	0.432134
0.000000	0.432134	0.000000	0.431699
0.000000	0.431699	0.000000	0.433267
0.000000	0.433267	0.000000	0.433695
0.000000	0.433695	0.000000	0.433997
0.000000	0.433997	0.000000	0.434037
0.000000	0.434037	0.000000	0.435522
0.000000	0.435522	0.000000	0.435653
0.000000	0.435653	0.000000	0.435040
0.000000	0.435040	0.000000	0.433578
0.000000	0.433578	0.000000	0.434398
0.000000	0.434398	0.000000	0.435227
0.000000	0.435227	0.000000	0.433246
0.000000	0.433246	0.000000	0.435473
0.000000	0.435473	0.000000	0.436894
0.000000	0.436894	0.000000	0.437495
0.000000	0.437495	0.000000	0.436746
0.000000	0.436746	0.000000	0.437935
0.000000	0.437935	0.000000	0.437820
0.000000	0.437820	0.000000	0.437734
0.000000	0.437734	0.000000	0.437070
0.000000	0.437070	0.000000	0.437033
0.000000	0.437033	0.000000	0.437809
0.000000	0.437809	0.000000	0.439042
0.000000	0.439042	0.000000	0.439388
0.000000	0.439388	0.000000	0.438888
0.000000	0.438888	0.000000	0.440449
0.000000	0.440449	0.000000	0.441128
0.000000	0.441128	0.000000	0.441568
0.000000	0.441568	0.000000	0.442001
0.000000	0.442001	0.000000	0.443607
0.000000	0.443607	0.000000	0.443572
0.000000	0.443572	0.000000	0.445204
0.000000	0.445204	0.000000	0.445022
0.000000	0.445022	0.000000	0.446405
0.000000	0.446405	0.000000	0.443549
0.000000	0.443549	0.000000	0.443542
0.000000	0.443542	0.000000	0.443090
0.000000	0.443090	0.000000	0.442860
0.000000	0.442860	0.000000	0.442905
0.000000	0.442905	0.000000	0.443001
0.000000	0.443001	0.000000	0.442445
0.349679	0.249501	0.029682	0.245506
0.029682	0.245506	0.002358	0.252593
0.002358	0.252593	0.000288	0.265344
0.000288	0.265344	0.000019	0.283355
0.000019	0.283355	0.000001	0.301880
0.000001	0.301880	0.000002	0.322914
0.000002	0.322914	0.000000	0.343439
0.000000	0.343439	0.000000	0.359804
0.000000	0.359804	0.000000	0.377119
0.000000	0.377119	0.000000	0.391764
0.000000	0.391764	0.000000	0.405283
0.000000	0.405283	0.000000	0.414234
0.000000	0.414234	0.000000	0.420837
0.000000	0.420837	0.000000	0.425157
0.000000	0.425157	0.000000	0.429689
0.000000	0.429689	0.000000	0.432772
0.000000	0.432772	0.000000	0.435445
0.000000	0.435445	0.000000	0.438431
0.000000	0.438431	0.000000	0.440858
0.000000	0.440858	0.000000	0.442174
0.000000	0.442174	0.000000	0.444009
0.000000	0.444009	0.000000	0.444928
0.000000	0.444928	0.000000	0.445845
0.000000	0.445845	0.000000	0.448270
0.000000	0.448270	0.000000	0.448005
0.000000	0.448005	0.000000	0.448139
0.000000	0.448139	0.000000	0.446885
0.000000	0.446885	0.000000	0.446595
0.000000	0.446595	0.000000	0.446635
0.000000	0.446635	0.000000	0.447671
0.000000	0.447671	0.000000	0.446950
0.000000	0.446950	0.000000	0.448412
0.000000	0.448412	0.000000	0.449708
0.000000	0.449708	0.000000	0.449088
0.000000	0.449088	0.000000	0.449287
0.000000	0.449287	0.000000	0.449267
0.000000	0.449267	0.000000	0.448991
0.000000	0.448991	0.000000	0.449465
0.000000	0.449465	0.000000	0.448673
0.000000	0.448673	0.000000	0.447642
0.000000	0.447642	0.000000	0.448900
0.000000	0.448900	0.000000	0.449507
0.000000	0.449507	0.000000	0.450217
0.000000	0.450217	0.000000	0.448294
0.000000	0.448294	0.000000	0.449092
0.000000	0.449092	0.000000	0.448862
0.000000	0.448862	0.000000	0.448224
0.000000	0.448224	0.000000	0.448045
0.000000	0.448045	0.000000	0.446330
0.000000	0.446330	0.000000	0.446294
0.000000	0.446294	0.000000	0.446428
0.000000	0.446428	0.000000	0.445827
0.000000	0.445827	0.000000	0.445564
0.000000	0.445564	0.000000	0.445985
0.000000	0.445985	0.000000	0.448012
0.000000	0.448012	0.000000	0.447830
0.000000	0.447830	0.000000	0.446998
0.000000	0.446998	0.000000	0.447381
0.000000	0.447381	0.000000	0.447658
0.000000	0.447658	0.000000	0.448543
0.000000	0.448543	0.000000	0.446238
0.000000	0.446238	0.000000	0.447327
0.000000	0.447327	0.000000	0.446775
0.000000	0.446775	0.000000	0.447660
0.000000	0.447660	0.000000	0.447870
0.000000	0.447870	0.000000	0.447468
0.000000	0.447468	0.000000	0.448601
0.000000	0.448601	0.000000	0.449094
0.000000	0.449094	0.000000	0.448074
0.000000	0.448074	0.000000	0.448570
0.000000	0.448570	0.000000	0.448474
0.000000	0.448474	0.000000	0.448447
0.000000	0.448447	0.000000	0.447474
0.000000	0.447474	0.000000	0.447720
0.000000	0.447720	0.000000	0.447568
0.000000	0.447568	0.000000	0.447109
0.000000	0.447109	0.000000	0.448729
0.000000	0.448729	0.000000	0.448167
0.000000	0.448167	0.000000	0.451039
0.000000	0.451039	0.000000	0.449599
0.000000	0.449599	0.000000	0.450030
0.000000	0.450030	0.000000	0.450058
0.000000	0.450058	0.000000	0.451271
0.000000	0.451271	0.000000	0.451392
0.000000	0.451392	0.000000	0.451748
0.000000	0.451748	0.000000	0.451957
0.000000	0.451957	0.000000	0.451236
0.000000	0.451236	0.000000	0.450736
0.000000	0.450736	0.000000	0.450318
0.000000	0.450318	0.000000	0.448332
0.000000	0.448332	0.000000	0.447583
0.000000	0.447583	0.000000	0.446211
0.000000	0.446211	0.000000	0.446189
0.000000	0.446189	0.000000	0.445065
0.000000	0.445065	0.000000	0.446057
0.000000	0.446057	0.000000	0.445963
0.000000	0.445963	0.000000	0.446654
0.000000	0.446654	0.000000	0.445697
0.000000	0.445697	0.000000	0.445877
0.000000	0.445877	0.000000	0.445497
0.000000	0.445497	0.000000	0.446595
0.000000	0.446595	0.000000	0.444940
0.000000	0.444940	0.000000	0.443249
0.000000	0.443249	0.000000	0.443623
0.000000	0.443623	0.000000	0.444303
0.000000	0.444303	0.000000	0.443952
0.000000	0.443952	0.000000	0.444296
0.000000	0.444296	0.000000	0.443980
0.000000	0.443980	0.000000	0.443589
0.000000	0.443589	0.000000	0.443363
0.000000	0.443363	0.000000	0.444636
0.000000	0.444636	0.000000	0.444737
0.000000	0.444737	0.000000	0.444146
0.000000	0.444146	0.000000	0.443867
0.000000	0.443867	0.000000	0.443907
0.000000	0.443907	0.000000	0.444196
0.000000	0.444196	0.000000	0.443836
0.000000	0.443836	0.000000	0.443974
0.000000	0.443974	0.000000	0.444762
0.000000	0.444762	0.000000	0.445082
0.000000	0.445082	0.000000	0.445113
0.000000	0.445113	0.000000	0.444073
0.000000	0.444073	0.000000	0.444497
0.000000	0.444497	0.000000	0.446121
0.000000	0.446121	0.000000	0.445032
0.000000	0.445032	0.000000	0.444656
0.000000	0.444656	0.000000	0.444101
0.000000	0.444101	0.000000	0.443726
0.000000	0.443726	0.000000	0.442969
0.000000	0.442969	0.000000	0.442050
0.000000	0.442050	0.000000	0.443236
0.000000	0.443236	0.000000	0.441665
0.000000	0.441665	0.000000	0.442275
0.000000	0.442275	0.000000	0.442629
0.000000	0.442629	0.000000	0.442211
0.000000	0.442211	0.000000	0.441032
0.000000	0.441032	0.000000	0.440524
0.000000	0.440524	0.000000	0.441542
0.000000	0.441542	0.000000	0.440093
0.000000	0.440093	0.000000	0.440006
0.000000	0.440006	0.000000	0.439201
0.000000	0.439201	0.000000	0.438286
0.000000	0.438286	0.000000	0.439229
0.000000	0.439229	0.000000	0.439133
0.000000	0.439133	0.000000	0.439424
0.000000	0.439424	0.000000	0.437881
0.000000	0.437881	0.000000	0.438284
0.000000	0.438284	0.000000	0.438365
0.000000	0.438365	0.000000	0.438837
0.000000	0.438837	0.000000	0.439917
0.000000	0.439917	0.000000	0.439771
0.000000	0.439771	0.000000	0.440382
0.000000	0.440382	0.000000	0.439866
0.000000	0.439866	0.000000	0.440247
0.000000	0.440247	0.000000	0.440545
0.000000	0.440545	0.000000	0.440791
0.000000	0.440791	0.000000	0.441321
0.000000	0.441321	0.000000	0.441584
0.000000	0.441584	0.000000	0.441639
0.000000	0.441639	0.000000	0.440236
0.000000	0.440236	0.000000	0.439866
0.000000	0.439866	0.000000	0.440515
0.000000	0.440515	0.000000	0.440042
0.000000	0.440042	0.000000	0.440707
0.000000	0.440707	0.000000	0.440668
0.000000	0.440668	0.000000	0.439642
0.000000	0.439642	0.000000	0.440138
0.000000	0.440138	0.000000	0.441076
0.000000	0.441076	0.000000	0.439451
0.000000	0.439451	0.000000	0.438883
0.000000	0.438883	0.000000	0.439025
0.000000	0.439025	0.000000	0.439701
0.000000	0.439701	0.000000	0.441125
0.000000	0.441125	0.000000	0.440794
0.000000	0.440794	0.000000	0.440461
0.000000	0.440461	0.000000	0.438962
0.000000	0.438962	0.000000	0.441487
0.000000	0.441487	0.000000	0.441580
0.000000	0.441580	0.000000	0.441978
0.000000	0.441978	0.000000	0.443327
0.000000	0.443327	0.000000	0.444488
0.000000	0.444488	0.000000	0.444065
0.000000	0.444065	0.000000	0.444211
0.000000	0.444211	0.000000	0.444219
0.000000	0.444219	0.000000	0.444635
0.000000	0.444635	0.000000	0.443943
0.000000	0.443943	0.000000	0.445429
0.000000	0.445429	0.000000	0.445034
0.000000	0.445034	0.000000	0.446091
0.000000	0.446091	0.000000	0.446708
0.000000	0.446708	0.000000	0.446933
0.000000	0.446933	0.000000	0.445916
0.000000	0.445916	0.000000	0.445429
0.000000	0.445429	0.000000	0.444414
0.000000	0.444414	0.000000	0.445280
0.000000	0.445280	0.000000	0.444923
0.000000	0.444923	0.000000	0.444395
0.000000	0.444395	0.000000	0.447762
0.000000	0.447762	0.000000	0.447583
0.349887	0.200466	0.021205	0.198824
0.021205	0.198824	0.001479	0.205577
0.001479	0.205577	0.000117	0.219497
0.000117	0.219497	0.000022	0.241198
0.000022	0.241198	0.000002	0.265000
0.000002	0.265000	0.000000	0.290842
0.000000	0.290842	0.000000	0.319853
0.000000	0.319853	0.000000	0.348325
0.000000	0.348325	0.000000	0.375238
0.000000	0.375238	0.000000	0.396393
0.000000	0.396393	0.000000	0.414125
0.000000	0.414125	0.000000	0.428099
0.000000	0.428099	0.000000	0.437588
0.000000	0.437588	0.000000	0.442485
0.000000	0.442485	0.000000	0.447541
0.000000	0.447541	0.000000	0.450051
0.000000	0.450051	0.000000	0.452340
0.000000	0.452340	0.000000	0.452974
0.000000	0.452974	0.000000	0.452761
0.000000	0.452761	0.000000	0.453212
0.000000	0.453212	0.000000	0.453841
0.000000	0.453841	0.000000	0.455263
0.000000	0.455263	0.000000	0.456100
0.000000	0.456100	0.000000	0.457166
0.000000	0.457166	0.000000	0.456632
0.000000	0.456632	0.000000	0.456425
0.000000	0.456425	0.000000	0.458355
0.000000	0.458355	0.000000	0.458265
0.000000	0.458265	0.000000	0.458253
0.000000	0.458253	0.000000	0.456956
0.000000	0.456956	0.000000	0.456477
0.000000	0.456477	0.000000	0.456054
0.000000	0.456054	0.000000	0.457528
0.000000	0.457528	0.000000	0.457027
0.000000	0.457027	0.000000	0.455525
0.000000	0.455525	0.000000	0.455696
0.000000	0.455696	0.000000	0.455652
0.000000	0.455652	0.000000	0.454566
0.000000	0.454566	0.000000	0.453469
0.000000	0.453469	0.000000	0.453817
0.000000	0.453817	0.000000	0.453934
0.000000	0.453934	0.000000	0.452945
0.000000	0.452945	0.000000	0.450494
0.000000	0.450494	0.000000	0.450253
0.000000	0.450253	0.000000	0.451949
0.000000	0.451949	0.000000	0.450777
0.000000	0.450777	0.000000	0.448926
0.000000	0.448926	0.000000	0.449143
0.000000	0.449143	0.000000	0.450538
0.000000	0.450538	0.000000	0.451803
0.000000	0.451803	0.000000	0.452278
0.000000	0.452278	0.000000	0.453191
0.000000	0.453191	0.000000	0.453315
0.000000	0.453315	0.000000	0.455832
0.000000	0.455832	0.000000	0.454982
0.000000	0.454982	0.000000	0.453148
0.000000	0.453148	0.000000	0.454759
0.000000	0.454759	0.000000	0.455050
0.000000	0.455050	0.000000	0.456074
0.000000	0.456074	0.000000	0.454695
0.000000	0.454695	0.000000	0.453857
0.000000	0.453857	0.000000	0.454225
0.000000	0.454225	0.000000	0.454886
0.000000	0.454886	0.000000	0.456070
0.000000	0.456070	0.000000	0.455292
0.000000	0.455292	0.000000	0.455433
0.000000	0.455433	0.000000	0.455993
0.000000	0.455993	0.000000	0.456055
0.000000	0.456055	0.000000	0.454826
0.000000	0.454826	0.000000	0.455093
0.000000	0.455093	0.000000	0.455674
0.000000	0.455674	0.000000	0.455368
0.000000	0.455368	0.000000	0.454577
0.000000	0.454577	0.000000	0.453956
0.000000	0.453956	0.000000	0.453976
0.000000	0.453976	0.000000	0.454761
0.000000	0.454761	0.000000	0.453151
0.000000	0.453151	0.000000	0.453447
0.000000	0.453447	0.000000	0.452312
0.000000	0.452312	0.000000	0.451560
0.000000	0.451560	0.000000	0.450833
0.000000	0.450833	0.000000	0.450450
0.000000	0.450450	0.000000	0.451116
0.000000	0.451116	0.000000	0.451501
0.000000	0.451501	0.000000	0.451263
0.000000	0.451263	0.000000	0.450870
0.000000	0.450870	0.000000	0.449285
0.000000	0.449285	0.000000	0.450339
0.000000	0.450339	0.000000	0.450555
0.000000	0.450555	0.000000	0.451654
0.000000	0.451654	0.000000	0.450166
0.000000	0.450166	0.000000	0.450405
0.000000	0.450405	0.000000	0.450552
0.000000	0.450552	0.000000	0.452152
0.000000	0.452152	0.000000	0.451536
0.000000	0.451536	0.000000	0.451541
0.000000	0.451541	0.000000	0.452241
0.000000	0.452241	0.000000	0.451531
0.000000	0.451531	0.000000	0.451745
0.000000	0.451745	0.000000	0.452042
0.000000	0.452042	0.000000	0.451802
0.000000	0.451802	0.000000	0.450265
0.000000	0.450265	0.000000	0.449174
0.000000	0.449174	0.000000	0.449385
0.000000	0.449385	0.000000	0.450154
0.000000	0.450154	0.000000	0.450537
0.000000	0.450537	0.000000	0.449312
0.000000	0.449312	0.000000	0.449233
0.000000	0.449233	0.000000	0.447767
0.000000	0.447767	0.000000	0.446805
0.000000	0.446805	0.000000	0.448367
0.000000	0.448367	0.000000	0.447712
0.000000	0.447712	0.000000	0.447906
0.000000	0.447906	0.000000	0.448370
0.000000	0.448370	0.000000	0.450467
0.000000	0.450467	0.000000	0.450214
0.000000	0.450214	0.000000	0.449003
0.000000	0.449003	0.000000	0.449508
0.000000	0.449508	0.000000	0.448964
0.000000	0.448964	0.000000	0.449409
0.000000	0.449409	0.000000	0.450790
0.000000	0.450790	0.000000	0.451273
0.000000	0.451273	0.000000	0.451956
0.000000	0.451956	0.000000	0.450946
0.000000	0.450946	0.000000	0.450498
0.000000	0.450498	0.000000	0.449653
0.000000	0.449653	0.000000	0.447587
0.000000	0.447587	0.000000	0.446396
0.000000	0.446396	0.000000	0.446183
0.000000	0.446183	0.000000	0.446436
0.000000	0.446436	0.000000	0.446791
0.000000	0.446791	0.000000	0.446468
0.000000	0.446468	0.000000	0.444769
0.000000	0.444769	0.000000	0.444268
0.000000	0.444268	0.000000	0.444124
0.000000	0.444124	0.000000	0.443738
0.000000	0.443738	0.000000	0.443801
0.000000	0.443801	0.000000	0.443927
0.000000	0.443927	0.000000	0.444803
0.000000	0.444803	0.000000	0.444167
0.000000	0.444167	0.000000	0.443988
0.000000	0.443988	0.000000	0.445348
0.000000	0.445348	0.000000	0.444271
0.000000	0.444271	0.000000	0.444563
0.000000	0.444563	0.000000	0.444348
0.000000	0.444348	0.000000	0.445935
0.000000	0.445935	0.000000	0.446592
0.000000	0.446592	0.000000	0.448139
0.000000	0.448139	0.000000	0.448829
0.000000	0.448829	0.000000	0.449008
0.000000	0.449008	0.000000	0.448436
0.000000	0.448436	0.000000	0.448848
0.000000	0.448848	0.000000	0.447594
0.000000	0.447594	0.000000	0.447621
0.000000	0.447621	0.000000	0.446402
0.000000	0.446402	0.000000	0.447883
0.000000	0.447883	0.000000	0.446967
0.000000	0.446967	0.000000	0.446604
0.000000	0.446604	0.000000	0.447025
0.000000	0.447025	0.000000	0.446308
0.000000	0.446308	0.000000	0.447151
0.000000	0.447151	0.000000	0.447337
0.000000	0.447337	0.000000	0.445328
0.000000	0.445328	0.000000	0.446881
0.000000	0.446881	0.000000	0.447885
0.000000	0.447885	0.000000	0.447245
0.000000	0.447245	0.000000	0.446524
0.000000	0.446524	0.000000	0.448113
0.000000	0.448113	0.000000	0.447337
0.000000	0.447337	0.000000	0.447266
0.000000	0.447266	0.000000	0.448040
0.000000	0.448040	0.000000	0.447829
0.000000	0.447829	0.000000	0.448524
0.000000	0.448524	0.000000	0.448283
0.000000	0.448283	0.000000	0.449411
0.000000	0.449411	0.000000	0.449126
0.000000	0.449126	0.000000	0.449748
0.000000	0.449748	0.000000	0.449200
0.000000	0.449200	0.000000	0.449638
0.000000	0.449638	0.000000	0.449611
0.000000	0.449611	0.000000	0.450498
0.000000	0.450498	0.000000	0.451036
0.000000	0.451036	0.000000	0.450752
0.000000	0.450752	0.000000	0.449031
0.000000	0.449031	0.000000	0.449552
0.000000	0.449552	0.000000	0.450219
0.000000	0.450219	0.000000	0.450246
0.000000	0.450246	0.000000	0.451284
0.000000	0.451284	0.000000	0.450380
0.000000	0.450380	0.000000	0.451065
0.000000	0.451065	0.000000	0.450872
0.000000	0.450872	0.000000	0.452176
0.000000	0.452176	0.000000	0.451016
0.000000	0.451016	0.000000	0.451849
0.000000	0.451849	0.000000	0.452159
0.000000	0.452159	0.000000	0.451840
0.000000	0.451840	0.000000	0.453905
0.000000	0.453905	0.000000	0.452229
0.000000	0.452229	0.000000	0.453597
0.349505	0.149671	0.015275	0.147148
0.015275	0.147148	0.000761	0.153367
0.000761	0.153367	0.000103	0.167393
0.000103	0.167393	0.000002	0.187744
0.000002	0.187744	0.000000	0.214513
0.000000	0.214513	0.000000	0.245943
0.000000	0.245943	0.000000	0.281785
0.000000	0.281785	0.000000	0.317471
0.000000	0.317471	0.000000	0.352098
0.000000	0.352098	0.000000	0.381645
0.000000	0.381645	0.000000	0.409659
0.000000	0.409659	0.000000	0.429730
0.000000	0.429730	0.000000	0.445411
0.000000	0.445411	0.000000	0.456212
0.000000	0.456212	0.000000	0.462233
0.000000	0.462233	0.000000	0.467068
0.000000	0.467068	0.000000	0.469122
0.000000	0.469122	0.000000	0.471066
0.000000	0.471066	0.000000	0.472185
0.000000	0.472185	0.000000	0.472383
0.000000	0.472383	0.000000	0.473759
0.000000	0.473759	0.000000	0.473416
0.000000	0.473416	0.000000	0.475059
0.000000	0.475059	0.000000	0.477717
0.000000	0.477717	0.000000	0.479659
0.000000	0.479659	0.000000	0.480109
0.000000	0.480109	0.000000	0.479865
0.000000	0.479865	0.000000	0.477911
0.000000	0.477911	0.000000	0.478132
0.000000	0.478132	0.000000	0.479984
0.000000	0.479984	0.000000	0.480489
0.000000	0.480489	0.000000	0.479250
0.000000	0.479250	0.000000	0.480882
0.000000	0.480882	0.000000	0.482921
0.000000	0.482921	0.000000	0.482191
0.000000	0.482191	0.000000	0.482335
0.000000	0.482335	0.000000	0.481702
0.000000	0.481702	0.000000	0.481965
0.000000	0.481965	0.000000	0.479915
0.000000	0.479915	0.000000	0.480117
0.000000	0.480117	0.000000	0.480990
0.000000	0.480990	0.000000	0.480421
0.000000	0.480421	0.000000	0.480676
0.000000	0.480676	0.000000	0.480430
0.000000	0.480430	0.000000	0.479294
0.000000	0.479294	0.000000	0.480985
0.000000	0.480985	0.000000	0.479781
0.000000	0.479781	0.000000	0.478198
0.000000	0.478198	0.000000	0.478041
0.000000	0.478041	0.000000	0.477985
0.000000	0.477985	0.000000	0.476610
0.000000	0.476610	0.000000	0.476510
0.000000	0.476510	0.000000	0.476731
0.000000	0.476731	0.000000	0.476247
0.000000	0.476247	0.000000	0.475162
0.000000	0.475162	0.000000	0.476335
0.000000	0.476335	0.000000	0.476968
0.000000	0.476968	0.000000	0.477463
0.000000	0.477463	0.000000	0.479547
0.000000	0.479547	0.000000	0.481550
0.000000	0.481550	0.000000	0.482483
0.000000	0.482483	0.000000	0.482506
0.000000	0.482506	0.000000	0.481607
0.000000	0.481607	0.000000	0.481213
0.000000	0.481213	0.000000	0.480211
0.000000	0.480211	0.000000	0.479844
0.000000	0.479844	0.000000	0.481528
0.000000	0.481528	0.000000	0.481291
0.000000	0.481291	0.000000	0.481695
0.000000	0.481695	0.000000	0.481660
0.000000	0.481660	0.000000	0.481757
0.000000	0.481757	0.000000	0.481838
0.000000	0.481838	0.000000	0.480537
0.000000	0.480537	0.000000	0.481361
0.000000	0.481361	0.000000	0.480469
0.000000	0.480469	0.000000	0.479410
0.000000	0.479410	0.000000	0.478290
0.000000	0.478290	0.000000	0.478986
0.000000	0.478986	0.000000	0.481041
0.000000	0.481041	0.000000	0.480541
0.000000	0.480541	0.000000	0.479561
0.000000	0.479561	0.000000	0.477681
0.000000	0.477681	0.000000	0.479079
0.000000	0.479079	0.000000	0.478475
0.000000	0.478475	0.000000	0.477068
0.000000	0.477068	0.000000	0.475828
0.000000	0.475828	0.000000	0.475492
0.000000	0.475492	0.000000	0.475755
0.000000	0.475755	0.000000	0.475687
0.000000	0.475687	0.000000	0.475527
0.000000	0.475527	0.000000	0.474219
0.000000	0.474219	0.000000	0.472094
0.000000	0.472094	0.000000	0.471321
0.000000	0.471321	0.000000	0.470639
0.000000	0.470639	0.000000	0.472442
0.000000	0.472442	0.000000	0.470862
0.000000	0.470862	0.000000	0.471567
0.000000	0.471567	0.000000	0.471131
0.000000	0.471131	0.000000	0.471223
0.000000	0.471223	0.000000	0.470476
0.000000	0.470476	0.000000	0.470330
0.000000	0.470330	0.000000	0.470774
0.000000	0.470774	0.000000	0.471499
0.000000	0.471499	0.000000	0.471777
0.000000	0.471777	0.000000	0.472059
0.000000	0.472059	0.000000	0.473540
0.000000	0.473540	0.000000	0.474761
0.000000	0.474761	0.000000	0.472887
0.000000	0.472887	0.000000	0.472074
0.000000	0.472074	0.000000	0.469855
0.000000	0.469855	0.000000	0.471264
0.000000	0.471264	0.000000	0.472505
0.000000	0.472505	0.000000	0.473115
0.000000	0.473115	0.000000	0.471875
0.000000	0.471875	0.000000	0.471997
0.000000	0.471997	0.000000	0.470363
0.000000	0.470363	0.000000	0.469989
0.000000	0.469989	0.000000	0.469949
0.000000	0.469949	0.000000	0.468720
0.000000	0.468720	0.000000	0.469656
0.000000	0.469656	0.000000	0.471348
0.000000	0.471348	0.000000	0.469126
0.000000	0.469126	0.000000	0.469410
0.000000	0.469410	0.000000	0.468791
0.000000	0.468791	0.000000	0.468771
0.000000	0.468771	0.000000	0.467537
0.000000	0.467537	0.000000	0.466927
0.000000	0.466927	0.000000	0.467658
0.000000	0.467658	0.000000	0.467439
0.000000	0.467439	0.000000	0.468773
0.000000	0.468773	0.000000	0.468660
0.000000	0.468660	0.000000	0.469307
0.000000	0.469307	0.000000	0.469499
0.000000	0.469499	0.000000	0.469287
0.000000	0.469287	0.000000	0.470150
0.000000	0.470150	0.000000	0.469979
0.000000	0.469979	0.000000	0.471132
0.000000	0.471132	0.000000	0.471850
0.000000	0.471850	0.000000	0.472231
0.000000	0.472231	0.000000	0.472133
0.000000	0.472133	0.000000	0.471699
0.000000	0.471699	0.000000	0.473049
0.000000	0.473049	0.000000	0.472516
0.000000	0.472516	0.000000	0.474301
0.000000	0.474301	0.000000	0.474021
0.000000	0.474021	0.000000	0.475155
0.000000	0.475155	0.000000	0.475345
0.000000	0.475345	0.000000	0.476234
0.000000	0.476234	0.000000	0.475806
0.000000	0.475806	0.000000	0.476045
0.000000	0.476045	0.000000	0.475189
0.000000	0.475189	0.000000	0.476195
0.000000	0.476195	0.000000	0.474354
0.000000	0.474354	0.000000	0.473805
0.000000	0.473805	0.000000	0.473001
0.000000	0.473001	0.000000	0.473844
0.000000	0.473844	0.000000	0.474574
0.000000	0.474574	0.000000	0.476339
0.000000	0.476339	0.000000	0.476200
0.000000	0.476200	0.000000	0.475646
0.000000	0.475646	0.000000	0.475479
0.000000	0.475479	0.000000	0.475149
0.000000	0.475149	0.000000	0.473900
0.000000	0.473900	0.000000	0.474212
0.000000	0.474212	0.000000	0.474401
0.000000	0.474401	0.000000	0.474517
0.000000	0.474517	0.000000	0.473808
0.000000	0.473808	0.000000	0.472545
0.000000	0.472545	0.000000	0.472414
0.000000	0.472414	0.000000	0.472006
0.000000	0.472006	0.000000	0.471608
0.000000	0.471608	0.000000	0.472464
0.000000	0.472464	0.000000	0.471278
0.000000	0.471278	0.000000	0.471725
0.000000	0.471725	0.000000	0.472090
0.000000	0.472090	0.000000	0.471765
0.000000	0.471765	0.000000	0.471448
0.000000	0.471448	0.000000	0.473703
0.000000	0.473703	0.000000	0.472818
0.000000	0.472818	0.000000	0.472092
0.000000	0.472092	0.000000	0.471729
0.000000	0.471729	0.000000	0.471632
0.000000	0.471632	0.000000	0.471652
0.000000	0.471652	0.000000	0.472799
0.000000	0.472799	0.000000	0.472397
0.000000	0.472397	0.000000	0.471847
0.000000	0.471847	0.000000	0.472052
0.000000	0.472052	0.000000	0.472931
0.000000	0.472931	0.000000	0.472257
0.000000	0.472257	0.000000	0.471534
0.000000	0.471534	0.000000	0.473150
0.000000	0.473150	0.000000	0.471709
0.000000	0.471709	0.000000	0.472007
0.000000	0.472007	0.000000	0.471895
0.000000	0.471895	0.000000	0.471551
0.000000	0.471551	0.000000	0.471278
0.000000	0.471278	0.000000	0.470841
0.000000	0.470841	0.000000	0.470845
0.000000	0.470845	0.000000	0.472253
0.350611	0.100160	0.009722	0.098163
0.009722	0.098163	0.000407	0.102876
0.000407	0.102876	0.000027	0.112399
0.000027	0.112399	0.000000	0.127836
0.000000	0.127836	0.000000	0.148208
0.000000	0.148208	0.000000	0.175357
0.000000	0.175357	0.000000	0.208581
0.000000	0.208581	0.000000	0.247327
0.000000	0.247327	0.000000	0.287974
0.000000	0.287974	0.000000	0.328107
0.000000	0.328107	0.000000	0.366171
0.000000	0.366171	0.000000	0.399769
0.000000	0.399769	0.000000	0.426579
0.000000	0.426579	0.000000	0.447436
0.000000	0.447436	0.000000	0.462476
0.000000	0.462476	0.000000	0.472936
0.000000	0.472936	0.000000	0.479595
0.000000	0.479595	0.000000	0.483372
0.000000	0.483372	0.000000	0.486824
0.000000	0.486824	0.000000	0.489136
0.000000	0.489136	0.000000	0.490851
0.000000	0.490851	0.000000	0.490232
0.000000	0.490232	0.000000	0.491989
0.000000	0.491989	0.000000	0.491114
0.000000	0.491114	0.000000	0.490421
0.000000	0.490421	0.000000	0.490993
0.000000	0.490993	0.000000	0.491490
0.000000	0.491490	0.000000	0.491469
0.000000	0.491469	0.000000	0.492404
0.000000	0.492404	0.000000	0.492166
0.000000	0.492166	0.000000	0.491357
0.000000	0.491357	0.000000	0.491009
0.000000	0.491009	0.000000	0.491574
0.000000	0.491574	0.000000	0.490786
0.000000	0.490786	0.000000	0.491862
0.000000	0.491862	0.000000	0.491764
0.000000	0.491764	0.000000	0.491459
0.000000	0.491459	0.000000	0.492594
0.000000	0.492594	0.000000	0.492285
0.000000	0.492285	0.000000	0.493326
0.000000	0.493326	0.000000	0.493085
0.000000	0.493085	0.000000	0.492275
0.000000	0.492275	0.000000	0.494365
0.000000	0.494365	0.000000	0.493957
0.000000	0.493957	0.000000	0.495418
0.000000	0.495418	0.000000	0.495496
0.000000	0.495496	0.000000	0.494699
0.000000	0.494699	0.000000	0.495849
0.000000	0.495849	0.000000	0.495206
0.000000	0.495206	0.000000	0.496589
0.000000	0.496589	0.000000	0.496738
0.000000	0.496738	0.000000	0.497353
0.000000	0.497353	0.000000	0.494344
0.000000	0.494344	0.000000	0.496188
0.000000	0.496188	0.000000	0.496901
0.000000	0.496901	0.000000	0.495639
0.000000	0.495639	0.000000	0.495658
0.000000	0.495658	0.000000	0.493872
0.000000	0.493872	0.000000	0.493394
0.000000	0.493394	0.000000	0.493654
0.000000	0.493654	0.000000	0.493975
0.000000	0.493975	0.000000	0.496842
0.000000	0.496842	0.000000	0.495436
0.000000	0.495436	0.000000	0.496589
0.000000	0.496589	0.000000	0.496530
0.000000	0.496530	0.000000	0.495741
0.000000	0.495741	0.000000	0.497399
0.000000	0.497399	0.000000	0.497650
0.000000	0.497650	0.000000	0.498475
0.000000	0.498475	0.000000	0.499907
0.000000	0.499907	0.000000	0.500327
0.000000	0.500327	0.000000	0.498976
0.000000	0.498976	0.000000	0.499346
0.000000	0.499346	0.000000	0.499964
0.000000	0.499964	0.000000	0.500426
0.000000	0.500426	0.000000	0.499681
0.000000	0.499681	0.000000	0.500318
0.000000	0.500318	0.000000	0.500412
0.000000	0.500412	0.000000	0.499071
0.000000	0.499071	0.000000	0.497870
0.000000	0.497870	0.000000	0.497024
0.000000	0.497024	0.000000	0.497794
0.000000	0.497794	0.000000	0.496726
0.000000	0.496726	0.000000	0.494628
0.000000	0.494628	0.000000	0.494195
0.000000	0.494195	0.000000	0.493981
0.000000	0.493981	0.000000	0.493950
0.000000	0.493950	0.000000	0.493389
0.000000	0.493389	0.000000	0.492935
0.000000	0.492935	0.000000	0.493392
0.000000	0.493392	0.000000	0.493700
0.000000	0.493700	0.000000	0.493728
0.000000	0.493728	0.000000	0.492822
0.000000	0.492822	0.000000	0.493537
0.000000	0.493537	0.000000	0.494148
0.000000	0.494148	0.000000	0.492891
0.000000	0.492891	0.000000	0.491236
0.000000	0.491236	0.000000	0.490319
0.000000	0.490319	0.000000	0.492041
0.000000	0.492041	0.000000	0.493349
0.000000	0.493349	0.000000	0.493020
0.000000	0.493020	0.000000	0.493671
0.000000	0.493671	0.000000	0.495170
0.000000	0.495170	0.000000	0.495153
0.000000	0.495153	0.000000	0.496157
0.000000	0.496157	0.000000	0.497623
0.000000	0.497623	0.000000	0.497916
0.000000	0.497916	0.000000	0.498146
0.000000	0.498146	0.000000	0.499561
0.000000	0.499561	0.000000	0.500638
0.000000	0.500638	0.000000	0.500145
0.000000	0.500145	0.000000	0.499468
0.000000	0.499468	0.000000	0.499681
0.000000	0.499681	0.000000	0.499413
0.000000	0.499413	0.000000	0.499597
0.000000	0.499597	0.000000	0.499755
0.000000	0.499755	0.000000	0.500544
0.000000	0.500544	0.000000	0.501986
0.000000	0.501986	0.000000	0.501549
0.000000	0.501549	0.000000	0.499292
0.000000	0.499292	0.000000	0.498746
0.000000	0.498746	0.000000	0.499670
0.000000	0.499670	0.000000	0.497892
0.000000	0.497892	0.000000	0.497828
0.000000	0.497828	0.000000	0.499712
0.000000	0.499712	0.000000	0.499615
0.000000	0.499615	0.000000	0.500658
0.000000	0.500658	0.000000	0.501715
0.000000	0.501715	0.000000	0.500755
0.000000	0.500755	0.000000	0.499751
0.000000	0.499751	0.000000	0.499213
0.000000	0.499213	0.000000	0.498353
0.000000	0.498353	0.000000	0.497661
0.000000	0.497661	0.000000	0.496526
0.000000	0.496526	0.000000	0.498245
0.000000	0.498245	0.000000	0.496626
0.000000	0.496626	0.000000	0.497922
0.000000	0.497922	0.000000	0.496958
0.000000	0.496958	0.000000	0.496386
0.000000	0.496386	0.000000	0.497674
0.000000	0.497674	0.000000	0.498266
0.000000	0.498266	0.000000	0.496782
0.000000	0.496782	0.000000	0.496387
0.000000	0.496387	0.000000	0.495499
0.000000	0.495499	0.000000	0.493653
0.000000	0.493653	0.000000	0.492716
0.000000	0.492716	0.000000	0.492354
0.000000	0.492354	0.000000	0.491666
0.000000	0.491666	0.000000	0.490849
0.000000	0.490849	0.000000	0.490840
0.000000	0.490840	0.000000	0.490933
0.000000	0.490933	0.000000	0.491164
0.000000	0.491164	0.000000	0.492099
0.000000	0.492099	0.000000	0.492308
0.000000	0.492308	0.000000	0.492608
0.000000	0.492608	0.000000	0.493292
0.000000	0.493292	0.000000	0.492376
0.000000	0.492376	0.000000	0.490807
0.000000	0.490807	0.000000	0.490311
0.000000	0.490311	0.000000	0.489962
0.000000	0.489962	0.000000	0.489266
0.000000	0.489266	0.000000	0.489868
0.000000	0.489868	0.000000	0.488889
0.000000	0.488889	0.000000	0.490605
0.000000	0.490605	0.000000	0.490775
0.000000	0.490775	0.000000	0.491469
0.000000	0.491469	0.000000	0.491089
0.000000	0.491089	0.000000	0.489915
0.000000	0.489915	0.000000	0.487770
0.000000	0.487770	0.000000	0.487527
0.000000	0.487527	0.000000	0.488024
0.000000	0.488024	0.000000	0.488113
0.000000	0.488113	0.000000	0.488524
0.000000	0.488524	0.000000	0.488829
0.000000	0.488829	0.000000	0.488015
0.000000	0.488015	0.000000	0.488857
0.000000	0.488857	0.000000	0.488403
0.000000	0.488403	0.000000	0.488795
0.000000	0.488795	0.000000	0.489534
0.000000	0.489534	0.000000	0.490201
0.000000	0.490201	0.000000	0.489488
0.000000	0.489488	0.000000	0.490473
0.000000	0.490473	0.000000	0.490932
0.000000	0.490932	0.000000	0.491589
0.000000	0.491589	0.000000	0.490765
0.000000	0.490765	0.000000	0.491403
0.000000	0.491403	0.000000	0.490142
0.000000	0.490142	0.000000	0.491015
0.000000	0.491015	0.000000	0.492164
0.000000	0.492164	0.000000	0.493036
0.000000	0.493036	0.000000	0.494210
0.000000	0.494210	0.000000	0.493052
0.000000	0.493052	0.000000	0.493145
0.000000	0.493145	0.000000	0.492441
0.000000	0.492441	0.000000	0.493894
0.000000	0.493894	0.000000	0.493825
0.000000	0.493825	0.000000	0.493822
0.000000	0.493822	0.000000	0.494965
0.000000	0.494965	0.000000	0.495230
0.351114	0.049926	0.006021	0.048359
0.006021	0.048359	0.000142	0.049217
0.000142	0.049217	0.000016	0.053431
0.000016	0.053431	0.000002	0.060859
0.000002	0.060859	0.000005	0.072297
0.000005	0.072297	0.000000	0.088330
0.000000	0.088330	0.000000	0.108594
0.000000	0.108594	0.000000	0.132629
0.000000	0.132629	0.000000	0.162015
0.000000	0.162015	0.000000	0.195774
0.000000	0.195774	0.000000	0.231889
0.000000	0.231889	0.000000	0.267980
0.000000	0.267980	0.000000	0.303264
0.000000	0.303264	0.000000	0.336047
0.000000	0.336047	0.000000	0.365241
0.000000	0.365241	0.000000	0.391392
0.000000	0.391392	0.000000	0.412784
0.000000	0.412784	0.000000	0.430392
0.000000	0.430392	0.000000	0.444949
0.000000	0.444949	0.000000	0.454452
0.000000	0.454452	0.000000	0.461164
0.000000	0.461164	0.000000	0.466934
0.000000	0.466934	0.000000	0.470913
0.000000	0.470913	0.000000	0.473119
0.000000	0.473119	0.000000	0.474194
0.000000	0.474194	0.000000	0.474909
0.000000	0.474909	0.000000	0.476229
0.000000	0.476229	0.000000	0.476950
0.000000	0.476950	0.000000	0.476274
0.000000	0.476274	0.000000	0.475772
0.000000	0.475772	0.000000	0.475823
0.000000	0.475823	0.000000	0.474892
0.000000	0.474892	0.000000	0.472963
0.000000	0.472963	0.000000	0.469583
0.000000	0.469583	0.000000	0.466886
0.000000	0.466886	0.000000	0.466116
0.000000	0.466116	0.000000	0.465985
0.000000	0.465985	0.000000	0.465335
0.000000	0.465335	0.000000	0.464983
0.000000	0.464983	0.000000	0.464624
0.000000	0.464624	0.000000	0.464012
0.000000	0.464012	0.000000	0.464840
0.000000	0.464840	0.000000	0.465089
0.000000	0.465089	0.000000	0.465781
0.000000	0.465781	0.000000	0.464820
0.000000	0.464820	0.000000	0.464893
0.000000	0.464893	0.000000	0.463909
0.000000	0.463909	0.000000	0.465486
0.000000	0.465486	0.000000	0.466222
0.000000	0.466222	0.000000	0.468387
0.000000	0.468387	0.000000	0.468387
0.000000	0.468387	0.000000	0.468758
0.000000	0.468758	0.000000	0.469560
0.000000	0.469560	0.000000	0.470055
0.000000	0.470055	0.000000	0.470635
0.000000	0.470635	0.000000	0.469235
0.000000	0.469235	0.000000	0.469749
0.000000	0.469749	0.000000	0.468897
0.000000	0.468897	0.000000	0.469054
0.000000	0.469054	0.000000	0.471120
0.000000	0.471120	0.000000	0.471061
0.000000	0.471061	0.000000	0.470462
0.000000	0.470462	0.000000	0.470501
0.000000	0.470501	0.000000	0.470795
0.000000	0.470795	0.000000	0.472667
0.000000	0.472667	0.000000	0.471141
0.000000	0.471141	0.000000	0.469039
0.000000	0.469039	0.000000	0.468032
0.000000	0.468032	0.000000	0.469721
0.000000	0.469721	0.000000	0.470100
0.000000	0.470100	0.000000	0.468490
0.000000	0.468490	0.000000	0.467925
0.000000	0.467925	0.000000	0.467673
0.000000	0.467673	0.000000	0.469218
0.000000	0.469218	0.000000	0.469407
0.000000	0.469407	0.000000	0.470571
0.000000	0.470571	0.000000	0.470580
0.000000	0.470580	0.000000	0.470763
0.000000	0.470763	0.000000	0.471468
0.000000	0.471468	0.000000	0.470111
0.000000	0.470111	0.000000	0.470227
0.000000	0.470227	0.000000	0.469200
0.000000	0.469200	0.000000	0.470631
0.000000	0.470631	0.000000	0.470607
0.000000	0.470607	0.000000	0.468831
0.000000	0.468831	0.000000	0.468858
0.000000	0.468858	0.000000	0.470037
0.000000	0.470037	0.000000	0.470124
0.000000	0.470124	0.000000	0.470448
0.000000	0.470448	0.000000	0.471598
0.000000	0.471598	0.000000	0.472880
0.000000	0.472880	0.000000	0.473420
0.000000	0.473420	0.000000	0.474595
0.000000	0.474595	0.000000	0.473805
0.000000	0.473805	0.000000	0.475561
0.000000	0.475561	0.000000	0.474775
0.000000	0.474775	0.000000	0.475193
0.000000	0.475193	0.000000	0.474735
0.000000	0.474735	0.000000	0.474223
0.000000	0.474223	0.000000	0.473284
0.000000	0.473284	0.000000	0.471913
0.000000	0.471913	0.000000	0.471276
0.000000	0.471276	0.000000	0.469931
0.000000	0.469931	0.000000	0.470386
0.000000	0.470386	0.000000	0.468859
0.000000	0.468859	0.000000	0.469786
0.000000	0.469786	0.000000	0.470888
0.000000	0.470888	0.000000	0.470768
0.000000	0.470768	0.000000	0.472027
0.000000	0.472027	0.000000	0.471846
0.000000	0.471846	0.000000	0.472612
0.000000	0.472612	0.000000	0.472976
0.000000	0.472976	0.000000	0.472845
0.000000	0.472845	0.000000	0.472168
0.000000	0.472168	0.000000	0.473849
0.000000	0.473849	0.000000	0.472816
0.000000	0.472816	0.000000	0.472263
0.000000	0.472263	0.000000	0.473506
0.000000	0.473506	0.000000	0.473192
0.000000	0.473192	0.000000	0.472830
0.000000	0.472830	0.000000	0.472136
0.000000	0.472136	0.000000	0.472042
0.000000	0.472042	0.000000	0.471071
0.000000	0.471071	0.000000	0.471929
0.000000	0.471929	0.000000	0.474835
0.000000	0.474835	0.000000	0.475724
0.000000	0.475724	0.000000	0.475511
0.000000	0.475511	0.000000	0.474314
0.000000	0.474314	0.000000	0.473497
0.000000	0.473497	0.000000	0.472222
0.000000	0.472222	0.000000	0.471904
0.000000	0.471904	0.000000	0.472293
0.000000	0.472293	0.000000	0.473454
0.000000	0.473454	0.000000	0.474270
0.000000	0.474270	0.000000	0.473601
0.000000	0.473601	0.000000	0.474505
0.000000	0.474505	0.000000	0.473956
0.000000	0.473956	0.000000	0.473729
0.000000	0.473729	0.000000	0.474769
0.000000	0.474769	0.000000	0.475793
0.000000	0.475793	0.000000	0.475680
0.000000	0.475680	0.000000	0.474629
0.000000	0.474629	0.000000	0.474836
0.000000	0.474836	0.000000	0.476666
0.000000	0.476666	0.000000	0.476994
0.000000	0.476994	0.000000	0.477072
0.000000	0.477072	0.000000	0.477189
0.000000	0.477189	0.000000	0.477834
0.000000	0.477834	0.000000	0.476543
0.000000	0.476543	0.000000	0.475031
0.000000	0.475031	0.000000	0.475495
0.000000	0.475495	0.000000	0.474540
0.000000	0.474540	0.000000	0.473735
0.000000	0.473735	0.000000	0.473586
0.000000	0.473586	0.000000	0.475172
0.000000	0.475172	0.000000	0.474048
0.000000	0.474048	0.000000	0.474625
0.000000	0.474625	0.000000	0.475589
0.000000	0.475589	0.000000	0.476249
0.000000	0.476249	0.000000	0.475570
0.000000	0.475570	0.000000	0.474819
0.000000	0.474819	0.000000	0.473879
0.000000	0.473879	0.000000	0.473552
0.000000	0.473552	0.000000	0.473318
0.000000	0.473318	0.000000	0.472617
0.000000	0.472617	0.000000	0.473388
0.000000	0.473388	0.000000	0.474179
0.000000	0.474179	0.000000	0.473729
0.000000	0.473729	0.000000	0.474162
0.000000	0.474162	0.000000	0.475032
0.000000	0.475032	0.000000	0.474861
0.000000	0.474861	0.000000	0.475400
0.000000	0.475400	0.000000	0.475545
0.000000	0.475545	0.000000	0.475302
0.000000	0.475302	0.000000	0.476754
0.000000	0.476754	0.000000	0.477751
0.000000	0.477751	0.000000	0.478025
0.000000	0.478025	0.000000	0.476512
0.000000	0.476512	0.000000	0.475226
0.000000	0.475226	0.000000	0.474217
0.000000	0.474217	0.000000	0.475365
0.000000	0.475365	0.000000	0.475801
0.000000	0.475801	0.000000	0.474104
0.000000	0.474104	0.000000	0.474530
0.000000	0.474530	0.000000	0.476248
0.000000	0.476248	0.000000	0.474702
0.000000	0.474702	0.000000	0.476451
0.000000	0.476451	0.000000	0.475456
0.000000	0.475456	0.000000	0.477153
0.000000	0.477153	0.000000	0.476780
0.000000	0.476780	0.000000	0.477003
0.000000	0.477003	0.000000	0.477489
0.000000	0.477489	0.000000	0.478765
0.000000	0.478765	0.000000	0.479438
0.000000	0.479438	0.000000	0.480078
0.000000	0.480078	0.000000	0.478806
0.000000	0.478806	0.000000	0.478175
0.000000	0.478175	0.000000	0.477557
0.000000	0.477557	0.000000	0.476466
