0.350419	0.449089	0.146032	0.440282
0.146032	0.440282	0.060668	0.420931
0.060668	0.420931	0.030628	0.408812
0.030628	0.408812	0.017975	0.402078
0.017975	0.402078	0.011851	0.396248
0.011851	0.396248	0.008076	0.393450
0.008076	0.393450	0.005989	0.391367
0.005989	0.391367	0.004631	0.388690
0.004631	0.388690	0.003777	0.386158
0.003777	0.386158	0.003160	0.386344
0.003160	0.386344	0.002528	0.386278
0.002528	0.386278	0.002022	0.385432
0.002022	0.385432	0.001581	0.384708
0.001581	0.384708	0.001268	0.385024
0.001268	0.385024	0.001074	0.384462
0.001074	0.384462	0.000971	0.383174
0.000971	0.383174	0.000851	0.384758
0.000851	0.384758	0.000632	0.386586
0.000632	0.386586	0.000551	0.388323
0.000551	0.388323	0.000477	0.388739
0.000477	0.388739	0.000451	0.390109
0.000451	0.390109	0.000345	0.389395
0.000345	0.389395	0.000285	0.388470
0.000285	0.388470	0.000320	0.387397
0.000320	0.387397	0.000270	0.386865
0.000270	0.386865	0.000233	0.387456
0.000233	0.387456	0.000230	0.387225
0.000230	0.387225	0.000252	0.388552
0.000252	0.388552	0.000229	0.388300
0.000229	0.388300	0.000258	0.386433
0.000258	0.386433	0.000202	0.386822
0.000202	0.386822	0.000176	0.386246
0.000176	0.386246	0.000102	0.386002
0.000102	0.386002	0.000048	0.385685
0.000048	0.385685	0.000032	0.385717
0.000032	0.385717	0.000004	0.386281
0.000004	0.386281	0.000000	0.386597
0.000000	0.386597	0.000000	0.387882
0.000000	0.387882	0.000000	0.385792
0.000000	0.385792	0.000000	0.386531
0.000000	0.386531	0.000000	0.386142
0.000000	0.386142	0.000000	0.388052
0.000000	0.388052	0.000000	0.387360
0.000000	0.387360	0.000000	0.386781
0.000000	0.386781	0.000000	0.386864
0.000000	0.386864	0.000000	0.386873
0.000000	0.386873	0.000000	0.386760
0.000000	0.386760	0.000000	0.387208
0.000000	0.387208	0.000000	0.387652
0.000000	0.387652	0.000000	0.386809
0.000000	0.386809	0.000000	0.386436
0.000000	0.386436	0.000000	0.385192
0.000000	0.385192	0.000000	0.384673
0.000000	0.384673	0.000000	0.383937
0.000000	0.383937	0.000000	0.384485
0.000000	0.384485	0.000000	0.384113
0.000000	0.384113	0.000000	0.382248
0.000000	0.382248	0.000000	0.382131
0.000000	0.382131	0.000000	0.383347
0.000000	0.383347	0.000000	0.381197
0.000000	0.381197	0.000000	0.381174
0.000000	0.381174	0.000000	0.381086
0.000000	0.381086	0.000000	0.380909
0.000000	0.380909	0.000000	0.380381
0.000000	0.380381	0.000000	0.380787
0.000000	0.380787	0.000000	0.381639
0.000000	0.381639	0.000000	0.382548
0.000000	0.382548	0.000000	0.382523
0.000000	0.382523	0.000000	0.379720
0.000000	0.379720	0.000000	0.379672
0.000000	0.379672	0.000000	0.379736
0.000000	0.379736	0.000000	0.379219
0.000000	0.379219	0.000000	0.379640
0.000000	0.379640	0.000000	0.379802
0.000000	0.379802	0.000000	0.380111
0.000000	0.380111	0.000000	0.378657
0.000000	0.378657	0.000000	0.378901
0.000000	0.378901	0.000000	0.380132
0.000000	0.380132	0.000000	0.378401
0.000000	0.378401	0.000000	0.378441
0.000000	0.378441	0.000000	0.377067
0.000000	0.377067	0.000000	0.376481
0.000000	0.376481	0.000000	0.376323
0.000000	0.376323	0.000000	0.375218
0.000000	0.375218	0.000000	0.375649
0.000000	0.375649	0.000000	0.375582
0.000000	0.375582	0.000000	0.374019
0.000000	0.374019	0.000000	0.372490
0.000000	0.372490	0.000000	0.372127
0.000000	0.372127	0.000000	0.373414
0.000000	0.373414	0.000000	0.372586
0.000000	0.372586	0.000000	0.373319
0.000000	0.373319	0.000000	0.373524
0.000000	0.373524	0.000000	0.373501
0.000000	0.373501	0.000000	0.371952
0.000000	0.371952	0.000000	0.369993
0.000000	0.369993	0.000000	0.369213
0.000000	0.369213	0.000000	0.369953
0.000000	0.369953	0.000000	0.369799
0.000000	0.369799	0.000000	0.370284
0.000000	0.370284	0.000000	0.370833
0.000000	0.370833	0.000000	0.372739
0.000000	0.372739	0.000000	0.372030
0.000000	0.372030	0.000000	0.370150
0.000000	0.370150	0.000000	0.369884
0.000000	0.369884	0.000000	0.370397
0.000000	0.370397	0.000000	0.369865
0.000000	0.369865	0.000000	0.369494
0.000000	0.369494	0.000000	0.369562
0.000000	0.369562	0.000000	0.370123
0.000000	0.370123	0.000000	0.368957
0.000000	0.368957	0.000000	0.368075
0.000000	0.368075	0.000000	0.367902
0.000000	0.367902	0.000000	0.366799
0.000000	0.366799	0.000000	0.364191
0.000000	0.364191	0.000000	0.363494
0.000000	0.363494	0.000000	0.363128
0.000000	0.363128	0.000000	0.361401
0.000000	0.361401	0.000000	0.362582
0.000000	0.362582	0.000000	0.362075
0.000000	0.362075	0.000000	0.361349
0.000000	0.361349	0.000000	0.360821
0.000000	0.360821	0.000000	0.360850
0.000000	0.360850	0.000000	0.362014
0.000000	0.362014	0.000000	0.362604
0.000000	0.362604	0.000000	0.361584
0.000000	0.361584	0.000000	0.361490
0.000000	0.361490	0.000000	0.362492
0.000000	0.362492	0.000000	0.362219
0.000000	0.362219	0.000000	0.360694
0.000000	0.360694	0.000000	0.360568
0.000000	0.360568	0.000000	0.360768
0.000000	0.360768	0.000000	0.359831
0.000000	0.359831	0.000000	0.358200
0.000000	0.358200	0.000000	0.356955
0.000000	0.356955	0.000000	0.356919
0.000000	0.356919	0.000000	0.354815
0.000000	0.354815	0.000000	0.353847
0.000000	0.353847	0.000000	0.353363
0.000000	0.353363	0.000000	0.353546
0.000000	0.353546	0.000000	0.353479
0.000000	0.353479	0.000000	0.353414
0.000000	0.353414	0.000000	0.353623
0.000000	0.353623	0.000000	0.353010
0.000000	0.353010	0.000000	0.352625
0.000000	0.352625	0.000000	0.354168
0.000000	0.354168	0.000000	0.353157
0.000000	0.353157	0.000000	0.352426
0.000000	0.352426	0.000000	0.351412
0.000000	0.351412	0.000000	0.351725
0.000000	0.351725	0.000000	0.350116
0.000000	0.350116	0.000000	0.351063
0.000000	0.351063	0.000000	0.350064
0.000000	0.350064	0.000000	0.349818
0.000000	0.349818	0.000000	0.349306
0.000000	0.349306	0.000000	0.348682
0.000000	0.348682	0.000000	0.348317
0.000000	0.348317	0.000000	0.349204
0.000000	0.349204	0.000000	0.348506
0.000000	0.348506	0.000000	0.348307
0.000000	0.348307	0.000000	0.347135
0.000000	0.347135	0.000000	0.347119
0.000000	0.347119	0.000000	0.345682
0.000000	0.345682	0.000000	0.344242
0.000000	0.344242	0.000000	0.343511
0.000000	0.343511	0.000000	0.342021
0.000000	0.342021	0.000000	0.341595
0.000000	0.341595	0.000000	0.341087
0.000000	0.341087	0.000000	0.341430
0.000000	0.341430	0.000000	0.339149
0.000000	0.339149	0.000000	0.338333
0.000000	0.338333	0.000000	0.338432
0.000000	0.338432	0.000000	0.337959
0.000000	0.337959	0.000000	0.337783
0.000000	0.337783	0.000000	0.336987
0.000000	0.336987	0.000000	0.336757
0.000000	0.336757	0.000000	0.337334
0.000000	0.337334	0.000000	0.337918
0.000000	0.337918	0.000000	0.336278
0.000000	0.336278	0.000000	0.335242
0.000000	0.335242	0.000000	0.335117
0.000000	0.335117	0.000000	0.334481
0.000000	0.334481	0.000000	0.333922
0.000000	0.333922	0.000000	0.334464
0.000000	0.334464	0.000000	0.335521
0.000000	0.335521	0.000000	0.335511
0.000000	0.335511	0.000000	0.333981
0.000000	0.333981	0.000000	0.333294
0.000000	0.333294	0.000000	0.332530
0.000000	0.332530	0.000000	0.333555
0.000000	0.333555	0.000000	0.331630
0.000000	0.331630	0.000000	0.331139
0.000000	0.331139	0.000000	0.330226
0.000000	0.330226	0.000000	0.329865
0.000000	0.329865	0.000000	0.329085
0.000000	0.329085	0.000000	0.327673
0.000000	0.327673	0.000000	0.327495
0.000000	0.327495	0.000000	0.325468
0.000000	0.325468	0.000000	0.324172
0.349919	0.400723	0.113785	0.389869
0.113785	0.389869	0.043464	0.375635
0.043464	0.375635	0.020879	0.363578
0.020879	0.363578	0.011428	0.357733
0.011428	0.357733	0.007210	0.352045
0.007210	0.352045	0.005027	0.349638
0.005027	0.349638	0.003718	0.346443
0.003718	0.346443	0.002914	0.345276
0.002914	0.345276	0.002381	0.346663
0.002381	0.346663	0.001876	0.348199
0.001876	0.348199	0.001479	0.347835
0.001479	0.347835	0.001302	0.345992
0.001302	0.345992	0.001171	0.345869
0.001171	0.345869	0.001075	0.345514
0.001075	0.345514	0.000955	0.345478
0.000955	0.345478	0.000876	0.345521
0.000876	0.345521	0.000888	0.344639
0.000888	0.344639	0.000817	0.343380
0.000817	0.343380	0.000796	0.342525
0.000796	0.342525	0.000715	0.343446
0.000715	0.343446	0.000575	0.344853
0.000575	0.344853	0.000460	0.344882
0.000460	0.344882	0.000477	0.345544
0.000477	0.345544	0.000421	0.345057
0.000421	0.345057	0.000403	0.346922
0.000403	0.346922	0.000384	0.345869
0.000384	0.345869	0.000430	0.344344
0.000430	0.344344	0.000411	0.345640
0.000411	0.345640	0.000376	0.345093
0.000376	0.345093	0.000377	0.343409
0.000377	0.343409	0.000355	0.342137
0.000355	0.342137	0.000344	0.342131
0.000344	0.342131	0.000317	0.342435
0.000317	0.342435	0.000268	0.342762
0.000268	0.342762	0.000255	0.343366
0.000255	0.343366	0.000222	0.342924
0.000222	0.342924	0.000243	0.341386
0.000243	0.341386	0.000334	0.340686
0.000334	0.340686	0.000331	0.340146
0.000331	0.340146	0.000347	0.340873
0.000347	0.340873	0.000341	0.341149
0.000341	0.341149	0.000336	0.341288
0.000336	0.341288	0.000292	0.340369
0.000292	0.340369	0.000296	0.340656
0.000296	0.340656	0.000271	0.340282
0.000271	0.340282	0.000250	0.338394
0.000250	0.338394	0.000246	0.337101
0.000246	0.337101	0.000272	0.336806
0.000272	0.336806	0.000218	0.334540
0.000218	0.334540	0.000272	0.332650
0.000272	0.332650	0.000249	0.331923
0.000249	0.331923	0.000180	0.331377
0.000180	0.331377	0.000165	0.329730
0.000165	0.329730	0.000093	0.329766
0.000093	0.329766	0.000051	0.329298
0.000051	0.329298	0.000036	0.328856
0.000036	0.328856	0.000023	0.328159
0.000023	0.328159	0.000024	0.327171
0.000024	0.327171	0.000025	0.326441
0.000025	0.326441	0.000019	0.325555
0.000019	0.325555	0.000012	0.324438
0.000012	0.324438	0.000003	0.323829
0.000003	0.323829	0.000001	0.323915
0.000001	0.323915	0.000000	0.323010
0.000000	0.323010	0.000000	0.322280
0.000000	0.322280	0.000000	0.321888
0.000000	0.321888	0.000000	0.319770
0.000000	0.319770	0.000000	0.317852
0.000000	0.317852	0.000000	0.318425
0.000000	0.318425	0.000000	0.319084
0.000000	0.319084	0.000000	0.317966
0.000000	0.317966	0.000000	0.317607
0.000000	0.317607	0.000000	0.317118
0.000000	0.317118	0.000000	0.315162
0.000000	0.315162	0.000000	0.315369
0.000000	0.315369	0.000000	0.314802
0.000000	0.314802	0.000000	0.314845
0.000000	0.314845	0.000000	0.314268
0.000000	0.314268	0.000000	0.312132
0.000000	0.312132	0.000000	0.312337
0.000000	0.312337	0.000000	0.311387
0.000000	0.311387	0.000000	0.309458
0.000000	0.309458	0.000000	0.306759
0.000000	0.306759	0.000000	0.306142
0.000000	0.306142	0.000000	0.305771
0.000000	0.305771	0.000000	0.304783
0.000000	0.304783	0.000000	0.303184
0.000000	0.303184	0.000000	0.302884
0.000000	0.302884	0.000000	0.301513
0.000000	0.301513	0.000000	0.300752
0.000000	0.300752	0.000000	0.299334
0.000000	0.299334	0.000000	0.298657
0.000000	0.298657	0.000000	0.296767
0.000000	0.296767	0.000000	0.296508
0.000000	0.296508	0.000000	0.294953
0.000000	0.294953	0.000000	0.294240
0.000000	0.294240	0.000000	0.293505
0.000000	0.293505	0.000000	0.292568
0.000000	0.292568	0.000000	0.293480
0.000000	0.293480	0.000000	0.291954
0.000000	0.291954	0.000000	0.292052
0.000000	0.292052	0.000000	0.291973
0.000000	0.291973	0.000000	0.290446
0.000000	0.290446	0.000000	0.290319
0.000000	0.290319	0.000000	0.289255
0.000000	0.289255	0.000000	0.288792
0.000000	0.288792	0.000000	0.288454
0.000000	0.288454	0.000000	0.286110
0.000000	0.286110	0.000000	0.284249
0.000000	0.284249	0.000000	0.283786
0.000000	0.283786	0.000000	0.283483
0.000000	0.283483	0.000000	0.283370
0.000000	0.283370	0.000000	0.282716
0.000000	0.282716	0.000000	0.283371
0.000000	0.283371	0.000000	0.281834
0.000000	0.281834	0.000000	0.279691
0.000000	0.279691	0.000000	0.278433
0.000000	0.278433	0.000000	0.277452
0.000000	0.277452	0.000000	0.275680
0.000000	0.275680	0.000000	0.275284
0.000000	0.275284	0.000000	0.274247
0.000000	0.274247	0.000000	0.273260
0.000000	0.273260	0.000000	0.272971
0.000000	0.272971	0.000000	0.271663
0.000000	0.271663	0.000000	0.271154
0.000000	0.271154	0.000000	0.269638
0.000000	0.269638	0.000000	0.270090
0.000000	0.270090	0.000000	0.269754
0.000000	0.269754	0.000000	0.270216
0.000000	0.270216	0.000000	0.268908
0.000000	0.268908	0.000000	0.267340
0.000000	0.267340	0.000000	0.266118
0.000000	0.266118	0.000000	0.265316
0.000000	0.265316	0.000000	0.264218
0.000000	0.264218	0.000000	0.263106
0.000000	0.263106	0.000000	0.262072
0.000000	0.262072	0.000000	0.260339
0.000000	0.260339	0.000000	0.259359
0.000000	0.259359	0.000000	0.258679
0.000000	0.258679	0.000000	0.257610
0.000000	0.257610	0.000000	0.257317
0.000000	0.257317	0.000000	0.256088
0.000000	0.256088	0.000000	0.255386
0.000000	0.255386	0.000000	0.253528
0.000000	0.253528	0.000000	0.253668
0.000000	0.253668	0.000000	0.253414
0.000000	0.253414	0.000000	0.251516
0.000000	0.251516	0.000000	0.249857
0.000000	0.249857	0.000000	0.247763
0.000000	0.247763	0.000000	0.247211
0.000000	0.247211	0.000000	0.244794
0.000000	0.244794	0.000000	0.243260
0.000000	0.243260	0.000000	0.243022
0.000000	0.243022	0.000000	0.241403
0.000000	0.241403	0.000000	0.239968
0.000000	0.239968	0.000000	0.239139
0.000000	0.239139	0.000000	0.237720
0.000000	0.237720	0.000000	0.235551
0.000000	0.235551	0.000000	0.233556
0.000000	0.233556	0.000000	0.231398
0.000000	0.231398	0.000000	0.230244
0.000000	0.230244	0.000000	0.228720
0.000000	0.228720	0.000000	0.227968
0.000000	0.227968	0.000000	0.226568
0.000000	0.226568	0.000000	0.225125
0.000000	0.225125	0.000000	0.224951
0.000000	0.224951	0.000000	0.223337
0.000000	0.223337	0.000000	0.223197
0.000000	0.223197	0.000000	0.222572
0.000000	0.222572	0.000000	0.222240
0.000000	0.222240	0.000000	0.221166
0.000000	0.221166	0.000000	0.220079
0.000000	0.220079	0.000000	0.219064
0.000000	0.219064	0.000000	0.218796
0.000000	0.218796	0.000000	0.217868
0.000000	0.217868	0.000000	0.217562
0.000000	0.217562	0.000000	0.216775
0.000000	0.216775	0.000000	0.216455
0.000000	0.216455	0.000000	0.215085
0.000000	0.215085	0.000000	0.214224
0.000000	0.214224	0.000000	0.213280
0.000000	0.213280	0.000000	0.213053
0.000000	0.213053	0.000000	0.211993
0.000000	0.211993	0.000000	0.211627
0.000000	0.211627	0.000000	0.211034
0.000000	0.211034	0.000000	0.210192
0.000000	0.210192	0.000000	0.209591
0.000000	0.209591	0.000000	0.209184
0.000000	0.209184	0.000000	0.208205
0.000000	0.208205	0.000000	0.207352
0.000000	0.207352	0.000000	0.205515
0.000000	0.205515	0.000000	0.204382
0.000000	0.204382	0.000000	0.202984
0.000000	0.202984	0.000000	0.201772
0.000000	0.201772	0.000000	0.199825
0.000000	0.199825	0.000000	0.199486
0.000000	0.199486	0.000000	0.196608
0.000000	0.196608	0.000000	0.196145
0.000000	0.196145	0.000000	0.195229
0.350327	0.349624	0.085062	0.342400
0.085062	0.342400	0.029142	0.327940
0.029142	0.327940	0.013033	0.316835
0.013033	0.316835	0.007224	0.310608
0.007224	0.310608	0.004735	0.305911
0.004735	0.305911	0.003312	0.301487
0.003312	0.301487	0.002420	0.295743
0.002420	0.295743	0.001923	0.292260
0.001923	0.292260	0.001501	0.289701
0.001501	0.289701	0.001258	0.288397
0.001258	0.288397	0.001067	0.285902
0.001067	0.285902	0.000974	0.283855
0.000974	0.283855	0.000994	0.281005
0.000994	0.281005	0.000812	0.279184
0.000812	0.279184	0.000810	0.275858
0.000810	0.275858	0.000698	0.274039
0.000698	0.274039	0.000657	0.272500
0.000657	0.272500	0.000687	0.269126
0.000687	0.269126	0.000624	0.268084
0.000624	0.268084	0.000611	0.267394
0.000611	0.267394	0.000513	0.264500
0.000513	0.264500	0.000433	0.263658
0.000433	0.263658	0.000422	0.261522
0.000422	0.261522	0.000374	0.258806
0.000374	0.258806	0.000275	0.257005
0.000275	0.257005	0.000226	0.253885
0.000226	0.253885	0.000184	0.251882
0.000184	0.251882	0.000155	0.249799
0.000155	0.249799	0.000099	0.248297
0.000099	0.248297	0.000052	0.246253
0.000052	0.246253	0.000030	0.242233
0.000030	0.242233	0.000037	0.239434
0.000037	0.239434	0.000024	0.237289
0.000024	0.237289	0.000020	0.236217
0.000020	0.236217	0.000013	0.233319
0.000013	0.233319	0.000007	0.231237
0.000007	0.231237	0.000012	0.228000
0.000012	0.228000	0.000020	0.225411
0.000020	0.225411	0.000016	0.223471
0.000016	0.223471	0.000006	0.220990
0.000006	0.220990	0.000002	0.219127
0.000002	0.219127	0.000000	0.216759
0.000000	0.216759	0.000000	0.213866
0.000000	0.213866	0.000000	0.211238
0.000000	0.211238	0.000000	0.208533
0.000000	0.208533	0.000000	0.205183
0.000000	0.205183	0.000000	0.203282
0.000000	0.203282	0.000000	0.200926
0.000000	0.200926	0.000000	0.198428
0.000000	0.198428	0.000000	0.196747
0.000000	0.196747	0.000000	0.193275
0.000000	0.193275	0.000000	0.191266
0.000000	0.191266	0.000000	0.189398
0.000000	0.189398	0.000000	0.186118
0.000000	0.186118	0.000000	0.184796
0.000000	0.184796	0.000000	0.182258
0.000000	0.182258	0.000000	0.179268
0.000000	0.179268	0.000000	0.177156
0.000000	0.177156	0.000000	0.173701
0.000000	0.173701	0.000000	0.172694
0.000000	0.172694	0.000000	0.169077
0.000000	0.169077	0.000000	0.167067
0.000000	0.167067	0.000000	0.165839
0.000000	0.165839	0.000000	0.164865
0.000000	0.164865	0.000000	0.162722
0.000000	0.162722	0.000000	0.160618
0.000000	0.160618	0.000000	0.158617
0.000000	0.158617	0.000000	0.156751
0.000000	0.156751	0.000000	0.154714
0.000000	0.154714	0.000000	0.152727
0.000000	0.152727	0.000000	0.149136
0.000000	0.149136	0.000000	0.146073
0.000000	0.146073	0.000000	0.144961
0.000000	0.144961	0.000000	0.142022
0.000000	0.142022	0.000000	0.139553
0.000000	0.139553	0.000000	0.138373
0.000000	0.138373	0.000000	0.135692
0.000000	0.135692	0.000000	0.133986
0.000000	0.133986	0.000000	0.132837
0.000000	0.132837	0.000000	0.131681
0.000000	0.131681	0.000000	0.130085
0.000000	0.130085	0.000000	0.127630
0.000000	0.127630	0.000000	0.126221
0.000000	0.126221	0.000000	0.124442
0.000000	0.124442	0.000000	0.123269
0.000000	0.123269	0.000000	0.122413
0.000000	0.122413	0.000000	0.120935
0.000000	0.120935	0.000000	0.119325
0.000000	0.119325	0.000000	0.117414
0.000000	0.117414	0.000000	0.114742
0.000000	0.114742	0.000000	0.112972
0.000000	0.112972	0.000000	0.111237
0.000000	0.111237	0.000000	0.109334
0.000000	0.109334	0.000000	0.107035
0.000000	0.107035	0.000000	0.105459
0.000000	0.105459	0.000000	0.103021
0.000000	0.103021	0.000000	0.101082
0.000000	0.101082	0.000000	0.098774
0.000000	0.098774	0.000000	0.097076
0.000000	0.097076	0.000000	0.094832
0.000000	0.094832	0.000000	0.092849
0.000000	0.092849	0.000000	0.091305
0.000000	0.091305	0.000000	0.089375
0.000000	0.089375	0.000000	0.088922
0.000000	0.088922	0.000000	0.086810
0.000000	0.086810	0.000000	0.084482
0.000000	0.084482	0.000000	0.082963
0.000000	0.082963	0.000000	0.081243
0.000000	0.081243	0.000000	0.078665
0.000000	0.078665	0.000000	0.076216
0.000000	0.076216	0.000000	0.075271
0.000000	0.075271	0.000000	0.073853
0.000000	0.073853	0.000000	0.073051
0.000000	0.073051	0.000000	0.072251
0.000000	0.072251	0.000000	0.070825
0.000000	0.070825	0.000000	0.069491
0.000000	0.069491	0.000000	0.068612
0.000000	0.068612	0.000000	0.068110
0.000000	0.068110	0.000000	0.066864
0.000000	0.066864	0.000000	0.065699
0.000000	0.065699	0.000000	0.064166
0.000000	0.064166	0.000000	0.062650
0.000000	0.062650	0.000000	0.061654
0.000000	0.061654	0.000000	0.060208
0.000000	0.060208	0.000000	0.058834
0.000000	0.058834	0.000000	0.057792
0.000000	0.057792	0.000000	0.056492
0.000000	0.056492	0.000000	0.055108
0.000000	0.055108	0.000000	0.054120
0.000000	0.054120	0.000000	0.052465
0.000000	0.052465	0.000000	0.051125
0.000000	0.051125	0.000000	0.050871
0.000000	0.050871	0.000000	0.049654
0.000000	0.049654	0.000000	0.048629
0.000000	0.048629	0.000000	0.047572
0.000000	0.047572	0.000000	0.046646
0.000000	0.046646	0.000000	0.045690
0.000000	0.045690	0.000000	0.044532
0.000000	0.044532	0.000000	0.044101
0.000000	0.044101	0.000000	0.042970
0.000000	0.042970	0.000000	0.042159
0.000000	0.042159	0.000000	0.041204
0.000000	0.041204	0.000000	0.040356
0.000000	0.040356	0.000000	0.039639
0.000000	0.039639	0.000000	0.038364
0.000000	0.038364	0.000000	0.037495
0.000000	0.037495	0.000000	0.036655
0.000000	0.036655	0.000000	0.035712
0.000000	0.035712	0.000000	0.034985
0.000000	0.034985	0.000000	0.034470
0.000000	0.034470	0.000000	0.033668
0.000000	0.033668	0.000000	0.032880
0.000000	0.032880	0.000000	0.031908
0.000000	0.031908	0.000000	0.031026
0.000000	0.031026	0.000000	0.030168
0.000000	0.030168	0.000000	0.029549
0.000000	0.029549	0.000000	0.028187
0.000000	0.028187	0.000000	0.027534
0.000000	0.027534	0.000000	0.026751
0.000000	0.026751	0.000000	0.026043
0.000000	0.026043	0.000000	0.025344
0.000000	0.025344	0.000000	0.024540
0.000000	0.024540	0.000000	0.024154
0.000000	0.024154	0.000000	0.023609
0.000000	0.023609	0.000000	0.022834
0.000000	0.022834	0.000000	0.022338
0.000000	0.022338	0.000000	0.021910
0.000000	0.021910	0.000000	0.021407
0.000000	0.021407	0.000000	0.020844
0.000000	0.020844	0.000000	0.020078
0.000000	0.020078	0.000000	0.019615
0.000000	0.019615	0.000000	0.019230
0.000000	0.019230	0.000000	0.018349
0.000000	0.018349	0.000000	0.017781
0.000000	0.017781	0.000000	0.017264
0.000000	0.017264	0.000000	0.016828
0.000000	0.016828	0.000000	0.016361
0.000000	0.016361	0.000000	0.015942
0.000000	0.015942	0.000000	0.015666
0.000000	0.015666	0.000000	0.015594
0.000000	0.015594	0.000000	0.015115
0.000000	0.015115	0.000000	0.014333
0.000000	0.014333	0.000000	0.013887
0.000000	0.013887	0.000000	0.013420
0.000000	0.013420	0.000000	0.013099
0.000000	0.013099	0.000000	0.012590
0.000000	0.012590	0.000000	0.012272
0.000000	0.012272	0.000000	0.011976
0.000000	0.011976	0.000000	0.011661
0.000000	0.011661	0.000000	0.011367
0.000000	0.011367	0.000000	0.010881
0.000000	0.010881	0.000000	0.010488
0.000000	0.010488	0.000000	0.010311
0.000000	0.010311	0.000000	0.009830
0.000000	0.009830	0.000000	0.009525
0.000000	0.009525	0.000000	0.009471
0.000000	0.009471	0.000000	0.009005
0.000000	0.009005	0.000000	0.008606
0.000000	0.008606	0.000000	0.008376
0.350765	0.300105	0.059468	0.290230
0.059468	0.290230	0.017122	0.277372
0.017122	0.277372	0.007014	0.270347
0.007014	0.270347	0.003460	0.264608
0.003460	0.264608	0.001956	0.261722
0.001956	0.261722	0.001212	0.256915
0.001212	0.256915	0.000883	0.252022
0.000883	0.252022	0.000645	0.247426
0.000645	0.247426	0.000508	0.242995
0.000508	0.242995	0.000497	0.238439
0.000497	0.238439	0.000450	0.234543
0.000450	0.234543	0.000444	0.230684
0.000444	0.230684	0.000332	0.226409
0.000332	0.226409	0.000249	0.219216
0.000249	0.219216	0.000202	0.213495
0.000202	0.213495	0.000196	0.208145
0.000196	0.208145	0.000179	0.203825
0.000179	0.203825	0.000153	0.198825
0.000153	0.198825	0.000188	0.194334
0.000188	0.194334	0.000153	0.189142
0.000153	0.189142	0.000109	0.183241
0.000109	0.183241	0.000040	0.178723
0.000040	0.178723	0.000050	0.173447
0.000050	0.173447	0.000053	0.168012
0.000053	0.168012	0.000024	0.162483
0.000024	0.162483	0.000021	0.158183
0.000021	0.158183	0.000004	0.154590
0.000004	0.154590	0.000005	0.149765
0.000005	0.149765	0.000000	0.145317
0.000000	0.145317	0.000000	0.141812
0.000000	0.141812	0.000000	0.138854
0.000000	0.138854	0.000000	0.133648
0.000000	0.133648	0.000000	0.129813
0.000000	0.129813	0.000000	0.126200
0.000000	0.126200	0.000000	0.121944
0.000000	0.121944	0.000000	0.118208
0.000000	0.118208	0.000000	0.114511
0.000000	0.114511	0.000000	0.112033
0.000000	0.112033	0.000000	0.109085
0.000000	0.109085	0.000000	0.106508
0.000000	0.106508	0.000000	0.104343
0.000000	0.104343	0.000000	0.101719
0.000000	0.101719	0.000000	0.098751
0.000000	0.098751	0.000000	0.096333
0.000000	0.096333	0.000000	0.092777
0.000000	0.092777	0.000000	0.089502
0.000000	0.089502	0.000000	0.086770
0.000000	0.086770	0.000000	0.084042
0.000000	0.084042	0.000000	0.081451
0.000000	0.081451	0.000000	0.078038
0.000000	0.078038	0.000000	0.075862
0.000000	0.075862	0.000000	0.072745
0.000000	0.072745	0.000000	0.070727
0.000000	0.070727	0.000000	0.068258
0.000000	0.068258	0.000000	0.065892
0.000000	0.065892	0.000000	0.064137
0.000000	0.064137	0.000000	0.061488
0.000000	0.061488	0.000000	0.058701
0.000000	0.058701	0.000000	0.056703
0.000000	0.056703	0.000000	0.055659
0.000000	0.055659	0.000000	0.053925
0.000000	0.053925	0.000000	0.051847
0.000000	0.051847	0.000000	0.049943
0.000000	0.049943	0.000000	0.048660
0.000000	0.048660	0.000000	0.046440
0.000000	0.046440	0.000000	0.044828
0.000000	0.044828	0.000000	0.043093
0.000000	0.043093	0.000000	0.041804
0.000000	0.041804	0.000000	0.040218
0.000000	0.040218	0.000000	0.039063
0.000000	0.039063	0.000000	0.037876
0.000000	0.037876	0.000000	0.036601
0.000000	0.036601	0.000000	0.035288
0.000000	0.035288	0.000000	0.033735
0.000000	0.033735	0.000000	0.032741
0.000000	0.032741	0.000000	0.031430
0.000000	0.031430	0.000000	0.030369
0.000000	0.030369	0.000000	0.028832
0.000000	0.028832	0.000000	0.027768
0.000000	0.027768	0.000000	0.026577
0.000000	0.026577	0.000000	0.025358
0.000000	0.025358	0.000000	0.024524
0.000000	0.024524	0.000000	0.023488
0.000000	0.023488	0.000000	0.022461
0.000000	0.022461	0.000000	0.022081
0.000000	0.022081	0.000000	0.020959
0.000000	0.020959	0.000000	0.019967
0.000000	0.019967	0.000000	0.019442
0.000000	0.019442	0.000000	0.018909
0.000000	0.018909	0.000000	0.017873
0.000000	0.017873	0.000000	0.017376
0.000000	0.017376	0.000000	0.016390
0.000000	0.016390	0.000000	0.015639
0.000000	0.015639	0.000000	0.015164
0.000000	0.015164	0.000000	0.014649
0.000000	0.014649	0.000000	0.014225
0.000000	0.014225	0.000000	0.013569
0.000000	0.013569	0.000000	0.012998
0.000000	0.012998	0.000000	0.012399
0.000000	0.012399	0.000000	0.012173
0.000000	0.012173	0.000000	0.011701
0.000000	0.011701	0.000000	0.011400
0.000000	0.011400	0.000000	0.010919
0.000000	0.010919	0.000000	0.010672
0.000000	0.010672	0.000000	0.010166
0.000000	0.010166	0.000000	0.009735
0.000000	0.009735	0.000000	0.009642
0.000000	0.009642	0.000000	0.009234
0.000000	0.009234	0.000000	0.008967
0.000000	0.008967	0.000000	0.008774
0.000000	0.008774	0.000000	0.008415
0.000000	0.008415	0.000000	0.007831
0.000000	0.007831	0.000000	0.007404
0.000000	0.007404	0.000000	0.006993
0.000000	0.006993	0.000000	0.006974
0.000000	0.006974	0.000000	0.006418
0.000000	0.006418	0.000000	0.006144
0.000000	0.006144	0.000000	0.005739
0.000000	0.005739	0.000000	0.005415
0.000000	0.005415	0.000000	0.005239
0.000000	0.005239	0.000000	0.005033
0.000000	0.005033	0.000000	0.004861
0.000000	0.004861	0.000000	0.004688
0.000000	0.004688	0.000000	0.004567
0.000000	0.004567	0.000000	0.004449
0.000000	0.004449	0.000000	0.004222
0.000000	0.004222	0.000000	0.003923
0.000000	0.003923	0.000000	0.003625
0.000000	0.003625	0.000000	0.003503
0.000000	0.003503	0.000000	0.003409
0.000000	0.003409	0.000000	0.003238
0.000000	0.003238	0.000000	0.003027
0.000000	0.003027	0.000000	0.002739
0.000000	0.002739	0.000000	0.002504
0.000000	0.002504	0.000000	0.002362
0.000000	0.002362	0.000000	0.002211
0.000000	0.002211	0.000000	0.002239
0.000000	0.002239	0.000000	0.002290
0.000000	0.002290	0.000000	0.002187
0.000000	0.002187	0.000000	0.002132
0.000000	0.002132	0.000000	0.001896
0.000000	0.001896	0.000000	0.001859
0.000000	0.001859	0.000000	0.001900
0.000000	0.001900	0.000000	0.001808
0.000000	0.001808	0.000000	0.001652
0.000000	0.001652	0.000000	0.001602
0.000000	0.001602	0.000000	0.001554
0.000000	0.001554	0.000000	0.001519
0.000000	0.001519	0.000000	0.001386
0.000000	0.001386	0.000000	0.001328
0.000000	0.001328	0.000000	0.001290
0.000000	0.001290	0.000000	0.001201
0.000000	0.001201	0.000000	0.001146
0.000000	0.001146	0.000000	0.001097
0.000000	0.001097	0.000000	0.001097
0.000000	0.001097	0.000000	0.001022
0.000000	0.001022	0.000000	0.001046
0.000000	0.001046	0.000000	0.000996
0.000000	0.000996	0.000000	0.000930
0.000000	0.000930	0.000000	0.000901
0.000000	0.000901	0.000000	0.000890
0.000000	0.000890	0.000000	0.000886
0.000000	0.000886	0.000000	0.000788
0.000000	0.000788	0.000000	0.000674
0.000000	0.000674	0.000000	0.000552
0.000000	0.000552	0.000000	0.000520
0.000000	0.000520	0.000000	0.000525
0.000000	0.000525	0.000000	0.000444
0.000000	0.000444	0.000000	0.000372
0.000000	0.000372	0.000000	0.000333
0.000000	0.000333	0.000000	0.000286
0.000000	0.000286	0.000000	0.000237
0.000000	0.000237	0.000000	0.000206
0.000000	0.000206	0.000000	0.000139
0.000000	0.000139	0.000000	0.000129
0.000000	0.000129	0.000000	0.000154
0.000000	0.000154	0.000000	0.000142
0.000000	0.000142	0.000000	0.000191
0.000000	0.000191	0.000000	0.000153
0.000000	0.000153	0.000000	0.000146
0.000000	0.000146	0.000000	0.000172
0.000000	0.000172	0.000000	0.000132
0.000000	0.000132	0.000000	0.000140
0.000000	0.000140	0.000000	0.000152
0.000000	0.000152	0.000000	0.000132
0.000000	0.000132	0.000000	0.000135
0.000000	0.000135	0.000000	0.000135
0.000000	0.000135	0.000000	0.000138
0.000000	0.000138	0.000000	0.000120
0.000000	0.000120	0.000000	0.000081
0.000000	0.000081	0.000000	0.000099
0.000000	0.000099	0.000000	0.000059
0.000000	0.000059	0.000000	0.000024
0.000000	0.000024	0.000000	0.000020
0.000000	0.000020	0.000000	0.000037
0.000000	0.000037	0.000000	0.000014
0.000000	0.000014	0.000000	0.000004
0.000000	0.000004	0.000000	0.000017
0.000000	0.000017	0.000000	0.000020
0.350819	0.250677	0.040632	0.239963
0.040632	0.239963	0.010055	0.228923
0.010055	0.228923	0.003719	0.223934
0.003719	0.223934	0.001874	0.219512
0.001874	0.219512	0.001019	0.214830
0.001019	0.214830	0.000681	0.209398
0.000681	0.209398	0.000439	0.204518
0.000439	0.204518	0.000399	0.198596
0.000399	0.198596	0.000293	0.192335
0.000293	0.192335	0.000182	0.184494
0.000182	0.184494	0.000150	0.178498
0.000150	0.178498	0.000145	0.172107
0.000145	0.172107	0.000102	0.165674
0.000102	0.165674	0.000091	0.158951
0.000091	0.158951	0.000071	0.151622
0.000071	0.151622	0.000067	0.144251
0.000067	0.144251	0.000051	0.137027
0.000051	0.137027	0.000049	0.130543
0.000049	0.130543	0.000039	0.123283
0.000039	0.123283	0.000026	0.115980
0.000026	0.115980	0.000041	0.109816
0.000041	0.109816	0.000052	0.104149
0.000052	0.104149	0.000051	0.098581
0.000051	0.098581	0.000047	0.094055
0.000047	0.094055	0.000036	0.089405
0.000036	0.089405	0.000024	0.084277
0.000024	0.084277	0.000005	0.079618
0.000005	0.079618	0.000002	0.075989
0.000002	0.075989	0.000006	0.071410
0.000006	0.071410	0.000008	0.066537
0.000008	0.066537	0.000004	0.063111
0.000004	0.063111	0.000007	0.059786
0.000007	0.059786	0.000000	0.055769
0.000000	0.055769	0.000000	0.052843
0.000000	0.052843	0.000000	0.050529
0.000000	0.050529	0.000000	0.047563
0.000000	0.047563	0.000000	0.044951
0.000000	0.044951	0.000000	0.041949
0.000000	0.041949	0.000000	0.039235
0.000000	0.039235	0.000000	0.036581
0.000000	0.036581	0.000000	0.034258
0.000000	0.034258	0.000000	0.032288
0.000000	0.032288	0.000000	0.030681
0.000000	0.030681	0.000000	0.028132
0.000000	0.028132	0.000000	0.026304
0.000000	0.026304	0.000000	0.024990
0.000000	0.024990	0.000000	0.023391
0.000000	0.023391	0.000000	0.021222
0.000000	0.021222	0.000000	0.020007
0.000000	0.020007	0.000000	0.018647
0.000000	0.018647	0.000000	0.017299
0.000000	0.017299	0.000000	0.016223
0.000000	0.016223	0.000000	0.015180
0.000000	0.015180	0.000000	0.014363
0.000000	0.014363	0.000000	0.013480
0.000000	0.013480	0.000000	0.012566
0.000000	0.012566	0.000000	0.011859
0.000000	0.011859	0.000000	0.011057
0.000000	0.011057	0.000000	0.010463
0.000000	0.010463	0.000000	0.010089
0.000000	0.010089	0.000000	0.009264
0.000000	0.009264	0.000000	0.008737
0.000000	0.008737	0.000000	0.007999
0.000000	0.007999	0.000000	0.007262
0.000000	0.007262	0.000000	0.006881
0.000000	0.006881	0.000000	0.006328
0.000000	0.006328	0.000000	0.005884
0.000000	0.005884	0.000000	0.005499
0.000000	0.005499	0.000000	0.005003
0.000000	0.005003	0.000000	0.004758
0.000000	0.004758	0.000000	0.004379
0.000000	0.004379	0.000000	0.004274
0.000000	0.004274	0.000000	0.004031
0.000000	0.004031	0.000000	0.003891
0.000000	0.003891	0.000000	0.003493
0.000000	0.003493	0.000000	0.003178
0.000000	0.003178	0.000000	0.002908
0.000000	0.002908	0.000000	0.002719
0.000000	0.002719	0.000000	0.002595
0.000000	0.002595	0.000000	0.002392
0.000000	0.002392	0.000000	0.002081
0.000000	0.002081	0.000000	0.002009
0.000000	0.002009	0.000000	0.001790
0.000000	0.001790	0.000000	0.001725
0.000000	0.001725	0.000000	0.001528
0.000000	0.001528	0.000000	0.001412
0.000000	0.001412	0.000000	0.001208
0.000000	0.001208	0.000000	0.001071
0.000000	0.001071	0.000000	0.001105
0.000000	0.001105	0.000000	0.000949
0.000000	0.000949	0.000000	0.000831
0.000000	0.000831	0.000000	0.000855
0.000000	0.000855	0.000000	0.000743
0.000000	0.000743	0.000000	0.000808
0.000000	0.000808	0.000000	0.000825
0.000000	0.000825	0.000000	0.000758
0.000000	0.000758	0.000000	0.000664
0.000000	0.000664	0.000000	0.000625
0.000000	0.000625	0.000000	0.000612
0.000000	0.000612	0.000000	0.000570
0.000000	0.000570	0.000000	0.000554
0.000000	0.000554	0.000000	0.000528
0.000000	0.000528	0.000000	0.000588
0.000000	0.000588	0.000000	0.000553
0.000000	0.000553	0.000000	0.000592
0.000000	0.000592	0.000000	0.000459
0.000000	0.000459	0.000000	0.000402
0.000000	0.000402	0.000000	0.000478
0.000000	0.000478	0.000000	0.000426
0.000000	0.000426	0.000000	0.000355
0.000000	0.000355	0.000000	0.000247
0.000000	0.000247	0.000000	0.000204
0.000000	0.000204	0.000000	0.000196
0.000000	0.000196	0.000000	0.000167
0.000000	0.000167	0.000000	0.000158
0.000000	0.000158	0.000000	0.000170
0.000000	0.000170	0.000000	0.000147
0.000000	0.000147	0.000000	0.000136
0.000000	0.000136	0.000000	0.000107
0.000000	0.000107	0.000000	0.000060
0.000000	0.000060	0.000000	0.000046
0.000000	0.000046	0.000000	0.000056
0.000000	0.000056	0.000000	0.000056
0.000000	0.000056	0.000000	0.000057
0.000000	0.000057	0.000000	0.000047
0.000000	0.000047	0.000000	0.000044
0.000000	0.000044	0.000000	0.000045
0.000000	0.000045	0.000000	0.000023
0.000000	0.000023	0.000000	0.000031
0.000000	0.000031	0.000000	0.000049
0.000000	0.000049	0.000000	0.000059
0.000000	0.000059	0.000000	0.000063
0.000000	0.000063	0.000000	0.000053
0.000000	0.000053	0.000000	0.000073
0.000000	0.000073	0.000000	0.000103
0.000000	0.000103	0.000000	0.000099
0.000000	0.000099	0.000000	0.000086
0.000000	0.000086	0.000000	0.000084
0.000000	0.000084	0.000000	0.000062
0.000000	0.000062	0.000000	0.000043
0.000000	0.000043	0.000000	0.000049
0.000000	0.000049	0.000000	0.000038
0.000000	0.000038	0.000000	0.000057
0.000000	0.000057	0.000000	0.000036
0.000000	0.000036	0.000000	0.000022
0.000000	0.000022	0.000000	0.000006
0.000000	0.000006	0.000000	0.000019
0.000000	0.000019	0.000000	0.000012
0.000000	0.000012	0.000000	0.000000
0.000000	0.000000	0.000000	0.000002
0.000000	0.000002	0.000000	0.000003
0.000000	0.000003	0.000000	0.000000
0.000000	0.000000	0.000000	0.000000
0.000000	0.000000	0.000000	0.000000
0.000000	0.000000	0.000000	0.000000
0.000000	0.000000	0.000000	0.000000
0.000000	0.000000	0.000000	0.000000
0.000000	0.000000	0.000000	0.000000
0.000000	0.000000	0.000000	0.000000
0.000000	0.000000	0.000000	0.000000
0.000000	0.000000	0.000000	0.000000
0.000000	0.000000	0.000000	0.000000
0.000000	0.000000	0.000000	0.000000
0.000000	0.000000	0.000000	0.000000
0.000000	0.000000	0.000000	0.000000
0.000000	0.000000	0.000000	0.000000
0.000000	0.000000	0.000000	0.000000
0.000000	0.000000	0.000000	0.000000
0.000000	0.000000	0.000000	0.000000
0.000000	0.000000	0.000000	0.000000
0.000000	0.000000	0.000000	0.000000
0.000000	0.000000	0.000000	0.000000
0.000000	0.000000	0.000000	0.000000
0.000000	0.000000	0.000000	0.000000
0.000000	0.000000	0.000000	0.000000
0.000000	0.000000	0.000000	0.000000
0.000000	0.000000	0.000000	0.000000
0.000000	0.000000	0.000000	0.000000
0.000000	0.000000	0.000000	0.000000
0.000000	0.000000	0.000000	0.000000
0.000000	0.000000	0.000000	0.000000
0.000000	0.000000	0.000000	0.000000
0.000000	0.000000	0.000000	0.000000
0.000000	0.000000	0.000000	0.000000
0.000000	0.000000	0.000000	0.000000
0.000000	0.000000	0.000000	0.000000
0.000000	0.000000	0.000000	0.000000
0.000000	0.000000	0.000000	0.000000
0.000000	0.000000	0.000000	0.000000
0.000000	0.000000	0.000000	0.000000
0.000000	0.000000	0.000000	0.000000
0.000000	0.000000	0.000000	0.000000
0.000000	0.000000	0.000000	0.000000
0.000000	0.000000	0.000000	0.000000
0.000000	0.000000	0.000000	0.000000
0.000000	0.000000	0.000000	0.000000
0.000000	0.000000	0.000000	0.000000
0.000000	0.000000	0.000000	0.000000
0.000000	0.000000	0.000000	0.000000
0.351018	0.200676	0.024851	0.190806
0.024851	0.190806	0.004877	0.181895
0.004877	0.181895	0.001653	0.176052
0.001653	0.176052	0.000774	0.171812
0.000774	0.171812	0.000378	0.169223
0.000378	0.169223	0.000336	0.167061
0.000336	0.167061	0.000231	0.163200
0.000231	0.163200	0.000156	0.157905
0.000156	0.157905	0.000149	0.152313
0.000149	0.152313	0.000119	0.145795
0.000119	0.145795	0.000067	0.138327
0.000067	0.138327	0.000067	0.130641
0.000067	0.130641	0.000075	0.121828
0.000075	0.121828	0.000054	0.114256
0.000054	0.114256	0.000062	0.106210
0.000062	0.106210	0.000049	0.098170
0.000049	0.098170	0.000055	0.090627
0.000055	0.090627	0.000082	0.083610
0.000082	0.083610	0.000051	0.077198
0.000051	0.077198	0.000023	0.070548
0.000023	0.070548	0.000004	0.065711
0.000004	0.065711	0.000005	0.061168
0.000005	0.061168	0.000000	0.056528
0.000000	0.056528	0.000000	0.052627
0.000000	0.052627	0.000000	0.049213
0.000000	0.049213	0.000000	0.045198
0.000000	0.045198	0.000000	0.042369
0.000000	0.042369	0.000000	0.038876
0.000000	0.038876	0.000000	0.035812
0.000000	0.035812	0.000000	0.033380
0.000000	0.033380	0.000000	0.031111
0.000000	0.031111	0.000000	0.028999
0.000000	0.028999	0.000000	0.026825
0.000000	0.026825	0.000000	0.024425
0.000000	0.024425	0.000000	0.022538
0.000000	0.022538	0.000000	0.020590
0.000000	0.020590	0.000000	0.019731
0.000000	0.019731	0.000000	0.018343
0.000000	0.018343	0.000000	0.016844
0.000000	0.016844	0.000000	0.015541
0.000000	0.015541	0.000000	0.014557
0.000000	0.014557	0.000000	0.013511
0.000000	0.013511	0.000000	0.012315
0.000000	0.012315	0.000000	0.011300
0.000000	0.011300	0.000000	0.010460
0.000000	0.010460	0.000000	0.009820
0.000000	0.009820	0.000000	0.009327
0.000000	0.009327	0.000000	0.008635
0.000000	0.008635	0.000000	0.007835
0.000000	0.007835	0.000000	0.007296
0.000000	0.007296	0.000000	0.006558
0.000000	0.006558	0.000000	0.005930
0.000000	0.005930	0.000000	0.005493
0.000000	0.005493	0.000000	0.005053
0.000000	0.005053	0.000000	0.004750
0.000000	0.004750	0.000000	0.004301
0.000000	0.004301	0.000000	0.003779
0.000000	0.003779	0.000000	0.003550
0.000000	0.003550	0.000000	0.003320
0.000000	0.003320	0.000000	0.002986
0.000000	0.002986	0.000000	0.002801
0.000000	0.002801	0.000000	0.002717
0.000000	0.002717	0.000000	0.002644
0.000000	0.002644	0.000000	0.002579
0.000000	0.002579	0.000000	0.002456
0.000000	0.002456	0.000000	0.002371
0.000000	0.002371	0.000000	0.002447
0.000000	0.002447	0.000000	0.002342
0.000000	0.002342	0.000000	0.002417
0.000000	0.002417	0.000000	0.002318
0.000000	0.002318	0.000000	0.002171
0.000000	0.002171	0.000000	0.002106
0.000000	0.002106	0.000000	0.002257
0.000000	0.002257	0.000000	0.002244
0.000000	0.002244	0.000000	0.002303
0.000000	0.002303	0.000000	0.002445
0.000000	0.002445	0.000000	0.002361
0.000000	0.002361	0.000000	0.002478
0.000000	0.002478	0.000000	0.002413
0.000000	0.002413	0.000000	0.002396
0.000000	0.002396	0.000000	0.002449
0.000000	0.002449	0.000000	0.002421
0.000000	0.002421	0.000000	0.002376
0.000000	0.002376	0.000000	0.002519
0.000000	0.002519	0.000000	0.002511
0.000000	0.002511	0.000000	0.002372
0.000000	0.002372	0.000000	0.002529
0.000000	0.002529	0.000000	0.002707
0.000000	0.002707	0.000000	0.002775
0.000000	0.002775	0.000000	0.002813
0.000000	0.002813	0.000000	0.002898
0.000000	0.002898	0.000000	0.002845
0.000000	0.002845	0.000000	0.002960
0.000000	0.002960	0.000000	0.003109
0.000000	0.003109	0.000000	0.003000
0.000000	0.003000	0.000000	0.002994
0.000000	0.002994	0.000000	0.003000
0.000000	0.003000	0.000000	0.002887
0.000000	0.002887	0.000000	0.002955
0.000000	0.002955	0.000000	0.002999
0.000000	0.002999	0.000000	0.003042
0.000000	0.003042	0.000000	0.002891
0.000000	0.002891	0.000000	0.002905
0.000000	0.002905	0.000000	0.002999
0.000000	0.002999	0.000000	0.002952
0.000000	0.002952	0.000000	0.002964
0.000000	0.002964	0.000000	0.002929
0.000000	0.002929	0.000000	0.002905
0.000000	0.002905	0.000000	0.002929
0.000000	0.002929	0.000000	0.002977
0.000000	0.002977	0.000000	0.003103
0.000000	0.003103	0.000000	0.003156
0.000000	0.003156	0.000000	0.003196
0.000000	0.003196	0.000000	0.003178
0.000000	0.003178	0.000000	0.003137
0.000000	0.003137	0.000000	0.003119
0.000000	0.003119	0.000000	0.003090
0.000000	0.003090	0.000000	0.003232
0.000000	0.003232	0.000000	0.003276
0.000000	0.003276	0.000000	0.003240
0.000000	0.003240	0.000000	0.003049
0.000000	0.003049	0.000000	0.002991
0.000000	0.002991	0.000000	0.003095
0.000000	0.003095	0.000000	0.003231
0.000000	0.003231	0.000000	0.003124
0.000000	0.003124	0.000000	0.003088
0.000000	0.003088	0.000000	0.003018
0.000000	0.003018	0.000000	0.003228
0.000000	0.003228	0.000000	0.003317
0.000000	0.003317	0.000000	0.003408
0.000000	0.003408	0.000000	0.003285
0.000000	0.003285	0.000000	0.003243
0.000000	0.003243	0.000000	0.003127
0.000000	0.003127	0.000000	0.003050
0.000000	0.003050	0.000000	0.002981
0.000000	0.002981	0.000000	0.002970
0.000000	0.002970	0.000000	0.002840
0.000000	0.002840	0.000000	0.003084
0.000000	0.003084	0.000000	0.002861
0.000000	0.002861	0.000000	0.002863
0.000000	0.002863	0.000000	0.002950
0.000000	0.002950	0.000000	0.002866
0.000000	0.002866	0.000000	0.002804
0.000000	0.002804	0.000000	0.002901
0.000000	0.002901	0.000000	0.002867
0.000000	0.002867	0.000000	0.002752
0.000000	0.002752	0.000000	0.002729
0.000000	0.002729	0.000000	0.002747
0.000000	0.002747	0.000000	0.002740
0.000000	0.002740	0.000000	0.002580
0.000000	0.002580	0.000000	0.002446
0.000000	0.002446	0.000000	0.002546
0.000000	0.002546	0.000000	0.002529
0.000000	0.002529	0.000000	0.002560
0.000000	0.002560	0.000000	0.002454
0.000000	0.002454	0.000000	0.002497
0.000000	0.002497	0.000000	0.002608
0.000000	0.002608	0.000000	0.002726
0.000000	0.002726	0.000000	0.002699
0.000000	0.002699	0.000000	0.002693
0.000000	0.002693	0.000000	0.002777
0.000000	0.002777	0.000000	0.002723
0.000000	0.002723	0.000000	0.002800
0.000000	0.002800	0.000000	0.002866
0.000000	0.002866	0.000000	0.002831
0.000000	0.002831	0.000000	0.002766
0.000000	0.002766	0.000000	0.002688
0.000000	0.002688	0.000000	0.002705
0.000000	0.002705	0.000000	0.002741
0.000000	0.002741	0.000000	0.002733
0.000000	0.002733	0.000000	0.002671
0.000000	0.002671	0.000000	0.002667
0.000000	0.002667	0.000000	0.002632
0.000000	0.002632	0.000000	0.002438
0.000000	0.002438	0.000000	0.002437
0.000000	0.002437	0.000000	0.002321
0.000000	0.002321	0.000000	0.002385
0.000000	0.002385	0.000000	0.002417
0.000000	0.002417	0.000000	0.002288
0.000000	0.002288	0.000000	0.002354
0.000000	0.002354	0.000000	0.002567
0.000000	0.002567	0.000000	0.002583
0.000000	0.002583	0.000000	0.002570
0.000000	0.002570	0.000000	0.002620
0.000000	0.002620	0.000000	0.002773
0.000000	0.002773	0.000000	0.002616
0.000000	0.002616	0.000000	0.002727
0.000000	0.002727	0.000000	0.002797
0.000000	0.002797	0.000000	0.002827
0.000000	0.002827	0.000000	0.002801
0.000000	0.002801	0.000000	0.002795
0.000000	0.002795	0.000000	0.002728
0.000000	0.002728	0.000000	0.002827
0.000000	0.002827	0.000000	0.002727
0.000000	0.002727	0.000000	0.002570
0.000000	0.002570	0.000000	0.002547
0.000000	0.002547	0.000000	0.002488
0.000000	0.002488	0.000000	0.002441
0.000000	0.002441	0.000000	0.002427
0.350468	0.150233	0.014444	0.141050
0.014444	0.141050	0.001942	0.133583
0.001942	0.133583	0.000538	0.128671
0.000538	0.128671	0.000250	0.125658
0.000250	0.125658	0.000125	0.125002
0.000125	0.125002	0.000091	0.123379
0.000091	0.123379	0.000063	0.119806
0.000063	0.119806	0.000055	0.115452
0.000055	0.115452	0.000029	0.111718
0.000029	0.111718	0.000028	0.106519
0.000028	0.106519	0.000001	0.102000
0.000001	0.102000	0.000000	0.096598
0.000000	0.096598	0.000000	0.090810
0.000000	0.090810	0.000000	0.085794
0.000000	0.085794	0.000000	0.079556
0.000000	0.079556	0.000000	0.074328
0.000000	0.074328	0.000000	0.070048
0.000000	0.070048	0.000000	0.065058
0.000000	0.065058	0.000000	0.060612
0.000000	0.060612	0.000000	0.056490
0.000000	0.056490	0.000000	0.051894
0.000000	0.051894	0.000000	0.048319
0.000000	0.048319	0.000000	0.044579
0.000000	0.044579	0.000000	0.040691
0.000000	0.040691	0.000000	0.037893
0.000000	0.037893	0.000000	0.034848
0.000000	0.034848	0.000000	0.031679
0.000000	0.031679	0.000000	0.029243
0.000000	0.029243	0.000000	0.027071
0.000000	0.027071	0.000000	0.025390
0.000000	0.025390	0.000000	0.023618
0.000000	0.023618	0.000000	0.022226
0.000000	0.022226	0.000000	0.020644
0.000000	0.020644	0.000000	0.018913
0.000000	0.018913	0.000000	0.017285
0.000000	0.017285	0.000000	0.016215
0.000000	0.016215	0.000000	0.015258
0.000000	0.015258	0.000000	0.014260
0.000000	0.014260	0.000000	0.013511
0.000000	0.013511	0.000000	0.012756
0.000000	0.012756	0.000000	0.012237
0.000000	0.012237	0.000000	0.011509
0.000000	0.011509	0.000000	0.011221
0.000000	0.011221	0.000000	0.011166
0.000000	0.011166	0.000000	0.010911
0.000000	0.010911	0.000000	0.010298
0.000000	0.010298	0.000000	0.009724
0.000000	0.009724	0.000000	0.009064
0.000000	0.009064	0.000000	0.008544
0.000000	0.008544	0.000000	0.008253
0.000000	0.008253	0.000000	0.007687
0.000000	0.007687	0.000000	0.007414
0.000000	0.007414	0.000000	0.007043
0.000000	0.007043	0.000000	0.006862
0.000000	0.006862	0.000000	0.006717
0.000000	0.006717	0.000000	0.006774
0.000000	0.006774	0.000000	0.006833
0.000000	0.006833	0.000000	0.006658
0.000000	0.006658	0.000000	0.006356
0.000000	0.006356	0.000000	0.006341
0.000000	0.006341	0.000000	0.006540
0.000000	0.006540	0.000000	0.006177
0.000000	0.006177	0.000000	0.006306
0.000000	0.006306	0.000000	0.006301
0.000000	0.006301	0.000000	0.006266
0.000000	0.006266	0.000000	0.006391
0.000000	0.006391	0.000000	0.006540
0.000000	0.006540	0.000000	0.006500
0.000000	0.006500	0.000000	0.006513
0.000000	0.006513	0.000000	0.006342
0.000000	0.006342	0.000000	0.006354
0.000000	0.006354	0.000000	0.006216
0.000000	0.006216	0.000000	0.006420
0.000000	0.006420	0.000000	0.006135
0.000000	0.006135	0.000000	0.006157
0.000000	0.006157	0.000000	0.006416
0.000000	0.006416	0.000000	0.006305
0.000000	0.006305	0.000000	0.006315
0.000000	0.006315	0.000000	0.006301
0.000000	0.006301	0.000000	0.006153
0.000000	0.006153	0.000000	0.006123
0.000000	0.006123	0.000000	0.006136
0.000000	0.006136	0.000000	0.005990
0.000000	0.005990	0.000000	0.005854
0.000000	0.005854	0.000000	0.005781
0.000000	0.005781	0.000000	0.005759
0.000000	0.005759	0.000000	0.005748
0.000000	0.005748	0.000000	0.005708
0.000000	0.005708	0.000000	0.005631
0.000000	0.005631	0.000000	0.005253
0.000000	0.005253	0.000000	0.005153
0.000000	0.005153	0.000000	0.005201
0.000000	0.005201	0.000000	0.005218
0.000000	0.005218	0.000000	0.005285
0.000000	0.005285	0.000000	0.005436
0.000000	0.005436	0.000000	0.005879
0.000000	0.005879	0.000000	0.005696
0.000000	0.005696	0.000000	0.005577
0.000000	0.005577	0.000000	0.005635
0.000000	0.005635	0.000000	0.005569
0.000000	0.005569	0.000000	0.005626
0.000000	0.005626	0.000000	0.005367
0.000000	0.005367	0.000000	0.005432
0.000000	0.005432	0.000000	0.005572
0.000000	0.005572	0.000000	0.005605
0.000000	0.005605	0.000000	0.005437
0.000000	0.005437	0.000000	0.005260
0.000000	0.005260	0.000000	0.005350
0.000000	0.005350	0.000000	0.005250
0.000000	0.005250	0.000000	0.005393
0.000000	0.005393	0.000000	0.005258
0.000000	0.005258	0.000000	0.005478
0.000000	0.005478	0.000000	0.005454
0.000000	0.005454	0.000000	0.005347
0.000000	0.005347	0.000000	0.005049
0.000000	0.005049	0.000000	0.005000
0.000000	0.005000	0.000000	0.004963
0.000000	0.004963	0.000000	0.004717
0.000000	0.004717	0.000000	0.004932
0.000000	0.004932	0.000000	0.004915
0.000000	0.004915	0.000000	0.004859
0.000000	0.004859	0.000000	0.004614
0.000000	0.004614	0.000000	0.004566
0.000000	0.004566	0.000000	0.004111
0.000000	0.004111	0.000000	0.004115
0.000000	0.004115	0.000000	0.003935
0.000000	0.003935	0.000000	0.004090
0.000000	0.004090	0.000000	0.004175
0.000000	0.004175	0.000000	0.004077
0.000000	0.004077	0.000000	0.003881
0.000000	0.003881	0.000000	0.003940
0.000000	0.003940	0.000000	0.003780
0.000000	0.003780	0.000000	0.003843
0.000000	0.003843	0.000000	0.003754
0.000000	0.003754	0.000000	0.003601
0.000000	0.003601	0.000000	0.003681
0.000000	0.003681	0.000000	0.003696
0.000000	0.003696	0.000000	0.003713
0.000000	0.003713	0.000000	0.003833
0.000000	0.003833	0.000000	0.004035
0.000000	0.004035	0.000000	0.004009
0.000000	0.004009	0.000000	0.003979
0.000000	0.003979	0.000000	0.003850
0.000000	0.003850	0.000000	0.003831
0.000000	0.003831	0.000000	0.003880
0.000000	0.003880	0.000000	0.004042
0.000000	0.004042	0.000000	0.004023
0.000000	0.004023	0.000000	0.003985
0.000000	0.003985	0.000000	0.003917
0.000000	0.003917	0.000000	0.003800
0.000000	0.003800	0.000000	0.003987
0.000000	0.003987	0.000000	0.004209
0.000000	0.004209	0.000000	0.004406
0.000000	0.004406	0.000000	0.004455
0.000000	0.004455	0.000000	0.004154
0.000000	0.004154	0.000000	0.004061
0.000000	0.004061	0.000000	0.004102
0.000000	0.004102	0.000000	0.004012
0.000000	0.004012	0.000000	0.003987
0.000000	0.003987	0.000000	0.004125
0.000000	0.004125	0.000000	0.004401
0.000000	0.004401	0.000000	0.004360
0.000000	0.004360	0.000000	0.004593
0.000000	0.004593	0.000000	0.004451
0.000000	0.004451	0.000000	0.004444
0.000000	0.004444	0.000000	0.004326
0.000000	0.004326	0.000000	0.004347
0.000000	0.004347	0.000000	0.004340
0.000000	0.004340	0.000000	0.004364
0.000000	0.004364	0.000000	0.004176
0.000000	0.004176	0.000000	0.004064
0.000000	0.004064	0.000000	0.004034
0.000000	0.004034	0.000000	0.004168
0.000000	0.004168	0.000000	0.004263
0.000000	0.004263	0.000000	0.004298
0.000000	0.004298	0.000000	0.004471
0.000000	0.004471	0.000000	0.004427
0.000000	0.004427	0.000000	0.004481
0.000000	0.004481	0.000000	0.004679
0.000000	0.004679	0.000000	0.004611
0.000000	0.004611	0.000000	0.004321
0.000000	0.004321	0.000000	0.004248
0.000000	0.004248	0.000000	0.004220
0.000000	0.004220	0.000000	0.004212
0.000000	0.004212	0.000000	0.004031
0.000000	0.004031	0.000000	0.004077
0.000000	0.004077	0.000000	0.003691
0.000000	0.003691	0.000000	0.003874
0.000000	0.003874	0.000000	0.004067
0.000000	0.004067	0.000000	0.004165
0.000000	0.004165	0.000000	0.004236
0.000000	0.004236	0.000000	0.004040
0.000000	0.004040	0.000000	0.004314
0.000000	0.004314	0.000000	0.004292
0.000000	0.004292	0.000000	0.004197
0.000000	0.004197	0.000000	0.004121
0.000000	0.004121	0.000000	0.003967
0.000000	0.003967	0.000000	0.004037
0.000000	0.004037	0.000000	0.004283
0.349875	0.100157	0.007384	0.093167
0.007384	0.093167	0.000642	0.088351
0.000642	0.088351	0.000131	0.084470
0.000131	0.084470	0.000045	0.083033
0.000045	0.083033	0.000023	0.080856
0.000023	0.080856	0.000002	0.078584
0.000002	0.078584	0.000001	0.076695
0.000001	0.076695	0.000000	0.074079
0.000000	0.074079	0.000000	0.072891
0.000000	0.072891	0.000000	0.071193
0.000000	0.071193	0.000000	0.068571
0.000000	0.068571	0.000000	0.065906
0.000000	0.065906	0.000000	0.063042
0.000000	0.063042	0.000000	0.060280
0.000000	0.060280	0.000000	0.057740
0.000000	0.057740	0.000000	0.055191
0.000000	0.055191	0.000000	0.052786
0.000000	0.052786	0.000000	0.050611
0.000000	0.050611	0.000000	0.048298
0.000000	0.048298	0.000000	0.046920
0.000000	0.046920	0.000000	0.044767
0.000000	0.044767	0.000000	0.042263
0.000000	0.042263	0.000000	0.040407
0.000000	0.040407	0.000000	0.038031
0.000000	0.038031	0.000000	0.035981
0.000000	0.035981	0.000000	0.034939
0.000000	0.034939	0.000000	0.033111
0.000000	0.033111	0.000000	0.031795
0.000000	0.031795	0.000000	0.030972
0.000000	0.030972	0.000000	0.029470
0.000000	0.029470	0.000000	0.028310
0.000000	0.028310	0.000000	0.027187
0.000000	0.027187	0.000000	0.026562
0.000000	0.026562	0.000000	0.025452
0.000000	0.025452	0.000000	0.024620
0.000000	0.024620	0.000000	0.023322
0.000000	0.023322	0.000000	0.022375
0.000000	0.022375	0.000000	0.022266
0.000000	0.022266	0.000000	0.021731
0.000000	0.021731	0.000000	0.021159
0.000000	0.021159	0.000000	0.020265
0.000000	0.020265	0.000000	0.019654
0.000000	0.019654	0.000000	0.019492
0.000000	0.019492	0.000000	0.018674
0.000000	0.018674	0.000000	0.018025
0.000000	0.018025	0.000000	0.017757
0.000000	0.017757	0.000000	0.017200
0.000000	0.017200	0.000000	0.016872
0.000000	0.016872	0.000000	0.016254
0.000000	0.016254	0.000000	0.015784
0.000000	0.015784	0.000000	0.015854
0.000000	0.015854	0.000000	0.015909
0.000000	0.015909	0.000000	0.015902
0.000000	0.015902	0.000000	0.015987
0.000000	0.015987	0.000000	0.015291
0.000000	0.015291	0.000000	0.014368
0.000000	0.014368	0.000000	0.014118
0.000000	0.014118	0.000000	0.013588
0.000000	0.013588	0.000000	0.013647
0.000000	0.013647	0.000000	0.013291
0.000000	0.013291	0.000000	0.013332
0.000000	0.013332	0.000000	0.013113
0.000000	0.013113	0.000000	0.012861
0.000000	0.012861	0.000000	0.012833
0.000000	0.012833	0.000000	0.012847
0.000000	0.012847	0.000000	0.012550
0.000000	0.012550	0.000000	0.012694
0.000000	0.012694	0.000000	0.012859
0.000000	0.012859	0.000000	0.013098
0.000000	0.013098	0.000000	0.013623
0.000000	0.013623	0.000000	0.013736
0.000000	0.013736	0.000000	0.013872
0.000000	0.013872	0.000000	0.013657
0.000000	0.013657	0.000000	0.013799
0.000000	0.013799	0.000000	0.014135
0.000000	0.014135	0.000000	0.014320
0.000000	0.014320	0.000000	0.014344
0.000000	0.014344	0.000000	0.014120
0.000000	0.014120	0.000000	0.014099
0.000000	0.014099	0.000000	0.013874
0.000000	0.013874	0.000000	0.014060
0.000000	0.014060	0.000000	0.013893
0.000000	0.013893	0.000000	0.013983
0.000000	0.013983	0.000000	0.013932
0.000000	0.013932	0.000000	0.013870
0.000000	0.013870	0.000000	0.013702
0.000000	0.013702	0.000000	0.013898
0.000000	0.013898	0.000000	0.014005
0.000000	0.014005	0.000000	0.014138
0.000000	0.014138	0.000000	0.013723
0.000000	0.013723	0.000000	0.013569
0.000000	0.013569	0.000000	0.013574
0.000000	0.013574	0.000000	0.013569
0.000000	0.013569	0.000000	0.013830
0.000000	0.013830	0.000000	0.014171
0.000000	0.014171	0.000000	0.014017
0.000000	0.014017	0.000000	0.013913
0.000000	0.013913	0.000000	0.013947
0.000000	0.013947	0.000000	0.013632
0.000000	0.013632	0.000000	0.013752
0.000000	0.013752	0.000000	0.013842
0.000000	0.013842	0.000000	0.014120
0.000000	0.014120	0.000000	0.014113
0.000000	0.014113	0.000000	0.014207
0.000000	0.014207	0.000000	0.014410
0.000000	0.014410	0.000000	0.015019
0.000000	0.015019	0.000000	0.015020
0.000000	0.015020	0.000000	0.015152
0.000000	0.015152	0.000000	0.015143
0.000000	0.015143	0.000000	0.015509
0.000000	0.015509	0.000000	0.015314
0.000000	0.015314	0.000000	0.015275
0.000000	0.015275	0.000000	0.015388
0.000000	0.015388	0.000000	0.015270
0.000000	0.015270	0.000000	0.015525
0.000000	0.015525	0.000000	0.015432
0.000000	0.015432	0.000000	0.015429
0.000000	0.015429	0.000000	0.015593
0.000000	0.015593	0.000000	0.016077
0.000000	0.016077	0.000000	0.015748
0.000000	0.015748	0.000000	0.015755
0.000000	0.015755	0.000000	0.015736
0.000000	0.015736	0.000000	0.015428
0.000000	0.015428	0.000000	0.015746
0.000000	0.015746	0.000000	0.016093
0.000000	0.016093	0.000000	0.016223
0.000000	0.016223	0.000000	0.016345
0.000000	0.016345	0.000000	0.016337
0.000000	0.016337	0.000000	0.015903
0.000000	0.015903	0.000000	0.015755
0.000000	0.015755	0.000000	0.016080
0.000000	0.016080	0.000000	0.015678
0.000000	0.015678	0.000000	0.015789
0.000000	0.015789	0.000000	0.016052
0.000000	0.016052	0.000000	0.015917
0.000000	0.015917	0.000000	0.015651
0.000000	0.015651	0.000000	0.015816
0.000000	0.015816	0.000000	0.015955
0.000000	0.015955	0.000000	0.016286
0.000000	0.016286	0.000000	0.016228
0.000000	0.016228	0.000000	0.016332
0.000000	0.016332	0.000000	0.016496
0.000000	0.016496	0.000000	0.016385
0.000000	0.016385	0.000000	0.016290
0.000000	0.016290	0.000000	0.016076
0.000000	0.016076	0.000000	0.016151
0.000000	0.016151	0.000000	0.015910
0.000000	0.015910	0.000000	0.015947
0.000000	0.015947	0.000000	0.015840
0.000000	0.015840	0.000000	0.016019
0.000000	0.016019	0.000000	0.016120
0.000000	0.016120	0.000000	0.016154
0.000000	0.016154	0.000000	0.016298
0.000000	0.016298	0.000000	0.016289
0.000000	0.016289	0.000000	0.016447
0.000000	0.016447	0.000000	0.016233
0.000000	0.016233	0.000000	0.016121
0.000000	0.016121	0.000000	0.016443
0.000000	0.016443	0.000000	0.016890
0.000000	0.016890	0.000000	0.017440
0.000000	0.017440	0.000000	0.017845
0.000000	0.017845	0.000000	0.017931
0.000000	0.017931	0.000000	0.018069
0.000000	0.018069	0.000000	0.018093
0.000000	0.018093	0.000000	0.018195
0.000000	0.018195	0.000000	0.018285
0.000000	0.018285	0.000000	0.018441
0.000000	0.018441	0.000000	0.018836
0.000000	0.018836	0.000000	0.018864
0.000000	0.018864	0.000000	0.018904
0.000000	0.018904	0.000000	0.019210
0.000000	0.019210	0.000000	0.019380
0.000000	0.019380	0.000000	0.019843
0.000000	0.019843	0.000000	0.019799
0.000000	0.019799	0.000000	0.019712
0.000000	0.019712	0.000000	0.019813
0.000000	0.019813	0.000000	0.019697
0.000000	0.019697	0.000000	0.019610
0.000000	0.019610	0.000000	0.019544
0.000000	0.019544	0.000000	0.019181
0.000000	0.019181	0.000000	0.019376
0.000000	0.019376	0.000000	0.019572
0.000000	0.019572	0.000000	0.019562
0.000000	0.019562	0.000000	0.019938
0.000000	0.019938	0.000000	0.019445
0.000000	0.019445	0.000000	0.019201
0.000000	0.019201	0.000000	0.019032
0.000000	0.019032	0.000000	0.018797
0.000000	0.018797	0.000000	0.018521
0.000000	0.018521	0.000000	0.018953
0.000000	0.018953	0.000000	0.018482
0.000000	0.018482	0.000000	0.018177
0.000000	0.018177	0.000000	0.018451
0.000000	0.018451	0.000000	0.018369
0.000000	0.018369	0.000000	0.018351
0.000000	0.018351	0.000000	0.017970
0.000000	0.017970	0.000000	0.018110
0.000000	0.018110	0.000000	0.018570
0.000000	0.018570	0.000000	0.018704
0.350775	0.049956	0.002934	0.047345
0.002934	0.047345	0.000131	0.044626
0.000131	0.044626	0.000025	0.042891
0.000025	0.042891	0.000004	0.041596
0.000004	0.041596	0.000000	0.039764
0.000000	0.039764	0.000000	0.038779
0.000000	0.038779	0.000000	0.038125
0.000000	0.038125	0.000000	0.037661
0.000000	0.037661	0.000000	0.036247
0.000000	0.036247	0.000000	0.035565
0.000000	0.035565	0.000000	0.034734
0.000000	0.034734	0.000000	0.034027
0.000000	0.034027	0.000000	0.033251
0.000000	0.033251	0.000000	0.032366
0.000000	0.032366	0.000000	0.031681
0.000000	0.031681	0.000000	0.031056
0.000000	0.031056	0.000000	0.030716
0.000000	0.030716	0.000000	0.030704
0.000000	0.030704	0.000000	0.030617
0.000000	0.030617	0.000000	0.030588
0.000000	0.030588	0.000000	0.030018
0.000000	0.030018	0.000000	0.029395
0.000000	0.029395	0.000000	0.029168
0.000000	0.029168	0.000000	0.029046
0.000000	0.029046	0.000000	0.029250
0.000000	0.029250	0.000000	0.028530
0.000000	0.028530	0.000000	0.028078
0.000000	0.028078	0.000000	0.028566
0.000000	0.028566	0.000000	0.028267
0.000000	0.028267	0.000000	0.028369
0.000000	0.028369	0.000000	0.028141
0.000000	0.028141	0.000000	0.028294
0.000000	0.028294	0.000000	0.027992
0.000000	0.027992	0.000000	0.027939
0.000000	0.027939	0.000000	0.027572
0.000000	0.027572	0.000000	0.027604
0.000000	0.027604	0.000000	0.027316
0.000000	0.027316	0.000000	0.027130
0.000000	0.027130	0.000000	0.026764
0.000000	0.026764	0.000000	0.027147
0.000000	0.027147	0.000000	0.026959
0.000000	0.026959	0.000000	0.027576
0.000000	0.027576	0.000000	0.027172
0.000000	0.027172	0.000000	0.027968
0.000000	0.027968	0.000000	0.028069
0.000000	0.028069	0.000000	0.027733
0.000000	0.027733	0.000000	0.027273
0.000000	0.027273	0.000000	0.027178
0.000000	0.027178	0.000000	0.027038
0.000000	0.027038	0.000000	0.026758
0.000000	0.026758	0.000000	0.026452
0.000000	0.026452	0.000000	0.026213
0.000000	0.026213	0.000000	0.026157
0.000000	0.026157	0.000000	0.026320
0.000000	0.026320	0.000000	0.026414
0.000000	0.026414	0.000000	0.026612
0.000000	0.026612	0.000000	0.026952
0.000000	0.026952	0.000000	0.027285
0.000000	0.027285	0.000000	0.026953
0.000000	0.026953	0.000000	0.026759
0.000000	0.026759	0.000000	0.026889
0.000000	0.026889	0.000000	0.027561
0.000000	0.027561	0.000000	0.026790
0.000000	0.026790	0.000000	0.026176
0.000000	0.026176	0.000000	0.025678
0.000000	0.025678	0.000000	0.025559
0.000000	0.025559	0.000000	0.026202
0.000000	0.026202	0.000000	0.025997
0.000000	0.025997	0.000000	0.026156
0.000000	0.026156	0.000000	0.026535
0.000000	0.026535	0.000000	0.027453
0.000000	0.027453	0.000000	0.026761
0.000000	0.026761	0.000000	0.026408
0.000000	0.026408	0.000000	0.026378
0.000000	0.026378	0.000000	0.027173
0.000000	0.027173	0.000000	0.027292
0.000000	0.027292	0.000000	0.027117
0.000000	0.027117	0.000000	0.027429
0.000000	0.027429	0.000000	0.027343
0.000000	0.027343	0.000000	0.027358
0.000000	0.027358	0.000000	0.027066
0.000000	0.027066	0.000000	0.027070
0.000000	0.027070	0.000000	0.026607
0.000000	0.026607	0.000000	0.026673
0.000000	0.026673	0.000000	0.026787
0.000000	0.026787	0.000000	0.026653
0.000000	0.026653	0.000000	0.027125
0.000000	0.027125	0.000000	0.026202
0.000000	0.026202	0.000000	0.025902
0.000000	0.025902	0.000000	0.025428
0.000000	0.025428	0.000000	0.025572
0.000000	0.025572	0.000000	0.025552
0.000000	0.025552	0.000000	0.025654
0.000000	0.025654	0.000000	0.025710
0.000000	0.025710	0.000000	0.025044
0.000000	0.025044	0.000000	0.025128
0.000000	0.025128	0.000000	0.025424
0.000000	0.025424	0.000000	0.025734
0.000000	0.025734	0.000000	0.025667
0.000000	0.025667	0.000000	0.025730
0.000000	0.025730	0.000000	0.025763
0.000000	0.025763	0.000000	0.026044
0.000000	0.026044	0.000000	0.025907
0.000000	0.025907	0.000000	0.025962
0.000000	0.025962	0.000000	0.026214
0.000000	0.026214	0.000000	0.025881
0.000000	0.025881	0.000000	0.026194
0.000000	0.026194	0.000000	0.026309
0.000000	0.026309	0.000000	0.025756
0.000000	0.025756	0.000000	0.025737
0.000000	0.025737	0.000000	0.025662
0.000000	0.025662	0.000000	0.025556
0.000000	0.025556	0.000000	0.025722
0.000000	0.025722	0.000000	0.025950
0.000000	0.025950	0.000000	0.025909
0.000000	0.025909	0.000000	0.026295
0.000000	0.026295	0.000000	0.025858
0.000000	0.025858	0.000000	0.025766
0.000000	0.025766	0.000000	0.025816
0.000000	0.025816	0.000000	0.025482
0.000000	0.025482	0.000000	0.024885
0.000000	0.024885	0.000000	0.025290
0.000000	0.025290	0.000000	0.024904
0.000000	0.024904	0.000000	0.025240
0.000000	0.025240	0.000000	0.025252
0.000000	0.025252	0.000000	0.025033
0.000000	0.025033	0.000000	0.025222
0.000000	0.025222	0.000000	0.025317
0.000000	0.025317	0.000000	0.026074
0.000000	0.026074	0.000000	0.025886
0.000000	0.025886	0.000000	0.025823
0.000000	0.025823	0.000000	0.026147
0.000000	0.026147	0.000000	0.025699
0.000000	0.025699	0.000000	0.025969
0.000000	0.025969	0.000000	0.025635
0.000000	0.025635	0.000000	0.026026
0.000000	0.026026	0.000000	0.025998
0.000000	0.025998	0.000000	0.026126
0.000000	0.026126	0.000000	0.026266
0.000000	0.026266	0.000000	0.026231
0.000000	0.026231	0.000000	0.026632
0.000000	0.026632	0.000000	0.026063
0.000000	0.026063	0.000000	0.026083
0.000000	0.026083	0.000000	0.026010
0.000000	0.026010	0.000000	0.025802
0.000000	0.025802	0.000000	0.025707
0.000000	0.025707	0.000000	0.025545
0.000000	0.025545	0.000000	0.025770
0.000000	0.025770	0.000000	0.025434
0.000000	0.025434	0.000000	0.025595
0.000000	0.025595	0.000000	0.025324
0.000000	0.025324	0.000000	0.024852
0.000000	0.024852	0.000000	0.024853
0.000000	0.024853	0.000000	0.025268
0.000000	0.025268	0.000000	0.025564
0.000000	0.025564	0.000000	0.025385
0.000000	0.025385	0.000000	0.024915
0.000000	0.024915	0.000000	0.024952
0.000000	0.024952	0.000000	0.025176
0.000000	0.025176	0.000000	0.025435
0.000000	0.025435	0.000000	0.025632
0.000000	0.025632	0.000000	0.025946
0.000000	0.025946	0.000000	0.025671
0.000000	0.025671	0.000000	0.025626
0.000000	0.025626	0.000000	0.025468
0.000000	0.025468	0.000000	0.025984
0.000000	0.025984	0.000000	0.026431
0.000000	0.026431	0.000000	0.026162
0.000000	0.026162	0.000000	0.026213
0.000000	0.026213	0.000000	0.025934
0.000000	0.025934	0.000000	0.025817
0.000000	0.025817	0.000000	0.025872
0.000000	0.025872	0.000000	0.025733
0.000000	0.025733	0.000000	0.025378
0.000000	0.025378	0.000000	0.025352
0.000000	0.025352	0.000000	0.025342
0.000000	0.025342	0.000000	0.025336
0.000000	0.025336	0.000000	0.026059
0.000000	0.026059	0.000000	0.025702
0.000000	0.025702	0.000000	0.026185
0.000000	0.026185	0.000000	0.026009
0.000000	0.026009	0.000000	0.025657
0.000000	0.025657	0.000000	0.025343
0.000000	0.025343	0.000000	0.026196
0.000000	0.026196	0.000000	0.026459
0.000000	0.026459	0.000000	0.026775
0.000000	0.026775	0.000000	0.026873
0.000000	0.026873	0.000000	0.026941
0.000000	0.026941	0.000000	0.026540
0.000000	0.026540	0.000000	0.026117
0.000000	0.026117	0.000000	0.026017
0.000000	0.026017	0.000000	0.025996
0.000000	0.025996	0.000000	0.026422
0.000000	0.026422	0.000000	0.025751
0.000000	0.025751	0.000000	0.025865
0.000000	0.025865	0.000000	0.025761
0.000000	0.025761	0.000000	0.025949
0.000000	0.025949	0.000000	0.026101
0.000000	0.026101	0.000000	0.026735
