0.350419	0.449089	0.225441	0.438625
0.225441	0.438625	0.171177	0.411190
0.171177	0.411190	0.140805	0.373037
0.140805	0.373037	0.116077	0.328605
0.116077	0.328605	0.092446	0.282819
0.092446	0.282819	0.070192	0.238510
0.070192	0.238510	0.050372	0.198303
0.050372	0.198303	0.033817	0.166933
0.033817	0.166933	0.021068	0.142009
0.021068	0.142009	0.012599	0.126806
0.012599	0.126806	0.007053	0.115588
0.007053	0.115588	0.003954	0.108800
0.003954	0.108800	0.002107	0.105263
0.002107	0.105263	0.001146	0.102915
0.001146	0.102915	0.000667	0.101457
0.000667	0.101457	0.000399	0.099508
0.000399	0.099508	0.000290	0.098450
0.000290	0.098450	0.000164	0.098423
0.000164	0.098423	0.000128	0.098330
0.000128	0.098330	0.000053	0.099242
0.000053	0.099242	0.000017	0.100259
0.000017	0.100259	0.000012	0.099898
0.000012	0.099898	0.000006	0.099185
0.000006	0.099185	0.000014	0.098808
0.000014	0.098808	0.000000	0.097875
0.000000	0.097875	0.000000	0.098318
0.000000	0.098318	0.000000	0.098528
0.000000	0.098528	0.000000	0.099445
0.000000	0.099445	0.000000	0.099188
0.000000	0.099188	0.000000	0.100568
0.000000	0.100568	0.000000	0.101215
0.000000	0.101215	0.000000	0.100615
0.000000	0.100615	0.000000	0.100264
0.000000	0.100264	0.000000	0.100921
0.000000	0.100921	0.000000	0.100125
0.000000	0.100125	0.000000	0.100334
0.000000	0.100334	0.000000	0.101047
0.000000	0.101047	0.000000	0.100229
0.000000	0.100229	0.000000	0.101224
0.000000	0.101224	0.000000	0.101224
0.000000	0.101224	0.000000	0.101320
0.000000	0.101320	0.000000	0.102524
0.000000	0.102524	0.000000	0.102807
0.000000	0.102807	0.000000	0.102400
0.000000	0.102400	0.000000	0.103097
0.000000	0.103097	0.000000	0.103288
0.000000	0.103288	0.000000	0.102745
0.000000	0.102745	0.000000	0.103467
0.000000	0.103467	0.000000	0.102820
0.000000	0.102820	0.000000	0.102966
0.000000	0.102966	0.000000	0.102868
0.000000	0.102868	0.000000	0.103296
0.000000	0.103296	0.000000	0.103351
0.000000	0.103351	0.000000	0.103897
0.000000	0.103897	0.000000	0.104371
0.000000	0.104371	0.000000	0.103436
0.000000	0.103436	0.000000	0.103725
0.000000	0.103725	0.000000	0.104669
0.000000	0.104669	0.000000	0.104650
0.000000	0.104650	0.000000	0.105608
0.000000	0.105608	0.000000	0.105853
0.000000	0.105853	0.000000	0.105428
0.000000	0.105428	0.000000	0.106021
0.000000	0.106021	0.000000	0.106902
0.000000	0.106902	0.000000	0.106455
0.000000	0.106455	0.000000	0.106234
0.000000	0.106234	0.000000	0.107778
0.000000	0.107778	0.000000	0.106818
0.000000	0.106818	0.000000	0.106033
0.000000	0.106033	0.000000	0.106210
0.000000	0.106210	0.000000	0.106015
0.000000	0.106015	0.000000	0.105097
0.000000	0.105097	0.000000	0.105054
0.000000	0.105054	0.000000	0.104634
0.000000	0.104634	0.000000	0.104891
0.000000	0.104891	0.000000	0.105705
0.000000	0.105705	0.000000	0.105625
0.000000	0.105625	0.000000	0.106758
0.000000	0.106758	0.000000	0.106597
0.000000	0.106597	0.000000	0.106904
0.000000	0.106904	0.000000	0.107280
0.000000	0.107280	0.000000	0.107482
0.000000	0.107482	0.000000	0.107819
0.000000	0.107819	0.000000	0.108421
0.000000	0.108421	0.000000	0.108450
0.000000	0.108450	0.000000	0.108254
0.000000	0.108254	0.000000	0.108289
0.000000	0.108289	0.000000	0.107965
0.000000	0.107965	0.000000	0.108000
0.000000	0.108000	0.000000	0.108243
0.000000	0.108243	0.000000	0.107948
0.000000	0.107948	0.000000	0.108039
0.000000	0.108039	0.000000	0.107903
0.000000	0.107903	0.000000	0.108584
0.000000	0.108584	0.000000	0.108478
0.000000	0.108478	0.000000	0.107700
0.000000	0.107700	0.000000	0.107375
0.000000	0.107375	0.000000	0.107729
0.000000	0.107729	0.000000	0.106680
0.000000	0.106680	0.000000	0.107112
0.000000	0.107112	0.000000	0.107197
0.000000	0.107197	0.000000	0.107544
0.000000	0.107544	0.000000	0.107913
0.000000	0.107913	0.000000	0.107212
0.000000	0.107212	0.000000	0.108544
0.000000	0.108544	0.000000	0.108438
0.000000	0.108438	0.000000	0.107945
0.000000	0.107945	0.000000	0.108456
0.000000	0.108456	0.000000	0.108529
0.000000	0.108529	0.000000	0.108910
0.000000	0.108910	0.000000	0.108313
0.000000	0.108313	0.000000	0.107359
0.000000	0.107359	0.000000	0.107032
0.000000	0.107032	0.000000	0.107225
0.000000	0.107225	0.000000	0.107832
0.000000	0.107832	0.000000	0.107227
0.000000	0.107227	0.000000	0.107191
0.000000	0.107191	0.000000	0.106681
0.000000	0.106681	0.000000	0.106495
0.000000	0.106495	0.000000	0.106163
0.000000	0.106163	0.000000	0.105444
0.000000	0.105444	0.000000	0.105375
0.000000	0.105375	0.000000	0.105272
0.000000	0.105272	0.000000	0.104883
0.000000	0.104883	0.000000	0.104065
0.000000	0.104065	0.000000	0.104484
0.000000	0.104484	0.000000	0.105132
0.000000	0.105132	0.000000	0.105130
0.000000	0.105130	0.000000	0.104902
0.000000	0.104902	0.000000	0.104051
0.000000	0.104051	0.000000	0.104530
0.000000	0.104530	0.000000	0.105137
0.000000	0.105137	0.000000	0.104038
0.000000	0.104038	0.000000	0.104146
0.000000	0.104146	0.000000	0.104116
0.000000	0.104116	0.000000	0.103596
0.000000	0.103596	0.000000	0.102893
0.000000	0.102893	0.000000	0.103361
0.000000	0.103361	0.000000	0.103460
0.000000	0.103460	0.000000	0.102570
0.000000	0.102570	0.000000	0.102980
0.000000	0.102980	0.000000	0.103656
0.000000	0.103656	0.000000	0.103918
0.000000	0.103918	0.000000	0.103280
0.000000	0.103280	0.000000	0.102474
0.000000	0.102474	0.000000	0.102315
0.000000	0.102315	0.000000	0.101872
0.000000	0.101872	0.000000	0.102151
0.000000	0.102151	0.000000	0.101546
0.000000	0.101546	0.000000	0.102450
0.000000	0.102450	0.000000	0.103558
0.000000	0.103558	0.000000	0.103751
0.000000	0.103751	0.000000	0.104030
0.000000	0.104030	0.000000	0.104754
0.000000	0.104754	0.000000	0.104883
0.000000	0.104883	0.000000	0.105273
0.000000	0.105273	0.000000	0.104833
0.000000	0.104833	0.000000	0.104317
0.000000	0.104317	0.000000	0.104976
0.000000	0.104976	0.000000	0.104399
0.000000	0.104399	0.000000	0.104773
0.000000	0.104773	0.000000	0.104076
0.000000	0.104076	0.000000	0.103960
0.000000	0.103960	0.000000	0.104048
0.000000	0.104048	0.000000	0.104115
0.000000	0.104115	0.000000	0.103848
0.000000	0.103848	0.000000	0.104285
0.000000	0.104285	0.000000	0.104270
0.000000	0.104270	0.000000	0.104047
0.000000	0.104047	0.000000	0.103131
0.000000	0.103131	0.000000	0.103269
0.000000	0.103269	0.000000	0.103488
0.000000	0.103488	0.000000	0.103398
0.000000	0.103398	0.000000	0.103025
0.000000	0.103025	0.000000	0.102922
0.000000	0.102922	0.000000	0.102579
0.000000	0.102579	0.000000	0.101783
0.000000	0.101783	0.000000	0.101519
0.000000	0.101519	0.000000	0.101552
0.000000	0.101552	0.000000	0.101598
0.000000	0.101598	0.000000	0.101184
0.000000	0.101184	0.000000	0.100373
0.000000	0.100373	0.000000	0.101449
0.000000	0.101449	0.000000	0.101590
0.000000	0.101590	0.000000	0.101901
0.000000	0.101901	0.000000	0.100606
0.000000	0.100606	0.000000	0.100799
0.000000	0.100799	0.000000	0.100390
0.000000	0.100390	0.000000	0.099898
0.000000	0.099898	0.000000	0.099155
0.000000	0.099155	0.000000	0.099279
0.000000	0.099279	0.000000	0.098786
0.000000	0.098786	0.000000	0.098802
0.000000	0.098802	0.000000	0.098182
0.000000	0.098182	0.000000	0.098806
0.000000	0.098806	0.000000	0.098459
0.000000	0.098459	0.000000	0.097308
0.000000	0.097308	0.000000	0.097256
0.000000	0.097256	0.000000	0.097933
0.350158	0.400057	0.168823	0.387551
0.168823	0.387551	0.105098	0.351586
0.105098	0.351586	0.076388	0.314236
0.076388	0.314236	0.057509	0.277528
0.057509	0.277528	0.043438	0.246012
0.043438	0.246012	0.031517	0.221395
0.031517	0.221395	0.021505	0.200530
0.021505	0.200530	0.014398	0.185434
0.014398	0.185434	0.009918	0.177451
0.009918	0.177451	0.006849	0.170438
0.006849	0.170438	0.004927	0.165874
0.004927	0.165874	0.003376	0.161146
0.003376	0.161146	0.002535	0.159182
0.002535	0.159182	0.001953	0.158276
0.001953	0.158276	0.001563	0.157477
0.001563	0.157477	0.001298	0.155654
0.001298	0.155654	0.001110	0.154704
0.001110	0.154704	0.000882	0.154169
0.000882	0.154169	0.000598	0.154199
0.000598	0.154199	0.000373	0.154071
0.000373	0.154071	0.000227	0.153324
0.000227	0.153324	0.000265	0.153030
0.000265	0.153030	0.000254	0.153479
0.000254	0.153479	0.000243	0.153014
0.000243	0.153014	0.000231	0.153692
0.000231	0.153692	0.000240	0.154098
0.000240	0.154098	0.000210	0.154119
0.000210	0.154119	0.000165	0.153092
0.000165	0.153092	0.000094	0.153541
0.000094	0.153541	0.000075	0.153325
0.000075	0.153325	0.000059	0.154797
0.000059	0.154797	0.000041	0.156203
0.000041	0.156203	0.000031	0.156797
0.000031	0.156797	0.000033	0.156465
0.000033	0.156465	0.000034	0.157295
0.000034	0.157295	0.000053	0.157225
0.000053	0.157225	0.000042	0.155589
0.000042	0.155589	0.000059	0.156225
0.000059	0.156225	0.000062	0.155353
0.000062	0.155353	0.000063	0.155488
0.000063	0.155488	0.000070	0.155145
0.000070	0.155145	0.000053	0.154513
0.000053	0.154513	0.000028	0.155057
0.000028	0.155057	0.000008	0.157250
0.000008	0.157250	0.000006	0.156644
0.000006	0.156644	0.000001	0.157085
0.000001	0.157085	0.000000	0.157234
0.000000	0.157234	0.000000	0.156349
0.000000	0.156349	0.000000	0.155562
0.000000	0.155562	0.000000	0.155391
0.000000	0.155391	0.000000	0.155590
0.000000	0.155590	0.000000	0.156765
0.000000	0.156765	0.000000	0.157202
0.000000	0.157202	0.000000	0.158174
0.000000	0.158174	0.000000	0.158843
0.000000	0.158843	0.000000	0.159726
0.000000	0.159726	0.000000	0.160474
0.000000	0.160474	0.000000	0.161415
0.000000	0.161415	0.000000	0.162138
0.000000	0.162138	0.000000	0.162645
0.000000	0.162645	0.000000	0.163046
0.000000	0.163046	0.000000	0.161990
0.000000	0.161990	0.000000	0.161740
0.000000	0.161740	0.000000	0.162201
0.000000	0.162201	0.000000	0.160578
0.000000	0.160578	0.000000	0.162040
0.000000	0.162040	0.000000	0.161930
0.000000	0.161930	0.000000	0.161901
0.000000	0.161901	0.000000	0.161923
0.000000	0.161923	0.000000	0.162528
0.000000	0.162528	0.000000	0.161996
0.000000	0.161996	0.000000	0.162467
0.000000	0.162467	0.000000	0.162315
0.000000	0.162315	0.000000	0.162671
0.000000	0.162671	0.000000	0.162078
0.000000	0.162078	0.000000	0.161803
0.000000	0.161803	0.000000	0.161091
0.000000	0.161091	0.000000	0.161165
0.000000	0.161165	0.000000	0.160819
0.000000	0.160819	0.000000	0.159850
0.000000	0.159850	0.000000	0.160355
0.000000	0.160355	0.000000	0.160846
0.000000	0.160846	0.000000	0.161282
0.000000	0.161282	0.000000	0.161916
0.000000	0.161916	0.000000	0.162111
0.000000	0.162111	0.000000	0.162839
0.000000	0.162839	0.000000	0.162370
0.000000	0.162370	0.000000	0.162602
0.000000	0.162602	0.000000	0.161331
0.000000	0.161331	0.000000	0.160741
0.000000	0.160741	0.000000	0.160594
0.000000	0.160594	0.000000	0.160604
0.000000	0.160604	0.000000	0.159302
0.000000	0.159302	0.000000	0.158767
0.000000	0.158767	0.000000	0.158558
0.000000	0.158558	0.000000	0.158216
0.000000	0.158216	0.000000	0.158746
0.000000	0.158746	0.000000	0.157955
0.000000	0.157955	0.000000	0.158271
0.000000	0.158271	0.000000	0.157917
0.000000	0.157917	0.000000	0.158045
0.000000	0.158045	0.000000	0.157935
0.000000	0.157935	0.000000	0.157689
0.000000	0.157689	0.000000	0.157322
0.000000	0.157322	0.000000	0.157173
0.000000	0.157173	0.000000	0.158318
0.000000	0.158318	0.000000	0.158190
0.000000	0.158190	0.000000	0.157404
0.000000	0.157404	0.000000	0.157645
0.000000	0.157645	0.000000	0.158290
0.000000	0.158290	0.000000	0.159001
0.000000	0.159001	0.000000	0.159160
0.000000	0.159160	0.000000	0.156905
0.000000	0.156905	0.000000	0.156454
0.000000	0.156454	0.000000	0.156846
0.000000	0.156846	0.000000	0.156856
0.000000	0.156856	0.000000	0.156135
0.000000	0.156135	0.000000	0.155806
0.000000	0.155806	0.000000	0.155294
0.000000	0.155294	0.000000	0.154006
0.000000	0.154006	0.000000	0.153723
0.000000	0.153723	0.000000	0.151924
0.000000	0.151924	0.000000	0.151136
0.000000	0.151136	0.000000	0.150622
0.000000	0.150622	0.000000	0.150451
0.000000	0.150451	0.000000	0.149927
0.000000	0.149927	0.000000	0.149022
0.000000	0.149022	0.000000	0.149264
0.000000	0.149264	0.000000	0.148804
0.000000	0.148804	0.000000	0.148527
0.000000	0.148527	0.000000	0.148208
0.000000	0.148208	0.000000	0.146880
0.000000	0.146880	0.000000	0.146258
0.000000	0.146258	0.000000	0.145716
0.000000	0.145716	0.000000	0.145663
0.000000	0.145663	0.000000	0.145788
0.000000	0.145788	0.000000	0.145464
0.000000	0.145464	0.000000	0.145597
0.000000	0.145597	0.000000	0.144733
0.000000	0.144733	0.000000	0.144883
0.000000	0.144883	0.000000	0.145097
0.000000	0.145097	0.000000	0.145784
0.000000	0.145784	0.000000	0.145190
0.000000	0.145190	0.000000	0.144015
0.000000	0.144015	0.000000	0.143901
0.000000	0.143901	0.000000	0.144143
0.000000	0.144143	0.000000	0.143977
0.000000	0.143977	0.000000	0.144092
0.000000	0.144092	0.000000	0.143488
0.000000	0.143488	0.000000	0.145908
0.000000	0.145908	0.000000	0.144545
0.000000	0.144545	0.000000	0.143931
0.000000	0.143931	0.000000	0.145021
0.000000	0.145021	0.000000	0.144218
0.000000	0.144218	0.000000	0.143935
0.000000	0.143935	0.000000	0.142682
0.000000	0.142682	0.000000	0.142542
0.000000	0.142542	0.000000	0.142660
0.000000	0.142660	0.000000	0.142411
0.000000	0.142411	0.000000	0.143033
0.000000	0.143033	0.000000	0.143404
0.000000	0.143404	0.000000	0.142613
0.000000	0.142613	0.000000	0.142659
0.000000	0.142659	0.000000	0.142732
0.000000	0.142732	0.000000	0.142486
0.000000	0.142486	0.000000	0.142426
0.000000	0.142426	0.000000	0.142765
0.000000	0.142765	0.000000	0.143077
0.000000	0.143077	0.000000	0.143120
0.000000	0.143120	0.000000	0.143053
0.000000	0.143053	0.000000	0.143221
0.000000	0.143221	0.000000	0.143151
0.000000	0.143151	0.000000	0.143863
0.000000	0.143863	0.000000	0.142790
0.000000	0.142790	0.000000	0.142193
0.000000	0.142193	0.000000	0.141923
0.000000	0.141923	0.000000	0.141007
0.000000	0.141007	0.000000	0.140247
0.000000	0.140247	0.000000	0.140964
0.000000	0.140964	0.000000	0.141320
0.000000	0.141320	0.000000	0.142088
0.000000	0.142088	0.000000	0.142479
0.000000	0.142479	0.000000	0.143942
0.000000	0.143942	0.000000	0.144169
0.000000	0.144169	0.000000	0.144243
0.000000	0.144243	0.000000	0.143539
0.000000	0.143539	0.000000	0.143585
0.000000	0.143585	0.000000	0.144520
0.000000	0.144520	0.000000	0.144524
0.000000	0.144524	0.000000	0.143456
0.000000	0.143456	0.000000	0.143127
0.000000	0.143127	0.000000	0.143708
0.000000	0.143708	0.000000	0.143857
0.000000	0.143857	0.000000	0.143940
0.000000	0.143940	0.000000	0.144458
0.000000	0.144458	0.000000	0.144905
0.000000	0.144905	0.000000	0.143537
0.000000	0.143537	0.000000	0.142509
0.000000	0.142509	0.000000	0.143130
0.349665	0.349785	0.119068	0.332134
0.119068	0.332134	0.058552	0.298520
0.058552	0.298520	0.036855	0.268761
0.036855	0.268761	0.025693	0.244161
0.025693	0.244161	0.018115	0.228609
0.018115	0.228609	0.013143	0.215349
0.013143	0.215349	0.009402	0.205940
0.009402	0.205940	0.007072	0.200069
0.007072	0.200069	0.005355	0.194768
0.005355	0.194768	0.004254	0.191455
0.004254	0.191455	0.003245	0.188870
0.003245	0.188870	0.002479	0.187299
0.002479	0.187299	0.002030	0.186149
0.002030	0.186149	0.001760	0.185203
0.001760	0.185203	0.001450	0.184961
0.001450	0.184961	0.001259	0.184328
0.001259	0.184328	0.000960	0.183495
0.000960	0.183495	0.000777	0.183848
0.000777	0.183848	0.000551	0.183558
0.000551	0.183558	0.000415	0.182424
0.000415	0.182424	0.000297	0.182223
0.000297	0.182223	0.000224	0.183064
0.000224	0.183064	0.000167	0.182739
0.000167	0.182739	0.000130	0.182960
0.000130	0.182960	0.000125	0.182762
0.000125	0.182762	0.000118	0.183127
0.000118	0.183127	0.000079	0.183650
0.000079	0.183650	0.000055	0.183724
0.000055	0.183724	0.000049	0.182627
0.000049	0.182627	0.000027	0.181662
0.000027	0.181662	0.000015	0.180688
0.000015	0.180688	0.000002	0.179870
0.000002	0.179870	0.000000	0.178506
0.000000	0.178506	0.000000	0.179024
0.000000	0.179024	0.000000	0.178124
0.000000	0.178124	0.000000	0.178277
0.000000	0.178277	0.000000	0.176876
0.000000	0.176876	0.000000	0.174811
0.000000	0.174811	0.000000	0.174480
0.000000	0.174480	0.000000	0.173962
0.000000	0.173962	0.000000	0.173624
0.000000	0.173624	0.000000	0.173039
0.000000	0.173039	0.000000	0.172187
0.000000	0.172187	0.000000	0.171716
0.000000	0.171716	0.000000	0.172116
0.000000	0.172116	0.000000	0.171849
0.000000	0.171849	0.000000	0.170857
0.000000	0.170857	0.000000	0.170768
0.000000	0.170768	0.000000	0.172111
0.000000	0.172111	0.000000	0.171850
0.000000	0.171850	0.000000	0.170640
0.000000	0.170640	0.000000	0.171632
0.000000	0.171632	0.000000	0.173628
0.000000	0.173628	0.000000	0.173871
0.000000	0.173871	0.000000	0.174258
0.000000	0.174258	0.000000	0.174070
0.000000	0.174070	0.000000	0.174501
0.000000	0.174501	0.000000	0.172565
0.000000	0.172565	0.000000	0.173036
0.000000	0.173036	0.000000	0.173736
0.000000	0.173736	0.000000	0.173426
0.000000	0.173426	0.000000	0.172633
0.000000	0.172633	0.000000	0.173700
0.000000	0.173700	0.000000	0.175721
0.000000	0.175721	0.000000	0.174303
0.000000	0.174303	0.000000	0.175479
0.000000	0.175479	0.000000	0.176007
0.000000	0.176007	0.000000	0.175263
0.000000	0.175263	0.000000	0.175463
0.000000	0.175463	0.000000	0.175338
0.000000	0.175338	0.000000	0.175648
0.000000	0.175648	0.000000	0.175349
0.000000	0.175349	0.000000	0.174835
0.000000	0.174835	0.000000	0.174196
0.000000	0.174196	0.000000	0.174262
0.000000	0.174262	0.000000	0.173554
0.000000	0.173554	0.000000	0.173689
0.000000	0.173689	0.000000	0.172563
0.000000	0.172563	0.000000	0.172189
0.000000	0.172189	0.000000	0.172694
0.000000	0.172694	0.000000	0.171681
0.000000	0.171681	0.000000	0.172292
0.000000	0.172292	0.000000	0.172381
0.000000	0.172381	0.000000	0.173387
0.000000	0.173387	0.000000	0.172834
0.000000	0.172834	0.000000	0.173290
0.000000	0.173290	0.000000	0.174410
0.000000	0.174410	0.000000	0.172847
0.000000	0.172847	0.000000	0.172113
0.000000	0.172113	0.000000	0.172301
0.000000	0.172301	0.000000	0.172907
0.000000	0.172907	0.000000	0.172684
0.000000	0.172684	0.000000	0.173163
0.000000	0.173163	0.000000	0.174404
0.000000	0.174404	0.000000	0.174658
0.000000	0.174658	0.000000	0.173584
0.000000	0.173584	0.000000	0.173705
0.000000	0.173705	0.000000	0.174143
0.000000	0.174143	0.000000	0.174158
0.000000	0.174158	0.000000	0.174518
0.000000	0.174518	0.000000	0.174723
0.000000	0.174723	0.000000	0.173073
0.000000	0.173073	0.000000	0.173382
0.000000	0.173382	0.000000	0.173330
0.000000	0.173330	0.000000	0.172992
0.000000	0.172992	0.000000	0.172159
0.000000	0.172159	0.000000	0.170370
0.000000	0.170370	0.000000	0.170286
0.000000	0.170286	0.000000	0.169317
0.000000	0.169317	0.000000	0.170027
0.000000	0.170027	0.000000	0.170524
0.000000	0.170524	0.000000	0.168501
0.000000	0.168501	0.000000	0.167804
0.000000	0.167804	0.000000	0.167213
0.000000	0.167213	0.000000	0.168487
0.000000	0.168487	0.000000	0.167498
0.000000	0.167498	0.000000	0.166823
0.000000	0.166823	0.000000	0.167900
0.000000	0.167900	0.000000	0.169180
0.000000	0.169180	0.000000	0.168445
0.000000	0.168445	0.000000	0.167290
0.000000	0.167290	0.000000	0.168429
0.000000	0.168429	0.000000	0.168388
0.000000	0.168388	0.000000	0.167956
0.000000	0.167956	0.000000	0.167999
0.000000	0.167999	0.000000	0.166704
0.000000	0.166704	0.000000	0.166320
0.000000	0.166320	0.000000	0.166896
0.000000	0.166896	0.000000	0.166795
0.000000	0.166795	0.000000	0.167231
0.000000	0.167231	0.000000	0.167355
0.000000	0.167355	0.000000	0.166751
0.000000	0.166751	0.000000	0.166749
0.000000	0.166749	0.000000	0.167788
0.000000	0.167788	0.000000	0.168622
0.000000	0.168622	0.000000	0.167524
0.000000	0.167524	0.000000	0.166328
0.000000	0.166328	0.000000	0.167241
0.000000	0.167241	0.000000	0.167492
0.000000	0.167492	0.000000	0.166665
0.000000	0.166665	0.000000	0.166280
0.000000	0.166280	0.000000	0.167297
0.000000	0.167297	0.000000	0.166580
0.000000	0.166580	0.000000	0.167932
0.000000	0.167932	0.000000	0.167509
0.000000	0.167509	0.000000	0.167352
0.000000	0.167352	0.000000	0.167368
0.000000	0.167368	0.000000	0.168949
0.000000	0.168949	0.000000	0.169453
0.000000	0.169453	0.000000	0.169348
0.000000	0.169348	0.000000	0.170650
0.000000	0.170650	0.000000	0.170479
0.000000	0.170479	0.000000	0.169964
0.000000	0.169964	0.000000	0.170522
0.000000	0.170522	0.000000	0.170994
0.000000	0.170994	0.000000	0.170301
0.000000	0.170301	0.000000	0.169803
0.000000	0.169803	0.000000	0.169526
0.000000	0.169526	0.000000	0.169269
0.000000	0.169269	0.000000	0.169601
0.000000	0.169601	0.000000	0.168931
0.000000	0.168931	0.000000	0.169685
0.000000	0.169685	0.000000	0.170896
0.000000	0.170896	0.000000	0.170325
0.000000	0.170325	0.000000	0.169271
0.000000	0.169271	0.000000	0.168784
0.000000	0.168784	0.000000	0.168022
0.000000	0.168022	0.000000	0.168156
0.000000	0.168156	0.000000	0.168336
0.000000	0.168336	0.000000	0.168730
0.000000	0.168730	0.000000	0.169276
0.000000	0.169276	0.000000	0.170034
0.000000	0.170034	0.000000	0.170525
0.000000	0.170525	0.000000	0.171465
0.000000	0.171465	0.000000	0.171361
0.000000	0.171361	0.000000	0.171349
0.000000	0.171349	0.000000	0.171455
0.000000	0.171455	0.000000	0.170555
0.000000	0.170555	0.000000	0.168757
0.000000	0.168757	0.000000	0.167834
0.000000	0.167834	0.000000	0.167010
0.000000	0.167010	0.000000	0.167335
0.000000	0.167335	0.000000	0.168862
0.000000	0.168862	0.000000	0.168454
0.000000	0.168454	0.000000	0.168532
0.000000	0.168532	0.000000	0.169626
0.000000	0.169626	0.000000	0.170402
0.000000	0.170402	0.000000	0.170836
0.000000	0.170836	0.000000	0.169780
0.000000	0.169780	0.000000	0.170918
0.000000	0.170918	0.000000	0.170789
0.000000	0.170789	0.000000	0.169525
0.000000	0.169525	0.000000	0.168174
0.000000	0.168174	0.000000	0.167616
0.000000	0.167616	0.000000	0.166048
0.000000	0.166048	0.000000	0.166338
0.000000	0.166338	0.000000	0.165982
0.000000	0.165982	0.000000	0.164965
0.000000	0.164965	0.000000	0.165226
0.350347	0.299914	0.081239	0.282909
0.081239	0.282909	0.030372	0.255649
0.030372	0.255649	0.016223	0.234787
0.016223	0.234787	0.010522	0.222886
0.010522	0.222886	0.007575	0.215570
0.007575	0.215570	0.005543	0.208792
0.005543	0.208792	0.003994	0.207292
0.003994	0.207292	0.003325	0.203663
0.003325	0.203663	0.002305	0.200931
0.002305	0.200931	0.001786	0.200085
0.001786	0.200085	0.001468	0.198776
0.001468	0.198776	0.001153	0.197900
0.001153	0.197900	0.000818	0.197508
0.000818	0.197508	0.000625	0.198148
0.000625	0.198148	0.000496	0.199358
0.000496	0.199358	0.000495	0.200080
0.000495	0.200080	0.000417	0.200907
0.000417	0.200907	0.000434	0.200845
0.000434	0.200845	0.000354	0.200401
0.000354	0.200401	0.000336	0.199675
0.000336	0.199675	0.000376	0.199679
0.000376	0.199679	0.000389	0.199874
0.000389	0.199874	0.000298	0.199161
0.000298	0.199161	0.000307	0.200336
0.000307	0.200336	0.000347	0.198855
0.000347	0.198855	0.000316	0.198455
0.000316	0.198455	0.000259	0.200003
0.000259	0.200003	0.000179	0.198967
0.000179	0.198967	0.000128	0.199072
0.000128	0.199072	0.000175	0.198163
0.000175	0.198163	0.000154	0.199015
0.000154	0.199015	0.000177	0.199600
0.000177	0.199600	0.000167	0.200679
0.000167	0.200679	0.000108	0.199633
0.000108	0.199633	0.000079	0.199820
0.000079	0.199820	0.000077	0.200440
0.000077	0.200440	0.000102	0.200249
0.000102	0.200249	0.000125	0.200028
0.000125	0.200028	0.000155	0.199120
0.000155	0.199120	0.000162	0.198685
0.000162	0.198685	0.000167	0.198234
0.000167	0.198234	0.000149	0.198379
0.000149	0.198379	0.000131	0.197915
0.000131	0.197915	0.000119	0.198105
0.000119	0.198105	0.000122	0.197432
0.000122	0.197432	0.000118	0.197415
0.000118	0.197415	0.000121	0.197072
0.000121	0.197072	0.000078	0.197441
0.000078	0.197441	0.000048	0.199014
0.000048	0.199014	0.000030	0.198193
0.000030	0.198193	0.000012	0.198086
0.000012	0.198086	0.000007	0.198156
0.000007	0.198156	0.000000	0.198188
0.000000	0.198188	0.000000	0.196888
0.000000	0.196888	0.000000	0.197846
0.000000	0.197846	0.000000	0.197010
0.000000	0.197010	0.000000	0.197605
0.000000	0.197605	0.000000	0.197441
0.000000	0.197441	0.000000	0.197074
0.000000	0.197074	0.000000	0.197436
0.000000	0.197436	0.000000	0.196450
0.000000	0.196450	0.000000	0.197444
0.000000	0.197444	0.000000	0.198027
0.000000	0.198027	0.000000	0.198261
0.000000	0.198261	0.000000	0.198922
0.000000	0.198922	0.000000	0.197723
0.000000	0.197723	0.000000	0.198253
0.000000	0.198253	0.000000	0.197142
0.000000	0.197142	0.000000	0.199587
0.000000	0.199587	0.000000	0.199966
0.000000	0.199966	0.000000	0.198120
0.000000	0.198120	0.000000	0.198259
0.000000	0.198259	0.000000	0.199366
0.000000	0.199366	0.000000	0.199472
0.000000	0.199472	0.000000	0.199762
0.000000	0.199762	0.000000	0.200498
0.000000	0.200498	0.000000	0.200104
0.000000	0.200104	0.000000	0.199991
0.000000	0.199991	0.000000	0.200929
0.000000	0.200929	0.000000	0.200441
0.000000	0.200441	0.000000	0.199692
0.000000	0.199692	0.000000	0.200044
0.000000	0.200044	0.000000	0.199657
0.000000	0.199657	0.000000	0.200191
0.000000	0.200191	0.000000	0.200198
0.000000	0.200198	0.000000	0.201189
0.000000	0.201189	0.000000	0.201379
0.000000	0.201379	0.000000	0.202047
0.000000	0.202047	0.000000	0.202444
0.000000	0.202444	0.000000	0.201223
0.000000	0.201223	0.000000	0.201592
0.000000	0.201592	0.000000	0.201079
0.000000	0.201079	0.000000	0.201377
0.000000	0.201377	0.000000	0.201872
0.000000	0.201872	0.000000	0.202276
0.000000	0.202276	0.000000	0.201442
0.000000	0.201442	0.000000	0.200962
0.000000	0.200962	0.000000	0.201842
0.000000	0.201842	0.000000	0.201408
0.000000	0.201408	0.000000	0.201501
0.000000	0.201501	0.000000	0.202769
0.000000	0.202769	0.000000	0.201679
0.000000	0.201679	0.000000	0.203677
0.000000	0.203677	0.000000	0.203624
0.000000	0.203624	0.000000	0.203820
0.000000	0.203820	0.000000	0.202841
0.000000	0.202841	0.000000	0.203041
0.000000	0.203041	0.000000	0.204949
0.000000	0.204949	0.000000	0.203742
0.000000	0.203742	0.000000	0.204617
0.000000	0.204617	0.000000	0.204809
0.000000	0.204809	0.000000	0.203607
0.000000	0.203607	0.000000	0.205633
0.000000	0.205633	0.000000	0.205799
0.000000	0.205799	0.000000	0.205963
0.000000	0.205963	0.000000	0.206979
0.000000	0.206979	0.000000	0.207149
0.000000	0.207149	0.000000	0.205905
0.000000	0.205905	0.000000	0.205606
0.000000	0.205606	0.000000	0.206012
0.000000	0.206012	0.000000	0.206019
0.000000	0.206019	0.000000	0.205507
0.000000	0.205507	0.000000	0.204466
0.000000	0.204466	0.000000	0.204098
0.000000	0.204098	0.000000	0.204508
0.000000	0.204508	0.000000	0.203894
0.000000	0.203894	0.000000	0.204598
0.000000	0.204598	0.000000	0.204961
0.000000	0.204961	0.000000	0.204970
0.000000	0.204970	0.000000	0.204210
0.000000	0.204210	0.000000	0.205578
0.000000	0.205578	0.000000	0.205360
0.000000	0.205360	0.000000	0.204269
0.000000	0.204269	0.000000	0.203432
0.000000	0.203432	0.000000	0.203584
0.000000	0.203584	0.000000	0.205437
0.000000	0.205437	0.000000	0.205614
0.000000	0.205614	0.000000	0.205244
0.000000	0.205244	0.000000	0.204971
0.000000	0.204971	0.000000	0.205818
0.000000	0.205818	0.000000	0.206288
0.000000	0.206288	0.000000	0.205655
0.000000	0.205655	0.000000	0.205901
0.000000	0.205901	0.000000	0.204783
0.000000	0.204783	0.000000	0.206438
0.000000	0.206438	0.000000	0.205674
0.000000	0.205674	0.000000	0.204837
0.000000	0.204837	0.000000	0.204203
0.000000	0.204203	0.000000	0.203313
0.000000	0.203313	0.000000	0.203628
0.000000	0.203628	0.000000	0.203795
0.000000	0.203795	0.000000	0.203710
0.000000	0.203710	0.000000	0.204865
0.000000	0.204865	0.000000	0.204558
0.000000	0.204558	0.000000	0.204094
0.000000	0.204094	0.000000	0.202703
0.000000	0.202703	0.000000	0.203094
0.000000	0.203094	0.000000	0.203849
0.000000	0.203849	0.000000	0.203696
0.000000	0.203696	0.000000	0.205403
0.000000	0.205403	0.000000	0.205980
0.000000	0.205980	0.000000	0.206363
0.000000	0.206363	0.000000	0.206828
0.000000	0.206828	0.000000	0.207960
0.000000	0.207960	0.000000	0.208192
0.000000	0.208192	0.000000	0.207472
0.000000	0.207472	0.000000	0.207807
0.000000	0.207807	0.000000	0.209028
0.000000	0.209028	0.000000	0.208806
0.000000	0.208806	0.000000	0.209622
0.000000	0.209622	0.000000	0.208906
0.000000	0.208906	0.000000	0.208627
0.000000	0.208627	0.000000	0.207738
0.000000	0.207738	0.000000	0.208157
0.000000	0.208157	0.000000	0.207804
0.000000	0.207804	0.000000	0.205707
0.000000	0.205707	0.000000	0.207292
0.000000	0.207292	0.000000	0.207613
0.000000	0.207613	0.000000	0.207600
0.000000	0.207600	0.000000	0.207355
0.000000	0.207355	0.000000	0.205856
0.000000	0.205856	0.000000	0.205133
0.000000	0.205133	0.000000	0.204640
0.000000	0.204640	0.000000	0.204583
0.000000	0.204583	0.000000	0.204399
0.000000	0.204399	0.000000	0.203853
0.000000	0.203853	0.000000	0.204058
0.000000	0.204058	0.000000	0.204518
0.000000	0.204518	0.000000	0.204514
0.000000	0.204514	0.000000	0.203997
0.000000	0.203997	0.000000	0.204975
0.000000	0.204975	0.000000	0.205650
0.000000	0.205650	0.000000	0.204756
0.000000	0.204756	0.000000	0.205099
0.000000	0.205099	0.000000	0.205406
0.000000	0.205406	0.000000	0.204489
0.000000	0.204489	0.000000	0.204653
0.000000	0.204653	0.000000	0.203901
0.000000	0.203901	0.000000	0.205218
0.350553	0.249378	0.051706	0.232827
0.051706	0.232827	0.014001	0.211938
0.014001	0.211938	0.006483	0.200553
0.006483	0.200553	0.004018	0.194255
0.004018	0.194255	0.002638	0.191350
0.002638	0.191350	0.002064	0.188401
0.002064	0.188401	0.001792	0.187740
0.001792	0.187740	0.001378	0.186158
0.001378	0.186158	0.001089	0.185456
0.001089	0.185456	0.000882	0.185888
0.000882	0.185888	0.000617	0.185023
0.000617	0.185023	0.000355	0.185688
0.000355	0.185688	0.000265	0.184262
0.000265	0.184262	0.000235	0.184753
0.000235	0.184753	0.000183	0.185314
0.000183	0.185314	0.000115	0.186082
0.000115	0.186082	0.000059	0.185687
0.000059	0.185687	0.000038	0.185947
0.000038	0.185947	0.000020	0.186831
0.000020	0.186831	0.000012	0.187837
0.000012	0.187837	0.000000	0.187849
0.000000	0.187849	0.000000	0.187483
0.000000	0.187483	0.000000	0.186968
0.000000	0.186968	0.000000	0.187138
0.000000	0.187138	0.000000	0.187252
0.000000	0.187252	0.000000	0.187593
0.000000	0.187593	0.000000	0.187802
0.000000	0.187802	0.000000	0.188497
0.000000	0.188497	0.000000	0.189146
0.000000	0.189146	0.000000	0.189083
0.000000	0.189083	0.000000	0.189811
0.000000	0.189811	0.000000	0.189215
0.000000	0.189215	0.000000	0.189805
0.000000	0.189805	0.000000	0.189723
0.000000	0.189723	0.000000	0.189547
0.000000	0.189547	0.000000	0.189029
0.000000	0.189029	0.000000	0.189236
0.000000	0.189236	0.000000	0.189543
0.000000	0.189543	0.000000	0.189398
0.000000	0.189398	0.000000	0.188645
0.000000	0.188645	0.000000	0.189216
0.000000	0.189216	0.000000	0.188573
0.000000	0.188573	0.000000	0.189288
0.000000	0.189288	0.000000	0.189230
0.000000	0.189230	0.000000	0.189996
0.000000	0.189996	0.000000	0.189798
0.000000	0.189798	0.000000	0.189940
0.000000	0.189940	0.000000	0.190778
0.000000	0.190778	0.000000	0.190448
0.000000	0.190448	0.000000	0.189766
0.000000	0.189766	0.000000	0.189727
0.000000	0.189727	0.000000	0.190532
0.000000	0.190532	0.000000	0.190013
0.000000	0.190013	0.000000	0.191347
0.000000	0.191347	0.000000	0.191671
0.000000	0.191671	0.000000	0.190954
0.000000	0.190954	0.000000	0.190989
0.000000	0.190989	0.000000	0.190062
0.000000	0.190062	0.000000	0.191285
0.000000	0.191285	0.000000	0.191476
0.000000	0.191476	0.000000	0.190536
0.000000	0.190536	0.000000	0.190461
0.000000	0.190461	0.000000	0.190053
0.000000	0.190053	0.000000	0.190334
0.000000	0.190334	0.000000	0.192026
0.000000	0.192026	0.000000	0.192610
0.000000	0.192610	0.000000	0.193920
0.000000	0.193920	0.000000	0.193419
0.000000	0.193419	0.000000	0.193326
0.000000	0.193326	0.000000	0.192418
0.000000	0.192418	0.000000	0.192586
0.000000	0.192586	0.000000	0.192819
0.000000	0.192819	0.000000	0.192968
0.000000	0.192968	0.000000	0.193328
0.000000	0.193328	0.000000	0.192595
0.000000	0.192595	0.000000	0.192750
0.000000	0.192750	0.000000	0.193868
0.000000	0.193868	0.000000	0.193602
0.000000	0.193602	0.000000	0.193648
0.000000	0.193648	0.000000	0.192337
0.000000	0.192337	0.000000	0.191720
0.000000	0.191720	0.000000	0.190625
0.000000	0.190625	0.000000	0.189743
0.000000	0.189743	0.000000	0.190998
0.000000	0.190998	0.000000	0.192293
0.000000	0.192293	0.000000	0.193801
0.000000	0.193801	0.000000	0.193629
0.000000	0.193629	0.000000	0.194664
0.000000	0.194664	0.000000	0.195024
0.000000	0.195024	0.000000	0.195800
0.000000	0.195800	0.000000	0.195236
0.000000	0.195236	0.000000	0.194582
0.000000	0.194582	0.000000	0.194383
0.000000	0.194383	0.000000	0.195071
0.000000	0.195071	0.000000	0.194342
0.000000	0.194342	0.000000	0.194266
0.000000	0.194266	0.000000	0.193696
0.000000	0.193696	0.000000	0.192320
0.000000	0.192320	0.000000	0.192422
0.000000	0.192422	0.000000	0.191392
0.000000	0.191392	0.000000	0.192112
0.000000	0.192112	0.000000	0.193163
0.000000	0.193163	0.000000	0.193785
0.000000	0.193785	0.000000	0.195079
0.000000	0.195079	0.000000	0.195018
0.000000	0.195018	0.000000	0.195147
0.000000	0.195147	0.000000	0.194892
0.000000	0.194892	0.000000	0.194802
0.000000	0.194802	0.000000	0.195858
0.000000	0.195858	0.000000	0.195414
0.000000	0.195414	0.000000	0.194861
0.000000	0.194861	0.000000	0.194851
0.000000	0.194851	0.000000	0.194395
0.000000	0.194395	0.000000	0.193825
0.000000	0.193825	0.000000	0.194023
0.000000	0.194023	0.000000	0.194601
0.000000	0.194601	0.000000	0.193817
0.000000	0.193817	0.000000	0.192256
0.000000	0.192256	0.000000	0.192279
0.000000	0.192279	0.000000	0.193061
0.000000	0.193061	0.000000	0.193741
0.000000	0.193741	0.000000	0.193641
0.000000	0.193641	0.000000	0.194369
0.000000	0.194369	0.000000	0.195905
0.000000	0.195905	0.000000	0.195128
0.000000	0.195128	0.000000	0.195377
0.000000	0.195377	0.000000	0.195097
0.000000	0.195097	0.000000	0.195394
0.000000	0.195394	0.000000	0.196684
0.000000	0.196684	0.000000	0.196912
0.000000	0.196912	0.000000	0.197232
0.000000	0.197232	0.000000	0.198193
0.000000	0.198193	0.000000	0.198479
0.000000	0.198479	0.000000	0.198783
0.000000	0.198783	0.000000	0.200517
0.000000	0.200517	0.000000	0.200290
0.000000	0.200290	0.000000	0.201444
0.000000	0.201444	0.000000	0.200367
0.000000	0.200367	0.000000	0.200881
0.000000	0.200881	0.000000	0.200060
0.000000	0.200060	0.000000	0.199671
0.000000	0.199671	0.000000	0.199925
0.000000	0.199925	0.000000	0.200484
0.000000	0.200484	0.000000	0.199799
0.000000	0.199799	0.000000	0.200082
0.000000	0.200082	0.000000	0.199994
0.000000	0.199994	0.000000	0.199661
0.000000	0.199661	0.000000	0.199451
0.000000	0.199451	0.000000	0.199800
0.000000	0.199800	0.000000	0.201610
0.000000	0.201610	0.000000	0.202502
0.000000	0.202502	0.000000	0.202568
0.000000	0.202568	0.000000	0.203108
0.000000	0.203108	0.000000	0.204322
0.000000	0.204322	0.000000	0.205837
0.000000	0.205837	0.000000	0.205844
0.000000	0.205844	0.000000	0.204844
0.000000	0.204844	0.000000	0.205035
0.000000	0.205035	0.000000	0.204969
0.000000	0.204969	0.000000	0.205587
0.000000	0.205587	0.000000	0.205319
0.000000	0.205319	0.000000	0.205349
0.000000	0.205349	0.000000	0.205768
0.000000	0.205768	0.000000	0.205773
0.000000	0.205773	0.000000	0.205214
0.000000	0.205214	0.000000	0.205383
0.000000	0.205383	0.000000	0.204840
0.000000	0.204840	0.000000	0.204780
0.000000	0.204780	0.000000	0.204042
0.000000	0.204042	0.000000	0.203630
0.000000	0.203630	0.000000	0.203245
0.000000	0.203245	0.000000	0.203671
0.000000	0.203671	0.000000	0.204269
0.000000	0.204269	0.000000	0.204535
0.000000	0.204535	0.000000	0.205940
0.000000	0.205940	0.000000	0.205528
0.000000	0.205528	0.000000	0.205152
0.000000	0.205152	0.000000	0.205746
0.000000	0.205746	0.000000	0.205906
0.000000	0.205906	0.000000	0.206089
0.000000	0.206089	0.000000	0.206238
0.000000	0.206238	0.000000	0.206587
0.000000	0.206587	0.000000	0.207828
0.000000	0.207828	0.000000	0.207948
0.000000	0.207948	0.000000	0.206738
0.000000	0.206738	0.000000	0.206777
0.000000	0.206777	0.000000	0.206970
0.000000	0.206970	0.000000	0.207159
0.000000	0.207159	0.000000	0.208082
0.000000	0.208082	0.000000	0.208971
0.000000	0.208971	0.000000	0.209487
0.000000	0.209487	0.000000	0.210332
0.000000	0.210332	0.000000	0.210715
0.000000	0.210715	0.000000	0.210411
0.000000	0.210411	0.000000	0.211077
0.000000	0.211077	0.000000	0.209370
0.000000	0.209370	0.000000	0.209879
0.000000	0.209879	0.000000	0.209078
0.000000	0.209078	0.000000	0.207790
0.349989	0.199874	0.032469	0.187122
0.032469	0.187122	0.006157	0.172738
0.006157	0.172738	0.002242	0.168413
0.002242	0.168413	0.001204	0.166510
0.001204	0.166510	0.000765	0.165991
0.000765	0.165991	0.000488	0.165509
0.000488	0.165509	0.000284	0.164920
0.000284	0.164920	0.000229	0.164227
0.000229	0.164227	0.000156	0.162843
0.000156	0.162843	0.000141	0.161734
0.000141	0.161734	0.000129	0.161674
0.000129	0.161674	0.000085	0.162137
0.000085	0.162137	0.000119	0.162830
0.000119	0.162830	0.000095	0.163520
0.000095	0.163520	0.000072	0.162391
0.000072	0.162391	0.000072	0.163217
0.000072	0.163217	0.000029	0.162052
0.000029	0.162052	0.000028	0.160789
0.000028	0.160789	0.000014	0.162045
0.000014	0.162045	0.000011	0.162458
0.000011	0.162458	0.000004	0.162257
0.000004	0.162257	0.000000	0.162343
0.000000	0.162343	0.000000	0.162364
0.000000	0.162364	0.000000	0.162052
0.000000	0.162052	0.000000	0.163141
0.000000	0.163141	0.000000	0.165137
0.000000	0.165137	0.000000	0.164635
0.000000	0.164635	0.000000	0.164366
0.000000	0.164366	0.000000	0.164420
0.000000	0.164420	0.000000	0.164103
0.000000	0.164103	0.000000	0.163061
0.000000	0.163061	0.000000	0.162432
0.000000	0.162432	0.000000	0.162259
0.000000	0.162259	0.000000	0.162396
0.000000	0.162396	0.000000	0.162218
0.000000	0.162218	0.000000	0.161893
0.000000	0.161893	0.000000	0.162499
0.000000	0.162499	0.000000	0.162987
0.000000	0.162987	0.000000	0.163379
0.000000	0.163379	0.000000	0.162409
0.000000	0.162409	0.000000	0.161906
0.000000	0.161906	0.000000	0.162029
0.000000	0.162029	0.000000	0.161812
0.000000	0.161812	0.000000	0.162076
0.000000	0.162076	0.000000	0.161718
0.000000	0.161718	0.000000	0.161092
0.000000	0.161092	0.000000	0.161294
0.000000	0.161294	0.000000	0.161745
0.000000	0.161745	0.000000	0.159867
0.000000	0.159867	0.000000	0.159838
0.000000	0.159838	0.000000	0.159801
0.000000	0.159801	0.000000	0.159496
0.000000	0.159496	0.000000	0.159940
0.000000	0.159940	0.000000	0.159510
0.000000	0.159510	0.000000	0.158907
0.000000	0.158907	0.000000	0.158315
0.000000	0.158315	0.000000	0.157379
0.000000	0.157379	0.000000	0.156971
0.000000	0.156971	0.000000	0.156117
0.000000	0.156117	0.000000	0.155862
0.000000	0.155862	0.000000	0.156357
0.000000	0.156357	0.000000	0.156644
0.000000	0.156644	0.000000	0.155818
0.000000	0.155818	0.000000	0.156864
0.000000	0.156864	0.000000	0.157172
0.000000	0.157172	0.000000	0.157726
0.000000	0.157726	0.000000	0.157674
0.000000	0.157674	0.000000	0.157803
0.000000	0.157803	0.000000	0.158402
0.000000	0.158402	0.000000	0.159040
0.000000	0.159040	0.000000	0.159608
0.000000	0.159608	0.000000	0.158768
0.000000	0.158768	0.000000	0.159624
0.000000	0.159624	0.000000	0.159044
0.000000	0.159044	0.000000	0.158879
0.000000	0.158879	0.000000	0.158385
0.000000	0.158385	0.000000	0.158199
0.000000	0.158199	0.000000	0.158457
0.000000	0.158457	0.000000	0.157830
0.000000	0.157830	0.000000	0.156744
0.000000	0.156744	0.000000	0.154992
0.000000	0.154992	0.000000	0.153602
0.000000	0.153602	0.000000	0.153193
0.000000	0.153193	0.000000	0.153497
0.000000	0.153497	0.000000	0.152569
0.000000	0.152569	0.000000	0.151797
0.000000	0.151797	0.000000	0.150743
0.000000	0.150743	0.000000	0.149369
0.000000	0.149369	0.000000	0.149108
0.000000	0.149108	0.000000	0.149161
0.000000	0.149161	0.000000	0.149465
0.000000	0.149465	0.000000	0.150222
0.000000	0.150222	0.000000	0.150630
0.000000	0.150630	0.000000	0.151192
0.000000	0.151192	0.000000	0.152047
0.000000	0.152047	0.000000	0.152032
0.000000	0.152032	0.000000	0.150932
0.000000	0.150932	0.000000	0.150935
0.000000	0.150935	0.000000	0.151083
0.000000	0.151083	0.000000	0.150448
0.000000	0.150448	0.000000	0.150300
0.000000	0.150300	0.000000	0.149429
0.000000	0.149429	0.000000	0.149361
0.000000	0.149361	0.000000	0.149478
0.000000	0.149478	0.000000	0.149549
0.000000	0.149549	0.000000	0.149647
0.000000	0.149647	0.000000	0.149584
0.000000	0.149584	0.000000	0.148786
0.000000	0.148786	0.000000	0.150353
0.000000	0.150353	0.000000	0.148647
0.000000	0.148647	0.000000	0.149540
0.000000	0.149540	0.000000	0.149786
0.000000	0.149786	0.000000	0.150147
0.000000	0.150147	0.000000	0.150670
0.000000	0.150670	0.000000	0.151329
0.000000	0.151329	0.000000	0.151180
0.000000	0.151180	0.000000	0.152384
0.000000	0.152384	0.000000	0.152346
0.000000	0.152346	0.000000	0.153476
0.000000	0.153476	0.000000	0.152473
0.000000	0.152473	0.000000	0.152641
0.000000	0.152641	0.000000	0.153350
0.000000	0.153350	0.000000	0.153962
0.000000	0.153962	0.000000	0.154205
0.000000	0.154205	0.000000	0.154686
0.000000	0.154686	0.000000	0.154808
0.000000	0.154808	0.000000	0.155784
0.000000	0.155784	0.000000	0.156514
0.000000	0.156514	0.000000	0.156218
0.000000	0.156218	0.000000	0.155664
0.000000	0.155664	0.000000	0.156461
0.000000	0.156461	0.000000	0.156901
0.000000	0.156901	0.000000	0.157456
0.000000	0.157456	0.000000	0.156673
0.000000	0.156673	0.000000	0.156906
0.000000	0.156906	0.000000	0.156901
0.000000	0.156901	0.000000	0.156086
0.000000	0.156086	0.000000	0.155811
0.000000	0.155811	0.000000	0.155682
0.000000	0.155682	0.000000	0.155415
0.000000	0.155415	0.000000	0.154696
0.000000	0.154696	0.000000	0.153405
0.000000	0.153405	0.000000	0.153669
0.000000	0.153669	0.000000	0.153172
0.000000	0.153172	0.000000	0.152306
0.000000	0.152306	0.000000	0.152227
0.000000	0.152227	0.000000	0.152160
0.000000	0.152160	0.000000	0.152672
0.000000	0.152672	0.000000	0.152829
0.000000	0.152829	0.000000	0.152548
0.000000	0.152548	0.000000	0.151853
0.000000	0.151853	0.000000	0.151488
0.000000	0.151488	0.000000	0.150922
0.000000	0.150922	0.000000	0.150914
0.000000	0.150914	0.000000	0.150372
0.000000	0.150372	0.000000	0.150254
0.000000	0.150254	0.000000	0.150101
0.000000	0.150101	0.000000	0.150083
0.000000	0.150083	0.000000	0.149517
0.000000	0.149517	0.000000	0.148644
0.000000	0.148644	0.000000	0.148724
0.000000	0.148724	0.000000	0.149231
0.000000	0.149231	0.000000	0.149071
0.000000	0.149071	0.000000	0.150124
0.000000	0.150124	0.000000	0.149840
0.000000	0.149840	0.000000	0.149158
0.000000	0.149158	0.000000	0.149513
0.000000	0.149513	0.000000	0.149340
0.000000	0.149340	0.000000	0.148043
0.000000	0.148043	0.000000	0.148647
0.000000	0.148647	0.000000	0.148513
0.000000	0.148513	0.000000	0.148677
0.000000	0.148677	0.000000	0.148632
0.000000	0.148632	0.000000	0.147709
0.000000	0.147709	0.000000	0.147865
0.000000	0.147865	0.000000	0.147943
0.000000	0.147943	0.000000	0.147658
0.000000	0.147658	0.000000	0.146707
0.000000	0.146707	0.000000	0.146844
0.000000	0.146844	0.000000	0.147485
0.000000	0.147485	0.000000	0.147416
0.000000	0.147416	0.000000	0.147288
0.000000	0.147288	0.000000	0.147297
0.000000	0.147297	0.000000	0.147032
0.000000	0.147032	0.000000	0.146123
0.000000	0.146123	0.000000	0.145623
0.000000	0.145623	0.000000	0.144776
0.000000	0.144776	0.000000	0.144954
0.000000	0.144954	0.000000	0.145051
0.000000	0.145051	0.000000	0.143564
0.000000	0.143564	0.000000	0.144184
0.000000	0.144184	0.000000	0.144778
0.000000	0.144778	0.000000	0.145385
0.000000	0.145385	0.000000	0.146558
0.000000	0.146558	0.000000	0.145963
0.000000	0.145963	0.000000	0.146021
0.000000	0.146021	0.000000	0.145807
0.000000	0.145807	0.000000	0.145675
0.000000	0.145675	0.000000	0.146796
0.349114	0.150466	0.017897	0.140132
0.017897	0.140132	0.002368	0.129377
0.002368	0.129377	0.000664	0.126601
0.000664	0.126601	0.000280	0.125602
0.000280	0.125602	0.000121	0.124796
0.000121	0.124796	0.000087	0.123947
0.000087	0.123947	0.000056	0.124167
0.000056	0.124167	0.000007	0.124278
0.000007	0.124278	0.000002	0.125931
0.000002	0.125931	0.000000	0.125186
0.000000	0.125186	0.000000	0.124353
0.000000	0.124353	0.000000	0.124890
0.000000	0.124890	0.000000	0.124913
0.000000	0.124913	0.000000	0.125942
0.000000	0.125942	0.000000	0.126377
0.000000	0.126377	0.000000	0.126004
0.000000	0.126004	0.000000	0.126506
0.000000	0.126506	0.000000	0.127683
0.000000	0.127683	0.000000	0.127956
0.000000	0.127956	0.000000	0.128156
0.000000	0.128156	0.000000	0.127469
0.000000	0.127469	0.000000	0.127172
0.000000	0.127172	0.000000	0.128597
0.000000	0.128597	0.000000	0.129924
0.000000	0.129924	0.000000	0.128332
0.000000	0.128332	0.000000	0.128972
0.000000	0.128972	0.000000	0.129680
0.000000	0.129680	0.000000	0.128844
0.000000	0.128844	0.000000	0.128306
0.000000	0.128306	0.000000	0.128271
0.000000	0.128271	0.000000	0.127932
0.000000	0.127932	0.000000	0.127330
0.000000	0.127330	0.000000	0.127069
0.000000	0.127069	0.000000	0.126871
0.000000	0.126871	0.000000	0.126233
0.000000	0.126233	0.000000	0.127482
0.000000	0.127482	0.000000	0.127292
0.000000	0.127292	0.000000	0.127763
0.000000	0.127763	0.000000	0.128545
0.000000	0.128545	0.000000	0.128773
0.000000	0.128773	0.000000	0.128296
0.000000	0.128296	0.000000	0.128764
0.000000	0.128764	0.000000	0.128032
0.000000	0.128032	0.000000	0.129334
0.000000	0.129334	0.000000	0.128743
0.000000	0.128743	0.000000	0.128862
0.000000	0.128862	0.000000	0.129365
0.000000	0.129365	0.000000	0.130319
0.000000	0.130319	0.000000	0.130323
0.000000	0.130323	0.000000	0.130507
0.000000	0.130507	0.000000	0.131032
0.000000	0.131032	0.000000	0.130397
0.000000	0.130397	0.000000	0.130344
0.000000	0.130344	0.000000	0.129789
0.000000	0.129789	0.000000	0.129084
0.000000	0.129084	0.000000	0.129213
0.000000	0.129213	0.000000	0.130310
0.000000	0.130310	0.000000	0.130021
0.000000	0.130021	0.000000	0.130928
0.000000	0.130928	0.000000	0.130036
0.000000	0.130036	0.000000	0.129644
0.000000	0.129644	0.000000	0.130009
0.000000	0.130009	0.000000	0.129114
0.000000	0.129114	0.000000	0.128663
0.000000	0.128663	0.000000	0.128179
0.000000	0.128179	0.000000	0.129340
0.000000	0.129340	0.000000	0.128745
0.000000	0.128745	0.000000	0.129057
0.000000	0.129057	0.000000	0.129038
0.000000	0.129038	0.000000	0.130440
0.000000	0.130440	0.000000	0.130578
0.000000	0.130578	0.000000	0.129208
0.000000	0.129208	0.000000	0.128140
0.000000	0.128140	0.000000	0.127809
0.000000	0.127809	0.000000	0.129222
0.000000	0.129222	0.000000	0.128712
0.000000	0.128712	0.000000	0.129230
0.000000	0.129230	0.000000	0.130450
0.000000	0.130450	0.000000	0.131559
0.000000	0.131559	0.000000	0.131783
0.000000	0.131783	0.000000	0.131895
0.000000	0.131895	0.000000	0.131278
0.000000	0.131278	0.000000	0.130467
0.000000	0.130467	0.000000	0.129040
0.000000	0.129040	0.000000	0.128510
0.000000	0.128510	0.000000	0.129187
0.000000	0.129187	0.000000	0.129051
0.000000	0.129051	0.000000	0.128997
0.000000	0.128997	0.000000	0.129013
0.000000	0.129013	0.000000	0.128099
0.000000	0.128099	0.000000	0.129052
0.000000	0.129052	0.000000	0.129894
0.000000	0.129894	0.000000	0.130692
0.000000	0.130692	0.000000	0.130675
0.000000	0.130675	0.000000	0.130730
0.000000	0.130730	0.000000	0.131463
0.000000	0.131463	0.000000	0.132129
0.000000	0.132129	0.000000	0.132143
0.000000	0.132143	0.000000	0.132043
0.000000	0.132043	0.000000	0.132122
0.000000	0.132122	0.000000	0.133915
0.000000	0.133915	0.000000	0.134478
0.000000	0.134478	0.000000	0.134030
0.000000	0.134030	0.000000	0.133691
0.000000	0.133691	0.000000	0.134620
0.000000	0.134620	0.000000	0.134245
0.000000	0.134245	0.000000	0.135417
0.000000	0.135417	0.000000	0.134796
0.000000	0.134796	0.000000	0.135611
0.000000	0.135611	0.000000	0.134446
0.000000	0.134446	0.000000	0.134715
0.000000	0.134715	0.000000	0.135840
0.000000	0.135840	0.000000	0.135877
0.000000	0.135877	0.000000	0.135473
0.000000	0.135473	0.000000	0.135578
0.000000	0.135578	0.000000	0.135765
0.000000	0.135765	0.000000	0.135128
0.000000	0.135128	0.000000	0.135147
0.000000	0.135147	0.000000	0.134895
0.000000	0.134895	0.000000	0.134037
0.000000	0.134037	0.000000	0.133888
0.000000	0.133888	0.000000	0.133529
0.000000	0.133529	0.000000	0.133861
0.000000	0.133861	0.000000	0.133787
0.000000	0.133787	0.000000	0.133690
0.000000	0.133690	0.000000	0.133604
0.000000	0.133604	0.000000	0.134265
0.000000	0.134265	0.000000	0.133662
0.000000	0.133662	0.000000	0.134009
0.000000	0.134009	0.000000	0.133789
0.000000	0.133789	0.000000	0.133046
0.000000	0.133046	0.000000	0.133971
0.000000	0.133971	0.000000	0.133999
0.000000	0.133999	0.000000	0.133317
0.000000	0.133317	0.000000	0.133381
0.000000	0.133381	0.000000	0.133284
0.000000	0.133284	0.000000	0.133159
0.000000	0.133159	0.000000	0.134004
0.000000	0.134004	0.000000	0.133149
0.000000	0.133149	0.000000	0.133209
0.000000	0.133209	0.000000	0.132862
0.000000	0.132862	0.000000	0.133834
0.000000	0.133834	0.000000	0.133805
0.000000	0.133805	0.000000	0.134695
0.000000	0.134695	0.000000	0.135068
0.000000	0.135068	0.000000	0.134299
0.000000	0.134299	0.000000	0.135301
0.000000	0.135301	0.000000	0.134118
0.000000	0.134118	0.000000	0.134740
0.000000	0.134740	0.000000	0.134403
0.000000	0.134403	0.000000	0.134079
0.000000	0.134079	0.000000	0.134948
0.000000	0.134948	0.000000	0.135252
0.000000	0.135252	0.000000	0.135518
0.000000	0.135518	0.000000	0.135501
0.000000	0.135501	0.000000	0.135446
0.000000	0.135446	0.000000	0.135891
0.000000	0.135891	0.000000	0.135492
0.000000	0.135492	0.000000	0.135888
0.000000	0.135888	0.000000	0.136498
0.000000	0.136498	0.000000	0.138040
0.000000	0.138040	0.000000	0.137839
0.000000	0.137839	0.000000	0.137435
0.000000	0.137435	0.000000	0.137901
0.000000	0.137901	0.000000	0.137377
0.000000	0.137377	0.000000	0.136528
0.000000	0.136528	0.000000	0.136118
0.000000	0.136118	0.000000	0.137772
0.000000	0.137772	0.000000	0.137821
0.000000	0.137821	0.000000	0.136959
0.000000	0.136959	0.000000	0.136485
0.000000	0.136485	0.000000	0.135910
0.000000	0.135910	0.000000	0.136037
0.000000	0.136037	0.000000	0.135207
0.000000	0.135207	0.000000	0.134574
0.000000	0.134574	0.000000	0.135418
0.000000	0.135418	0.000000	0.135377
0.000000	0.135377	0.000000	0.134899
0.000000	0.134899	0.000000	0.134887
0.000000	0.134887	0.000000	0.134060
0.000000	0.134060	0.000000	0.134763
0.000000	0.134763	0.000000	0.135479
0.000000	0.135479	0.000000	0.134890
0.000000	0.134890	0.000000	0.135389
0.000000	0.135389	0.000000	0.135402
0.000000	0.135402	0.000000	0.135400
0.000000	0.135400	0.000000	0.134981
0.000000	0.134981	0.000000	0.133209
0.000000	0.133209	0.000000	0.133655
0.000000	0.133655	0.000000	0.134735
0.000000	0.134735	0.000000	0.134634
0.000000	0.134634	0.000000	0.134385
0.000000	0.134385	0.000000	0.134397
0.000000	0.134397	0.000000	0.134775
0.000000	0.134775	0.000000	0.134702
0.000000	0.134702	0.000000	0.135777
0.000000	0.135777	0.000000	0.135311
0.000000	0.135311	0.000000	0.135447
0.000000	0.135447	0.000000	0.134698
0.349594	0.099786	0.008991	0.090349
0.008991	0.090349	0.000677	0.085306
0.000677	0.085306	0.000111	0.084240
0.000111	0.084240	0.000021	0.083788
0.000021	0.083788	0.000014	0.083921
0.000014	0.083921	0.000006	0.084312
0.000006	0.084312	0.000011	0.084044
0.000011	0.084044	0.000013	0.083047
0.000013	0.083047	0.000001	0.082135
0.000001	0.082135	0.000000	0.083326
0.000000	0.083326	0.000000	0.082039
0.000000	0.082039	0.000000	0.082349
0.000000	0.082349	0.000000	0.081743
0.000000	0.081743	0.000000	0.081283
0.000000	0.081283	0.000000	0.081735
0.000000	0.081735	0.000000	0.082079
0.000000	0.082079	0.000000	0.081839
0.000000	0.081839	0.000000	0.082310
0.000000	0.082310	0.000000	0.081159
0.000000	0.081159	0.000000	0.081551
0.000000	0.081551	0.000000	0.081915
0.000000	0.081915	0.000000	0.081284
0.000000	0.081284	0.000000	0.080974
0.000000	0.080974	0.000000	0.081051
0.000000	0.081051	0.000000	0.081782
0.000000	0.081782	0.000000	0.081456
0.000000	0.081456	0.000000	0.081289
0.000000	0.081289	0.000000	0.080573
0.000000	0.080573	0.000000	0.081076
0.000000	0.081076	0.000000	0.081032
0.000000	0.081032	0.000000	0.081679
0.000000	0.081679	0.000000	0.081339
0.000000	0.081339	0.000000	0.081437
0.000000	0.081437	0.000000	0.082128
0.000000	0.082128	0.000000	0.081230
0.000000	0.081230	0.000000	0.082338
0.000000	0.082338	0.000000	0.081040
0.000000	0.081040	0.000000	0.080889
0.000000	0.080889	0.000000	0.081341
0.000000	0.081341	0.000000	0.081703
0.000000	0.081703	0.000000	0.081838
0.000000	0.081838	0.000000	0.081247
0.000000	0.081247	0.000000	0.081539
0.000000	0.081539	0.000000	0.082135
0.000000	0.082135	0.000000	0.082184
0.000000	0.082184	0.000000	0.081621
0.000000	0.081621	0.000000	0.082069
0.000000	0.082069	0.000000	0.081174
0.000000	0.081174	0.000000	0.080835
0.000000	0.080835	0.000000	0.080744
0.000000	0.080744	0.000000	0.081585
0.000000	0.081585	0.000000	0.082278
0.000000	0.082278	0.000000	0.082893
0.000000	0.082893	0.000000	0.083499
0.000000	0.083499	0.000000	0.083221
0.000000	0.083221	0.000000	0.083402
0.000000	0.083402	0.000000	0.083037
0.000000	0.083037	0.000000	0.082461
0.000000	0.082461	0.000000	0.082947
0.000000	0.082947	0.000000	0.082361
0.000000	0.082361	0.000000	0.082901
0.000000	0.082901	0.000000	0.083847
0.000000	0.083847	0.000000	0.084419
0.000000	0.084419	0.000000	0.083559
0.000000	0.083559	0.000000	0.083151
0.000000	0.083151	0.000000	0.083683
0.000000	0.083683	0.000000	0.083541
0.000000	0.083541	0.000000	0.083734
0.000000	0.083734	0.000000	0.083942
0.000000	0.083942	0.000000	0.084261
0.000000	0.084261	0.000000	0.084477
0.000000	0.084477	0.000000	0.085017
0.000000	0.085017	0.000000	0.084429
0.000000	0.084429	0.000000	0.084771
0.000000	0.084771	0.000000	0.084301
0.000000	0.084301	0.000000	0.084167
0.000000	0.084167	0.000000	0.083934
0.000000	0.083934	0.000000	0.084517
0.000000	0.084517	0.000000	0.084809
0.000000	0.084809	0.000000	0.084440
0.000000	0.084440	0.000000	0.084137
0.000000	0.084137	0.000000	0.083916
0.000000	0.083916	0.000000	0.084655
0.000000	0.084655	0.000000	0.084194
0.000000	0.084194	0.000000	0.083972
0.000000	0.083972	0.000000	0.083960
0.000000	0.083960	0.000000	0.084068
0.000000	0.084068	0.000000	0.083886
0.000000	0.083886	0.000000	0.085078
0.000000	0.085078	0.000000	0.084476
0.000000	0.084476	0.000000	0.085646
0.000000	0.085646	0.000000	0.085596
0.000000	0.085596	0.000000	0.085489
0.000000	0.085489	0.000000	0.085541
0.000000	0.085541	0.000000	0.084831
0.000000	0.084831	0.000000	0.084702
0.000000	0.084702	0.000000	0.084568
0.000000	0.084568	0.000000	0.083629
0.000000	0.083629	0.000000	0.083394
0.000000	0.083394	0.000000	0.082775
0.000000	0.082775	0.000000	0.083338
0.000000	0.083338	0.000000	0.083432
0.000000	0.083432	0.000000	0.084479
0.000000	0.084479	0.000000	0.083722
0.000000	0.083722	0.000000	0.083970
0.000000	0.083970	0.000000	0.084041
0.000000	0.084041	0.000000	0.084011
0.000000	0.084011	0.000000	0.084413
0.000000	0.084413	0.000000	0.084306
0.000000	0.084306	0.000000	0.084218
0.000000	0.084218	0.000000	0.084339
0.000000	0.084339	0.000000	0.083327
0.000000	0.083327	0.000000	0.084228
0.000000	0.084228	0.000000	0.084639
0.000000	0.084639	0.000000	0.084711
0.000000	0.084711	0.000000	0.085201
0.000000	0.085201	0.000000	0.085554
0.000000	0.085554	0.000000	0.085253
0.000000	0.085253	0.000000	0.085201
0.000000	0.085201	0.000000	0.084901
0.000000	0.084901	0.000000	0.084680
0.000000	0.084680	0.000000	0.083676
0.000000	0.083676	0.000000	0.083807
0.000000	0.083807	0.000000	0.083652
0.000000	0.083652	0.000000	0.083287
0.000000	0.083287	0.000000	0.082929
0.000000	0.082929	0.000000	0.083218
0.000000	0.083218	0.000000	0.083153
0.000000	0.083153	0.000000	0.082353
0.000000	0.082353	0.000000	0.082392
0.000000	0.082392	0.000000	0.082156
0.000000	0.082156	0.000000	0.082427
0.000000	0.082427	0.000000	0.082371
0.000000	0.082371	0.000000	0.082173
0.000000	0.082173	0.000000	0.081638
0.000000	0.081638	0.000000	0.081399
0.000000	0.081399	0.000000	0.081945
0.000000	0.081945	0.000000	0.082225
0.000000	0.082225	0.000000	0.082915
0.000000	0.082915	0.000000	0.083433
0.000000	0.083433	0.000000	0.082950
0.000000	0.082950	0.000000	0.083203
0.000000	0.083203	0.000000	0.083459
0.000000	0.083459	0.000000	0.083593
0.000000	0.083593	0.000000	0.082678
0.000000	0.082678	0.000000	0.082929
0.000000	0.082929	0.000000	0.083008
0.000000	0.083008	0.000000	0.083171
0.000000	0.083171	0.000000	0.083069
0.000000	0.083069	0.000000	0.082135
0.000000	0.082135	0.000000	0.082914
0.000000	0.082914	0.000000	0.082926
0.000000	0.082926	0.000000	0.083242
0.000000	0.083242	0.000000	0.083764
0.000000	0.083764	0.000000	0.084032
0.000000	0.084032	0.000000	0.083658
0.000000	0.083658	0.000000	0.084625
0.000000	0.084625	0.000000	0.084447
0.000000	0.084447	0.000000	0.084183
0.000000	0.084183	0.000000	0.085277
0.000000	0.085277	0.000000	0.084803
0.000000	0.084803	0.000000	0.085506
0.000000	0.085506	0.000000	0.085217
0.000000	0.085217	0.000000	0.085189
0.000000	0.085189	0.000000	0.085640
0.000000	0.085640	0.000000	0.085278
0.000000	0.085278	0.000000	0.085627
0.000000	0.085627	0.000000	0.085733
0.000000	0.085733	0.000000	0.085515
0.000000	0.085515	0.000000	0.084852
0.000000	0.084852	0.000000	0.085324
0.000000	0.085324	0.000000	0.085937
0.000000	0.085937	0.000000	0.086332
0.000000	0.086332	0.000000	0.085580
0.000000	0.085580	0.000000	0.084512
0.000000	0.084512	0.000000	0.083997
0.000000	0.083997	0.000000	0.084008
0.000000	0.084008	0.000000	0.083430
0.000000	0.083430	0.000000	0.083942
0.000000	0.083942	0.000000	0.084043
0.000000	0.084043	0.000000	0.085069
0.000000	0.085069	0.000000	0.085430
0.000000	0.085430	0.000000	0.085157
0.000000	0.085157	0.000000	0.085531
0.000000	0.085531	0.000000	0.084990
0.000000	0.084990	0.000000	0.084305
0.000000	0.084305	0.000000	0.084759
0.000000	0.084759	0.000000	0.084162
0.000000	0.084162	0.000000	0.083963
0.000000	0.083963	0.000000	0.083653
0.000000	0.083653	0.000000	0.084372
0.000000	0.084372	0.000000	0.084669
0.000000	0.084669	0.000000	0.084650
0.000000	0.084650	0.000000	0.084752
0.000000	0.084752	0.000000	0.084200
0.000000	0.084200	0.000000	0.083384
0.000000	0.083384	0.000000	0.083880
0.000000	0.083880	0.000000	0.083679
0.000000	0.083679	0.000000	0.084573
0.350751	0.050004	0.003752	0.045927
0.003752	0.045927	0.000076	0.042977
0.000076	0.042977	0.000007	0.042228
0.000007	0.042228	0.000000	0.043078
0.000000	0.043078	0.000000	0.042603
0.000000	0.042603	0.000000	0.042498
0.000000	0.042498	0.000000	0.042107
0.000000	0.042107	0.000000	0.042513
0.000000	0.042513	0.000000	0.042949
0.000000	0.042949	0.000000	0.043302
0.000000	0.043302	0.000000	0.043705
0.000000	0.043705	0.000000	0.044174
0.000000	0.044174	0.000000	0.044244
0.000000	0.044244	0.000000	0.043563
0.000000	0.043563	0.000000	0.043905
0.000000	0.043905	0.000000	0.043405
0.000000	0.043405	0.000000	0.043481
0.000000	0.043481	0.000000	0.043407
0.000000	0.043407	0.000000	0.043121
0.000000	0.043121	0.000000	0.043142
0.000000	0.043142	0.000000	0.043457
0.000000	0.043457	0.000000	0.042970
0.000000	0.042970	0.000000	0.042827
0.000000	0.042827	0.000000	0.043472
0.000000	0.043472	0.000000	0.044020
0.000000	0.044020	0.000000	0.043869
0.000000	0.043869	0.000000	0.043657
0.000000	0.043657	0.000000	0.044164
0.000000	0.044164	0.000000	0.044513
0.000000	0.044513	0.000000	0.044187
0.000000	0.044187	0.000000	0.044449
0.000000	0.044449	0.000000	0.044246
0.000000	0.044246	0.000000	0.044637
0.000000	0.044637	0.000000	0.044934
0.000000	0.044934	0.000000	0.045001
0.000000	0.045001	0.000000	0.044637
0.000000	0.044637	0.000000	0.045088
0.000000	0.045088	0.000000	0.044945
0.000000	0.044945	0.000000	0.045652
0.000000	0.045652	0.000000	0.045664
0.000000	0.045664	0.000000	0.045753
0.000000	0.045753	0.000000	0.044777
0.000000	0.044777	0.000000	0.044702
0.000000	0.044702	0.000000	0.044826
0.000000	0.044826	0.000000	0.044628
0.000000	0.044628	0.000000	0.044801
0.000000	0.044801	0.000000	0.044975
0.000000	0.044975	0.000000	0.046724
0.000000	0.046724	0.000000	0.046088
0.000000	0.046088	0.000000	0.045687
0.000000	0.045687	0.000000	0.045840
0.000000	0.045840	0.000000	0.046276
0.000000	0.046276	0.000000	0.045939
0.000000	0.045939	0.000000	0.046069
0.000000	0.046069	0.000000	0.045946
0.000000	0.045946	0.000000	0.045644
0.000000	0.045644	0.000000	0.045335
0.000000	0.045335	0.000000	0.045026
0.000000	0.045026	0.000000	0.045328
0.000000	0.045328	0.000000	0.045535
0.000000	0.045535	0.000000	0.044901
0.000000	0.044901	0.000000	0.044795
0.000000	0.044795	0.000000	0.044442
0.000000	0.044442	0.000000	0.044181
0.000000	0.044181	0.000000	0.044195
0.000000	0.044195	0.000000	0.044104
0.000000	0.044104	0.000000	0.043794
0.000000	0.043794	0.000000	0.043360
0.000000	0.043360	0.000000	0.043346
0.000000	0.043346	0.000000	0.043461
0.000000	0.043461	0.000000	0.043647
0.000000	0.043647	0.000000	0.043042
0.000000	0.043042	0.000000	0.042953
0.000000	0.042953	0.000000	0.042878
0.000000	0.042878	0.000000	0.042456
0.000000	0.042456	0.000000	0.042356
0.000000	0.042356	0.000000	0.042845
0.000000	0.042845	0.000000	0.042276
0.000000	0.042276	0.000000	0.042678
0.000000	0.042678	0.000000	0.043001
0.000000	0.043001	0.000000	0.042317
0.000000	0.042317	0.000000	0.042128
0.000000	0.042128	0.000000	0.041933
0.000000	0.041933	0.000000	0.042741
0.000000	0.042741	0.000000	0.042729
0.000000	0.042729	0.000000	0.042390
0.000000	0.042390	0.000000	0.042832
0.000000	0.042832	0.000000	0.042713
0.000000	0.042713	0.000000	0.042860
0.000000	0.042860	0.000000	0.042811
0.000000	0.042811	0.000000	0.042982
0.000000	0.042982	0.000000	0.042730
0.000000	0.042730	0.000000	0.042741
0.000000	0.042741	0.000000	0.042621
0.000000	0.042621	0.000000	0.042922
0.000000	0.042922	0.000000	0.042750
0.000000	0.042750	0.000000	0.043285
0.000000	0.043285	0.000000	0.043455
0.000000	0.043455	0.000000	0.044060
0.000000	0.044060	0.000000	0.044206
0.000000	0.044206	0.000000	0.044016
0.000000	0.044016	0.000000	0.044487
0.000000	0.044487	0.000000	0.044474
0.000000	0.044474	0.000000	0.044313
0.000000	0.044313	0.000000	0.043908
0.000000	0.043908	0.000000	0.043987
0.000000	0.043987	0.000000	0.043876
0.000000	0.043876	0.000000	0.043589
0.000000	0.043589	0.000000	0.043062
0.000000	0.043062	0.000000	0.042493
0.000000	0.042493	0.000000	0.042464
0.000000	0.042464	0.000000	0.042238
0.000000	0.042238	0.000000	0.042409
0.000000	0.042409	0.000000	0.042787
0.000000	0.042787	0.000000	0.042547
0.000000	0.042547	0.000000	0.042643
0.000000	0.042643	0.000000	0.042385
0.000000	0.042385	0.000000	0.042556
0.000000	0.042556	0.000000	0.042389
0.000000	0.042389	0.000000	0.041979
0.000000	0.041979	0.000000	0.042171
0.000000	0.042171	0.000000	0.041687
0.000000	0.041687	0.000000	0.041487
0.000000	0.041487	0.000000	0.042275
0.000000	0.042275	0.000000	0.042338
0.000000	0.042338	0.000000	0.041873
0.000000	0.041873	0.000000	0.041940
0.000000	0.041940	0.000000	0.042064
0.000000	0.042064	0.000000	0.041795
0.000000	0.041795	0.000000	0.041814
0.000000	0.041814	0.000000	0.041367
0.000000	0.041367	0.000000	0.040852
0.000000	0.040852	0.000000	0.039603
0.000000	0.039603	0.000000	0.039099
0.000000	0.039099	0.000000	0.038516
0.000000	0.038516	0.000000	0.037978
0.000000	0.037978	0.000000	0.038154
0.000000	0.038154	0.000000	0.037316
0.000000	0.037316	0.000000	0.037796
0.000000	0.037796	0.000000	0.037527
0.000000	0.037527	0.000000	0.036823
0.000000	0.036823	0.000000	0.036592
0.000000	0.036592	0.000000	0.036862
0.000000	0.036862	0.000000	0.036946
0.000000	0.036946	0.000000	0.036712
0.000000	0.036712	0.000000	0.037006
0.000000	0.037006	0.000000	0.037303
0.000000	0.037303	0.000000	0.037225
0.000000	0.037225	0.000000	0.037198
0.000000	0.037198	0.000000	0.036838
0.000000	0.036838	0.000000	0.036498
0.000000	0.036498	0.000000	0.035884
0.000000	0.035884	0.000000	0.035568
0.000000	0.035568	0.000000	0.035657
0.000000	0.035657	0.000000	0.035293
0.000000	0.035293	0.000000	0.035267
0.000000	0.035267	0.000000	0.035237
0.000000	0.035237	0.000000	0.035509
0.000000	0.035509	0.000000	0.035579
0.000000	0.035579	0.000000	0.035711
0.000000	0.035711	0.000000	0.035550
0.000000	0.035550	0.000000	0.035441
0.000000	0.035441	0.000000	0.035985
0.000000	0.035985	0.000000	0.035609
0.000000	0.035609	0.000000	0.035309
0.000000	0.035309	0.000000	0.035276
0.000000	0.035276	0.000000	0.035033
0.000000	0.035033	0.000000	0.034894
0.000000	0.034894	0.000000	0.034901
0.000000	0.034901	0.000000	0.035651
0.000000	0.035651	0.000000	0.035973
0.000000	0.035973	0.000000	0.035654
0.000000	0.035654	0.000000	0.035228
0.000000	0.035228	0.000000	0.035212
0.000000	0.035212	0.000000	0.035278
0.000000	0.035278	0.000000	0.035010
0.000000	0.035010	0.000000	0.034819
0.000000	0.034819	0.000000	0.035040
0.000000	0.035040	0.000000	0.034826
0.000000	0.034826	0.000000	0.034613
0.000000	0.034613	0.000000	0.034562
0.000000	0.034562	0.000000	0.034602
0.000000	0.034602	0.000000	0.034407
0.000000	0.034407	0.000000	0.034316
0.000000	0.034316	0.000000	0.034095
0.000000	0.034095	0.000000	0.034379
0.000000	0.034379	0.000000	0.034241
0.000000	0.034241	0.000000	0.034393
0.000000	0.034393	0.000000	0.034852
0.000000	0.034852	0.000000	0.034688
0.000000	0.034688	0.000000	0.034372
0.000000	0.034372	0.000000	0.033857
0.000000	0.033857	0.000000	0.034204
0.000000	0.034204	0.000000	0.034505
0.000000	0.034505	0.000000	0.034048
0.000000	0.034048	0.000000	0.033781
0.000000	0.033781	0.000000	0.034144
0.000000	0.034144	0.000000	0.034156
0.000000	0.034156	0.000000	0.034967
