0.299422	0.100076	0.168092	0.098509
0.168092	0.098509	0.112049	0.101555
0.112049	0.101555	0.094079	0.108007
0.094079	0.108007	0.096002	0.119093
0.096002	0.119093	0.110154	0.133722
0.110154	0.133722	0.130439	0.152486
0.130439	0.152486	0.155627	0.174744
0.155627	0.174744	0.183024	0.198840
0.183024	0.198840	0.212624	0.224743
0.212624	0.224743	0.243249	0.253207
0.243249	0.253207	0.275745	0.283143
0.275745	0.283143	0.307943	0.313304
0.307943	0.313304	0.339371	0.343403
0.339371	0.343403	0.370694	0.373460
0.370694	0.373460	0.402105	0.403888
0.402105	0.403888	0.432594	0.433547
0.432594	0.433547	0.462070	0.462555
0.462070	0.462555	0.491097	0.491261
0.491097	0.491261	0.517609	0.517477
0.517609	0.517477	0.543256	0.543080
0.543256	0.543080	0.568585	0.568184
0.568585	0.568184	0.592932	0.592424
0.592932	0.592424	0.616995	0.616404
0.616995	0.616404	0.640160	0.639472
0.640160	0.639472	0.662882	0.662120
0.662882	0.662120	0.684346	0.683230
0.684346	0.683230	0.704189	0.702993
0.704189	0.702993	0.724394	0.723051
0.724394	0.723051	0.742789	0.741469
0.742789	0.741469	0.762257	0.761056
0.762257	0.761056	0.779536	0.778363
0.779536	0.778363	0.795797	0.794555
0.795797	0.794555	0.811469	0.810248
0.811469	0.810248	0.826612	0.825396
0.826612	0.825396	0.840765	0.839623
0.840765	0.839623	0.854543	0.853465
0.854543	0.853465	0.866702	0.865619
0.866702	0.865619	0.878913	0.877865
0.878913	0.877865	0.890065	0.888983
0.890065	0.888983	0.900446	0.899463
0.900446	0.899463	0.910293	0.909194
0.910293	0.909194	0.918943	0.917905
0.918943	0.917905	0.927460	0.926476
0.927460	0.926476	0.935241	0.934345
0.935241	0.934345	0.941703	0.940749
0.941703	0.940749	0.947972	0.946978
0.947972	0.946978	0.953676	0.952625
0.953676	0.952625	0.958724	0.957579
0.958724	0.957579	0.963626	0.962583
0.963626	0.962583	0.967898	0.966670
0.967898	0.966670	0.971745	0.970444
0.971745	0.970444	0.975135	0.973745
0.975135	0.973745	0.978336	0.976894
0.978336	0.976894	0.981056	0.979535
0.981056	0.979535	0.983644	0.982157
0.983644	0.982157	0.985865	0.984311
0.985865	0.984311	0.987850	0.986270
0.987850	0.986270	0.989816	0.988295
0.989816	0.988295	0.991868	0.990300
0.991868	0.990300	0.993328	0.991789
0.993328	0.991789	0.994652	0.993004
0.994652	0.993004	0.995722	0.994027
0.995722	0.994027	0.996574	0.994848
0.996574	0.994848	0.997286	0.995542
0.997286	0.995542	0.997825	0.995984
0.997825	0.995984	0.998183	0.996359
0.998183	0.996359	0.998620	0.996678
0.998620	0.996678	0.998969	0.997141
0.998969	0.997141	0.999241	0.997477
0.999241	0.997477	0.999417	0.997638
0.999417	0.997638	0.999635	0.997878
0.999635	0.997878	0.999775	0.997890
0.999775	0.997890	0.999886	0.997991
0.999886	0.997991	0.999928	0.998056
0.999928	0.998056	0.999948	0.998169
0.999948	0.998169	0.999983	0.998242
0.999983	0.998242	0.999993	0.998355
0.999993	0.998355	1.000000	0.998455
1.000000	0.998455	1.000000	0.998483
1.000000	0.998483	1.000000	0.998536
1.000000	0.998536	1.000000	0.998635
1.000000	0.998635	1.000000	0.998607
1.000000	0.998607	1.000000	0.998617
1.000000	0.998617	1.000000	0.998581
1.000000	0.998581	1.000000	0.998628
1.000000	0.998628	1.000000	0.998663
1.000000	0.998663	1.000000	0.998681
1.000000	0.998681	1.000000	0.998802
1.000000	0.998802	1.000000	0.998750
1.000000	0.998750	1.000000	0.998745
1.000000	0.998745	1.000000	0.998612
1.000000	0.998612	1.000000	0.998623
1.000000	0.998623	1.000000	0.998658
1.000000	0.998658	1.000000	0.998610
1.000000	0.998610	1.000000	0.998666
1.000000	0.998666	1.000000	0.998646
1.000000	0.998646	1.000000	0.998614
1.000000	0.998614	1.000000	0.998666
1.000000	0.998666	1.000000	0.998616
1.000000	0.998616	1.000000	0.998548
1.000000	0.998548	1.000000	0.998536
1.000000	0.998536	1.000000	0.998700
1.000000	0.998700	1.000000	0.998685
1.000000	0.998685	1.000000	0.998623
1.000000	0.998623	1.000000	0.998493
1.000000	0.998493	1.000000	0.998416
1.000000	0.998416	1.000000	0.998383
1.000000	0.998383	1.000000	0.998345
1.000000	0.998345	1.000000	0.998283
1.000000	0.998283	1.000000	0.998369
1.000000	0.998369	1.000000	0.998344
1.000000	0.998344	1.000000	0.998467
1.000000	0.998467	1.000000	0.998480
1.000000	0.998480	1.000000	0.998506
1.000000	0.998506	1.000000	0.998560
1.000000	0.998560	1.000000	0.998433
1.000000	0.998433	1.000000	0.998323
1.000000	0.998323	1.000000	0.998189
1.000000	0.998189	1.000000	0.998137
1.000000	0.998137	1.000000	0.998134
1.000000	0.998134	1.000000	0.998168
1.000000	0.998168	1.000000	0.998199
1.000000	0.998199	1.000000	0.998029
1.000000	0.998029	1.000000	0.998156
1.000000	0.998156	1.000000	0.998014
1.000000	0.998014	1.000000	0.998123
1.000000	0.998123	1.000000	0.998150
1.000000	0.998150	1.000000	0.998163
1.000000	0.998163	1.000000	0.998181
1.000000	0.998181	1.000000	0.998305
1.000000	0.998305	1.000000	0.998345
1.000000	0.998345	1.000000	0.998372
1.000000	0.998372	1.000000	0.998361
1.000000	0.998361	1.000000	0.998313
1.000000	0.998313	1.000000	0.998384
1.000000	0.998384	1.000000	0.998510
1.000000	0.998510	1.000000	0.998459
1.000000	0.998459	1.000000	0.998478
1.000000	0.998478	1.000000	0.998508
1.000000	0.998508	1.000000	0.998593
1.000000	0.998593	1.000000	0.998507
1.000000	0.998507	1.000000	0.998496
1.000000	0.998496	1.000000	0.998615
1.000000	0.998615	1.000000	0.998644
1.000000	0.998644	1.000000	0.998509
1.000000	0.998509	1.000000	0.998512
1.000000	0.998512	1.000000	0.998567
1.000000	0.998567	1.000000	0.998544
1.000000	0.998544	1.000000	0.998670
1.000000	0.998670	1.000000	0.998495
1.000000	0.998495	1.000000	0.998448
1.000000	0.998448	1.000000	0.998445
1.000000	0.998445	1.000000	0.998437
1.000000	0.998437	1.000000	0.998363
1.000000	0.998363	1.000000	0.998332
1.000000	0.998332	1.000000	0.998381
1.000000	0.998381	1.000000	0.998295
1.000000	0.998295	1.000000	0.998238
1.000000	0.998238	1.000000	0.998303
1.000000	0.998303	1.000000	0.998236
1.000000	0.998236	1.000000	0.998245
1.000000	0.998245	1.000000	0.998225
1.000000	0.998225	1.000000	0.998142
1.000000	0.998142	1.000000	0.998055
1.000000	0.998055	1.000000	0.998117
1.000000	0.998117	1.000000	0.998266
1.000000	0.998266	1.000000	0.998147
1.000000	0.998147	1.000000	0.998110
1.000000	0.998110	1.000000	0.998103
1.000000	0.998103	1.000000	0.998136
1.000000	0.998136	1.000000	0.998167
1.000000	0.998167	1.000000	0.998231
1.000000	0.998231	1.000000	0.998246
1.000000	0.998246	1.000000	0.998156
1.000000	0.998156	1.000000	0.998245
1.000000	0.998245	1.000000	0.998237
1.000000	0.998237	1.000000	0.998203
1.000000	0.998203	1.000000	0.998129
1.000000	0.998129	1.000000	0.998188
1.000000	0.998188	1.000000	0.998091
1.000000	0.998091	1.000000	0.998183
1.000000	0.998183	1.000000	0.998078
1.000000	0.998078	1.000000	0.998155
1.000000	0.998155	1.000000	0.998232
1.000000	0.998232	1.000000	0.998257
1.000000	0.998257	1.000000	0.998272
1.000000	0.998272	1.000000	0.998375
1.000000	0.998375	1.000000	0.998395
1.000000	0.998395	1.000000	0.998366
1.000000	0.998366	1.000000	0.998320
1.000000	0.998320	1.000000	0.998295
1.000000	0.998295	1.000000	0.998213
1.000000	0.998213	1.000000	0.998143
1.000000	0.998143	1.000000	0.998190
1.000000	0.998190	1.000000	0.998181
1.000000	0.998181	1.000000	0.998206
1.000000	0.998206	1.000000	0.998338
1.000000	0.998338	1.000000	0.998290
1.000000	0.998290	1.000000	0.998289
0.299302	0.199719	0.248999	0.201242
0.248999	0.201242	0.232026	0.211349
0.232026	0.211349	0.239927	0.231351
0.239927	0.231351	0.266079	0.261724
0.266079	0.261724	0.304065	0.299989
0.304065	0.299989	0.349633	0.343615
0.349633	0.343615	0.399386	0.391820
0.399386	0.391820	0.451889	0.442906
0.451889	0.442906	0.503109	0.492054
0.503109	0.492054	0.553527	0.542254
0.553527	0.542254	0.601909	0.590168
0.601909	0.590168	0.646275	0.635228
0.646275	0.635228	0.687803	0.677066
0.687803	0.677066	0.724873	0.714036
0.724873	0.714036	0.758047	0.747194
0.758047	0.747194	0.788665	0.777729
0.788665	0.777729	0.816099	0.805341
0.816099	0.805341	0.840410	0.829376
0.840410	0.829376	0.861272	0.850366
0.861272	0.850366	0.880753	0.869994
0.880753	0.869994	0.898088	0.887293
0.898088	0.887293	0.912501	0.901703
0.912501	0.901703	0.925709	0.915147
0.925709	0.915147	0.936494	0.926056
0.936494	0.926056	0.946183	0.935855
0.946183	0.935855	0.954076	0.943761
0.954076	0.943761	0.961654	0.951393
0.961654	0.951393	0.967844	0.957698
0.967844	0.957698	0.973733	0.963803
0.973733	0.963803	0.978978	0.968995
0.978978	0.968995	0.982541	0.972749
0.982541	0.972749	0.986082	0.976550
0.986082	0.976550	0.988889	0.979306
0.988889	0.979306	0.991073	0.981161
0.991073	0.981161	0.992706	0.982767
0.992706	0.982767	0.994299	0.984294
0.994299	0.984294	0.995578	0.984954
0.995578	0.984954	0.996714	0.985914
0.996714	0.985914	0.997472	0.986830
0.997472	0.986830	0.998143	0.987713
0.998143	0.987713	0.998648	0.988220
0.998648	0.988220	0.999151	0.988734
0.999151	0.988734	0.999451	0.989167
0.999451	0.989167	0.999644	0.989510
0.999644	0.989510	0.999750	0.990171
0.999750	0.990171	0.999889	0.990312
0.999889	0.990312	0.999958	0.990364
0.999958	0.990364	0.999979	0.990593
0.999979	0.990593	0.999999	0.990529
0.999999	0.990529	1.000000	0.990363
1.000000	0.990363	1.000000	0.990439
1.000000	0.990439	1.000000	0.990320
1.000000	0.990320	1.000000	0.990476
1.000000	0.990476	1.000000	0.990543
1.000000	0.990543	1.000000	0.990461
1.000000	0.990461	1.000000	0.990275
1.000000	0.990275	1.000000	0.990356
1.000000	0.990356	1.000000	0.990595
1.000000	0.990595	1.000000	0.990554
1.000000	0.990554	1.000000	0.990276
1.000000	0.990276	1.000000	0.990222
1.000000	0.990222	1.000000	0.990189
1.000000	0.990189	1.000000	0.990372
1.000000	0.990372	1.000000	0.990434
1.000000	0.990434	1.000000	0.990535
1.000000	0.990535	1.000000	0.990565
1.000000	0.990565	1.000000	0.990618
1.000000	0.990618	1.000000	0.990499
1.000000	0.990499	1.000000	0.990231
1.000000	0.990231	1.000000	0.990446
1.000000	0.990446	1.000000	0.990285
1.000000	0.990285	1.000000	0.990331
1.000000	0.990331	1.000000	0.990288
1.000000	0.990288	1.000000	0.990379
1.000000	0.990379	1.000000	0.990159
1.000000	0.990159	1.000000	0.990159
1.000000	0.990159	1.000000	0.990014
1.000000	0.990014	1.000000	0.990079
1.000000	0.990079	1.000000	0.989752
1.000000	0.989752	1.000000	0.990040
1.000000	0.990040	1.000000	0.990062
1.000000	0.990062	1.000000	0.989844
1.000000	0.989844	1.000000	0.990035
1.000000	0.990035	1.000000	0.989953
1.000000	0.989953	1.000000	0.990014
1.000000	0.990014	1.000000	0.989664
1.000000	0.989664	1.000000	0.989695
1.000000	0.989695	1.000000	0.989981
1.000000	0.989981	1.000000	0.989975
1.000000	0.989975	1.000000	0.990143
1.000000	0.990143	1.000000	0.990366
1.000000	0.990366	1.000000	0.990446
1.000000	0.990446	1.000000	0.990368
1.000000	0.990368	1.000000	0.990440
1.000000	0.990440	1.000000	0.990098
1.000000	0.990098	1.000000	0.990000
1.000000	0.990000	1.000000	0.989700
1.000000	0.989700	1.000000	0.989882
1.000000	0.989882	1.000000	0.990172
1.000000	0.990172	1.000000	0.989763
1.000000	0.989763	1.000000	0.989739
1.000000	0.989739	1.000000	0.989744
1.000000	0.989744	1.000000	0.989586
1.000000	0.989586	1.000000	0.989842
1.000000	0.989842	1.000000	0.989964
1.000000	0.989964	1.000000	0.990146
1.000000	0.990146	1.000000	0.990230
1.000000	0.990230	1.000000	0.989955
1.000000	0.989955	1.000000	0.989954
1.000000	0.989954	1.000000	0.989520
1.000000	0.989520	1.000000	0.989980
1.000000	0.989980	1.000000	0.990009
1.000000	0.990009	1.000000	0.990133
1.000000	0.990133	1.000000	0.990234
1.000000	0.990234	1.000000	0.990269
1.000000	0.990269	1.000000	0.990220
1.000000	0.990220	1.000000	0.990234
1.000000	0.990234	1.000000	0.990289
1.000000	0.990289	1.000000	0.990169
1.000000	0.990169	1.000000	0.989955
1.000000	0.989955	1.000000	0.989827
1.000000	0.989827	1.000000	0.990069
1.000000	0.990069	1.000000	0.989998
1.000000	0.989998	1.000000	0.990037
1.000000	0.990037	1.000000	0.989900
1.000000	0.989900	1.000000	0.990165
1.000000	0.990165	1.000000	0.990018
1.000000	0.990018	1.000000	0.989964
1.000000	0.989964	1.000000	0.990067
1.000000	0.990067	1.000000	0.990127
1.000000	0.990127	1.000000	0.990108
1.000000	0.990108	1.000000	0.990218
1.000000	0.990218	1.000000	0.990174
1.000000	0.990174	1.000000	0.989976
1.000000	0.989976	1.000000	0.989892
1.000000	0.989892	1.000000	0.990184
1.000000	0.990184	1.000000	0.990201
1.000000	0.990201	1.000000	0.990046
1.000000	0.990046	1.000000	0.990266
1.000000	0.990266	1.000000	0.990119
1.000000	0.990119	1.000000	0.989739
1.000000	0.989739	1.000000	0.989949
1.000000	0.989949	1.000000	0.990077
1.000000	0.990077	1.000000	0.990032
1.000000	0.990032	1.000000	0.989898
1.000000	0.989898	1.000000	0.989686
1.000000	0.989686	1.000000	0.989741
1.000000	0.989741	1.000000	0.989860
1.000000	0.989860	1.000000	0.989590
1.000000	0.989590	1.000000	0.989371
1.000000	0.989371	1.000000	0.989257
1.000000	0.989257	1.000000	0.989224
1.000000	0.989224	1.000000	0.989487
1.000000	0.989487	1.000000	0.989731
1.000000	0.989731	1.000000	0.989877
1.000000	0.989877	1.000000	0.989955
1.000000	0.989955	1.000000	0.990492
1.000000	0.990492	1.000000	0.990463
1.000000	0.990463	1.000000	0.990661
1.000000	0.990661	1.000000	0.990662
1.000000	0.990662	1.000000	0.990694
1.000000	0.990694	1.000000	0.990463
1.000000	0.990463	1.000000	0.990748
1.000000	0.990748	1.000000	0.990864
1.000000	0.990864	1.000000	0.990698
1.000000	0.990698	1.000000	0.990723
1.000000	0.990723	1.000000	0.990722
1.000000	0.990722	1.000000	0.990807
1.000000	0.990807	1.000000	0.990987
1.000000	0.990987	1.000000	0.990919
1.000000	0.990919	1.000000	0.991044
1.000000	0.991044	1.000000	0.990858
1.000000	0.990858	1.000000	0.990698
1.000000	0.990698	1.000000	0.990585
1.000000	0.990585	1.000000	0.990551
1.000000	0.990551	1.000000	0.990512
1.000000	0.990512	1.000000	0.990903
1.000000	0.990903	1.000000	0.991011
1.000000	0.991011	1.000000	0.991131
1.000000	0.991131	1.000000	0.991441
1.000000	0.991441	1.000000	0.991445
1.000000	0.991445	1.000000	0.991366
1.000000	0.991366	1.000000	0.991450
1.000000	0.991450	1.000000	0.991416
1.000000	0.991416	1.000000	0.991424
1.000000	0.991424	1.000000	0.991493
1.000000	0.991493	1.000000	0.991264
1.000000	0.991264	1.000000	0.991139
1.000000	0.991139	1.000000	0.991180
1.000000	0.991180	1.000000	0.991315
1.000000	0.991315	1.000000	0.991513
1.000000	0.991513	1.000000	0.991568
1.000000	0.991568	1.000000	0.991331
1.000000	0.991331	1.000000	0.991626
1.000000	0.991626	1.000000	0.991658
1.000000	0.991658	1.000000	0.991741
1.000000	0.991741	1.000000	0.991648
1.000000	0.991648	1.000000	0.991611
1.000000	0.991611	1.000000	0.991455
0.300789	0.300479	0.342926	0.303886
0.342926	0.303886	0.380141	0.324845
0.380141	0.324845	0.420516	0.358572
0.420516	0.358572	0.464274	0.400920
0.464274	0.400920	0.510589	0.451268
0.510589	0.451268	0.559299	0.504508
0.559299	0.504508	0.611044	0.560552
0.611044	0.560552	0.660254	0.613702
0.660254	0.613702	0.709291	0.665851
0.709291	0.665851	0.754513	0.713571
0.754513	0.713571	0.794518	0.755800
0.794518	0.755800	0.829928	0.792922
0.829928	0.792922	0.860225	0.824742
0.860225	0.824742	0.885759	0.851627
0.885759	0.851627	0.907880	0.874291
0.907880	0.874291	0.925378	0.891849
0.925378	0.891849	0.939505	0.906368
0.939505	0.906368	0.951150	0.917786
0.951150	0.917786	0.960868	0.928387
0.960868	0.928387	0.968806	0.936793
0.968806	0.936793	0.975732	0.943975
0.975732	0.943975	0.981399	0.949576
0.981399	0.949576	0.985208	0.953022
0.985208	0.953022	0.988785	0.956933
0.988785	0.956933	0.991215	0.958684
0.991215	0.958684	0.993376	0.960424
0.993376	0.960424	0.995162	0.961860
0.995162	0.961860	0.996598	0.962335
0.996598	0.962335	0.997732	0.963853
0.997732	0.963853	0.998478	0.964848
0.998478	0.964848	0.998883	0.965528
0.998883	0.965528	0.999364	0.966414
0.999364	0.966414	0.999683	0.967063
0.999683	0.967063	0.999857	0.966844
0.999857	0.966844	0.999942	0.967593
0.999942	0.967593	0.999964	0.967690
0.999964	0.967690	0.999988	0.967712
0.999988	0.967712	0.999999	0.967807
0.999999	0.967807	1.000000	0.967399
1.000000	0.967399	1.000000	0.967324
1.000000	0.967324	1.000000	0.967814
1.000000	0.967814	1.000000	0.968206
1.000000	0.968206	1.000000	0.968727
1.000000	0.968727	1.000000	0.968271
1.000000	0.968271	1.000000	0.968173
1.000000	0.968173	1.000000	0.968170
1.000000	0.968170	1.000000	0.968103
1.000000	0.968103	1.000000	0.968361
1.000000	0.968361	1.000000	0.968334
1.000000	0.968334	1.000000	0.967983
1.000000	0.967983	1.000000	0.968108
1.000000	0.968108	1.000000	0.967594
1.000000	0.967594	1.000000	0.967750
1.000000	0.967750	1.000000	0.968009
1.000000	0.968009	1.000000	0.968107
1.000000	0.968107	1.000000	0.968437
1.000000	0.968437	1.000000	0.968777
1.000000	0.968777	1.000000	0.968844
1.000000	0.968844	1.000000	0.969363
1.000000	0.969363	1.000000	0.969159
1.000000	0.969159	1.000000	0.969273
1.000000	0.969273	1.000000	0.969707
1.000000	0.969707	1.000000	0.969848
1.000000	0.969848	1.000000	0.970079
1.000000	0.970079	1.000000	0.970532
1.000000	0.970532	1.000000	0.970635
1.000000	0.970635	1.000000	0.970683
1.000000	0.970683	1.000000	0.970447
1.000000	0.970447	1.000000	0.970340
1.000000	0.970340	1.000000	0.970077
1.000000	0.970077	1.000000	0.969836
1.000000	0.969836	1.000000	0.970180
1.000000	0.970180	1.000000	0.970147
1.000000	0.970147	1.000000	0.970234
1.000000	0.970234	1.000000	0.969835
1.000000	0.969835	1.000000	0.969446
1.000000	0.969446	1.000000	0.969815
1.000000	0.969815	1.000000	0.970099
1.000000	0.970099	1.000000	0.969737
1.000000	0.969737	1.000000	0.970078
1.000000	0.970078	1.000000	0.970630
1.000000	0.970630	1.000000	0.971687
1.000000	0.971687	1.000000	0.971497
1.000000	0.971497	1.000000	0.971496
1.000000	0.971496	1.000000	0.971198
1.000000	0.971198	1.000000	0.971007
1.000000	0.971007	1.000000	0.971007
1.000000	0.971007	1.000000	0.970962
1.000000	0.970962	1.000000	0.970578
1.000000	0.970578	1.000000	0.970728
1.000000	0.970728	1.000000	0.970266
1.000000	0.970266	1.000000	0.970175
1.000000	0.970175	1.000000	0.970081
1.000000	0.970081	1.000000	0.970232
1.000000	0.970232	1.000000	0.970376
1.000000	0.970376	1.000000	0.970535
1.000000	0.970535	1.000000	0.971002
1.000000	0.971002	1.000000	0.971039
1.000000	0.971039	1.000000	0.971214
1.000000	0.971214	1.000000	0.971053
1.000000	0.971053	1.000000	0.970739
1.000000	0.970739	1.000000	0.971179
1.000000	0.971179	1.000000	0.971171
1.000000	0.971171	1.000000	0.971675
1.000000	0.971675	1.000000	0.971978
1.000000	0.971978	1.000000	0.971978
1.000000	0.971978	1.000000	0.971706
1.000000	0.971706	1.000000	0.971572
1.000000	0.971572	1.000000	0.971648
1.000000	0.971648	1.000000	0.971902
1.000000	0.971902	1.000000	0.971865
1.000000	0.971865	1.000000	0.971807
1.000000	0.971807	1.000000	0.971763
1.000000	0.971763	1.000000	0.972052
1.000000	0.972052	1.000000	0.972497
1.000000	0.972497	1.000000	0.972652
1.000000	0.972652	1.000000	0.972326
1.000000	0.972326	1.000000	0.972573
1.000000	0.972573	1.000000	0.972248
1.000000	0.972248	1.000000	0.972181
1.000000	0.972181	1.000000	0.972008
1.000000	0.972008	1.000000	0.972074
1.000000	0.972074	1.000000	0.972524
1.000000	0.972524	1.000000	0.972419
1.000000	0.972419	1.000000	0.972661
1.000000	0.972661	1.000000	0.973129
1.000000	0.973129	1.000000	0.973128
1.000000	0.973128	1.000000	0.973384
1.000000	0.973384	1.000000	0.973257
1.000000	0.973257	1.000000	0.973231
1.000000	0.973231	1.000000	0.973797
1.000000	0.973797	1.000000	0.974359
1.000000	0.974359	1.000000	0.974658
1.000000	0.974658	1.000000	0.975180
1.000000	0.975180	1.000000	0.974926
1.000000	0.974926	1.000000	0.975175
1.000000	0.975175	1.000000	0.975044
1.000000	0.975044	1.000000	0.974818
1.000000	0.974818	1.000000	0.974929
1.000000	0.974929	1.000000	0.974904
1.000000	0.974904	1.000000	0.975547
1.000000	0.975547	1.000000	0.975347
1.000000	0.975347	1.000000	0.975784
1.000000	0.975784	1.000000	0.975711
1.000000	0.975711	1.000000	0.976194
1.000000	0.976194	1.000000	0.976515
1.000000	0.976515	1.000000	0.976043
1.000000	0.976043	1.000000	0.975521
1.000000	0.975521	1.000000	0.975627
1.000000	0.975627	1.000000	0.975479
1.000000	0.975479	1.000000	0.975751
1.000000	0.975751	1.000000	0.976203
1.000000	0.976203	1.000000	0.976165
1.000000	0.976165	1.000000	0.976613
1.000000	0.976613	1.000000	0.976499
1.000000	0.976499	1.000000	0.976251
1.000000	0.976251	1.000000	0.976534
1.000000	0.976534	1.000000	0.976498
1.000000	0.976498	1.000000	0.975704
1.000000	0.975704	1.000000	0.975814
1.000000	0.975814	1.000000	0.975732
1.000000	0.975732	1.000000	0.975971
1.000000	0.975971	1.000000	0.975981
1.000000	0.975981	1.000000	0.976545
1.000000	0.976545	1.000000	0.976284
1.000000	0.976284	1.000000	0.975612
1.000000	0.975612	1.000000	0.975221
1.000000	0.975221	1.000000	0.975022
1.000000	0.975022	1.000000	0.975023
1.000000	0.975023	1.000000	0.975345
1.000000	0.975345	1.000000	0.975113
1.000000	0.975113	1.000000	0.975293
1.000000	0.975293	1.000000	0.975480
1.000000	0.975480	1.000000	0.975328
1.000000	0.975328	1.000000	0.975827
1.000000	0.975827	1.000000	0.976128
1.000000	0.976128	1.000000	0.976176
1.000000	0.976176	1.000000	0.976120
1.000000	0.976120	1.000000	0.976711
1.000000	0.976711	1.000000	0.976410
1.000000	0.976410	1.000000	0.976311
1.000000	0.976311	1.000000	0.976402
1.000000	0.976402	1.000000	0.976504
1.000000	0.976504	1.000000	0.976811
1.000000	0.976811	1.000000	0.977134
1.000000	0.977134	1.000000	0.976836
1.000000	0.976836	1.000000	0.976832
1.000000	0.976832	1.000000	0.977065
1.000000	0.977065	1.000000	0.977625
1.000000	0.977625	1.000000	0.978042
1.000000	0.978042	1.000000	0.978174
1.000000	0.978174	1.000000	0.978017
1.000000	0.978017	1.000000	0.978303
1.000000	0.978303	1.000000	0.978346
1.000000	0.978346	1.000000	0.978795
1.000000	0.978795	1.000000	0.978505
1.000000	0.978505	1.000000	0.978767
1.000000	0.978767	1.000000	0.978852
1.000000	0.978852	1.000000	0.978599
0.299607	0.399318	0.440315	0.407027
0.440315	0.407027	0.533428	0.434335
0.533428	0.434335	0.594699	0.470713
0.594699	0.470713	0.637471	0.514570
0.637471	0.514570	0.676816	0.561674
0.676816	0.561674	0.712035	0.607505
0.712035	0.607505	0.747718	0.653019
0.747718	0.653019	0.782953	0.696408
0.782953	0.696408	0.816302	0.735338
0.816302	0.735338	0.844559	0.767767
0.844559	0.767767	0.871674	0.799118
0.871674	0.799118	0.895107	0.825272
0.895107	0.825272	0.915617	0.847635
0.915617	0.847635	0.932116	0.866233
0.932116	0.866233	0.946191	0.881247
0.946191	0.881247	0.957446	0.894287
0.957446	0.894287	0.966822	0.904156
0.966822	0.904156	0.973806	0.910908
0.973806	0.910908	0.979711	0.916870
0.979711	0.916870	0.984490	0.921366
0.984490	0.921366	0.988118	0.925200
0.988118	0.925200	0.990974	0.928915
0.990974	0.928915	0.992778	0.930308
0.992778	0.930308	0.994552	0.932832
0.994552	0.932832	0.995896	0.933218
0.995896	0.933218	0.996932	0.934594
0.996932	0.934594	0.997621	0.934589
0.997621	0.934589	0.998113	0.935873
0.998113	0.935873	0.998562	0.936670
0.998562	0.936670	0.998907	0.936196
0.998907	0.936196	0.999163	0.936847
0.999163	0.936847	0.999318	0.937039
0.999318	0.937039	0.999548	0.937410
0.999548	0.937410	0.999658	0.937884
0.999658	0.937884	0.999740	0.938244
0.999740	0.938244	0.999761	0.938308
0.999761	0.938308	0.999772	0.938496
0.999772	0.938496	0.999721	0.938467
0.999721	0.938467	0.999756	0.939990
0.999756	0.939990	0.999764	0.940172
0.999764	0.940172	0.999778	0.940490
0.999778	0.940490	0.999837	0.940681
0.999837	0.940681	0.999848	0.939962
0.999848	0.939962	0.999806	0.939920
0.999806	0.939920	0.999851	0.940117
0.999851	0.940117	0.999853	0.940266
0.999853	0.940266	0.999887	0.941180
0.999887	0.941180	0.999881	0.940965
0.999881	0.940965	0.999922	0.940768
0.999922	0.940768	0.999938	0.940547
0.999938	0.940547	0.999917	0.940380
0.999917	0.940380	0.999907	0.940613
0.999907	0.940613	0.999929	0.939905
0.999929	0.939905	0.999927	0.940035
0.999927	0.940035	0.999899	0.940407
0.999899	0.940407	0.999909	0.940653
0.999909	0.940653	0.999902	0.940279
0.999902	0.940279	0.999905	0.940519
0.999905	0.940519	0.999899	0.940672
0.999899	0.940672	0.999936	0.940316
0.999936	0.940316	0.999967	0.940913
0.999967	0.940913	0.999980	0.941574
0.999980	0.941574	0.999991	0.941529
0.999991	0.941529	0.999978	0.941698
0.999978	0.941698	0.999990	0.942266
0.999990	0.942266	0.999997	0.942618
0.999997	0.942618	0.999992	0.942546
0.999992	0.942546	0.999999	0.942559
0.999999	0.942559	0.999999	0.943211
0.999999	0.943211	0.999998	0.943399
0.999998	0.943399	1.000000	0.944137
1.000000	0.944137	1.000000	0.944458
1.000000	0.944458	1.000000	0.944824
1.000000	0.944824	1.000000	0.944034
1.000000	0.944034	1.000000	0.943497
1.000000	0.943497	1.000000	0.943418
1.000000	0.943418	1.000000	0.943773
1.000000	0.943773	1.000000	0.943611
1.000000	0.943611	1.000000	0.943559
1.000000	0.943559	1.000000	0.944050
1.000000	0.944050	1.000000	0.944479
1.000000	0.944479	1.000000	0.944243
1.000000	0.944243	1.000000	0.943984
1.000000	0.943984	1.000000	0.943900
1.000000	0.943900	1.000000	0.944366
1.000000	0.944366	1.000000	0.944422
1.000000	0.944422	1.000000	0.944350
1.000000	0.944350	1.000000	0.944686
1.000000	0.944686	1.000000	0.944317
1.000000	0.944317	1.000000	0.943715
1.000000	0.943715	1.000000	0.943871
1.000000	0.943871	1.000000	0.943703
1.000000	0.943703	1.000000	0.943690
1.000000	0.943690	1.000000	0.943345
1.000000	0.943345	1.000000	0.942897
1.000000	0.942897	1.000000	0.942428
1.000000	0.942428	1.000000	0.942819
1.000000	0.942819	1.000000	0.943626
1.000000	0.943626	1.000000	0.944106
1.000000	0.944106	1.000000	0.944956
1.000000	0.944956	1.000000	0.944474
1.000000	0.944474	1.000000	0.943540
1.000000	0.943540	1.000000	0.944069
1.000000	0.944069	1.000000	0.944779
1.000000	0.944779	1.000000	0.945256
1.000000	0.945256	1.000000	0.945457
1.000000	0.945457	1.000000	0.945152
1.000000	0.945152	1.000000	0.945421
1.000000	0.945421	1.000000	0.945945
1.000000	0.945945	1.000000	0.945351
1.000000	0.945351	1.000000	0.945866
1.000000	0.945866	1.000000	0.946104
1.000000	0.946104	1.000000	0.946580
1.000000	0.946580	1.000000	0.946788
1.000000	0.946788	1.000000	0.946783
1.000000	0.946783	1.000000	0.946494
1.000000	0.946494	1.000000	0.946964
1.000000	0.946964	1.000000	0.946771
1.000000	0.946771	1.000000	0.947146
1.000000	0.947146	1.000000	0.947440
1.000000	0.947440	1.000000	0.946998
1.000000	0.946998	1.000000	0.946935
1.000000	0.946935	1.000000	0.946806
1.000000	0.946806	1.000000	0.946559
1.000000	0.946559	1.000000	0.946577
1.000000	0.946577	1.000000	0.946641
1.000000	0.946641	1.000000	0.946779
1.000000	0.946779	1.000000	0.946786
1.000000	0.946786	1.000000	0.946060
1.000000	0.946060	1.000000	0.946405
1.000000	0.946405	1.000000	0.946475
1.000000	0.946475	1.000000	0.946459
1.000000	0.946459	1.000000	0.946165
1.000000	0.946165	1.000000	0.946693
1.000000	0.946693	1.000000	0.946571
1.000000	0.946571	1.000000	0.946701
1.000000	0.946701	1.000000	0.946776
1.000000	0.946776	1.000000	0.946978
1.000000	0.946978	1.000000	0.947239
1.000000	0.947239	1.000000	0.947173
1.000000	0.947173	1.000000	0.947161
1.000000	0.947161	1.000000	0.947060
1.000000	0.947060	1.000000	0.946709
1.000000	0.946709	1.000000	0.946540
1.000000	0.946540	1.000000	0.946324
1.000000	0.946324	1.000000	0.946143
1.000000	0.946143	1.000000	0.945615
1.000000	0.945615	1.000000	0.945892
1.000000	0.945892	1.000000	0.945775
1.000000	0.945775	1.000000	0.944698
1.000000	0.944698	1.000000	0.945128
1.000000	0.945128	1.000000	0.945005
1.000000	0.945005	1.000000	0.945020
1.000000	0.945020	1.000000	0.945312
1.000000	0.945312	1.000000	0.944358
1.000000	0.944358	1.000000	0.944340
1.000000	0.944340	1.000000	0.944960
1.000000	0.944960	1.000000	0.944743
1.000000	0.944743	1.000000	0.943828
1.000000	0.943828	1.000000	0.943547
1.000000	0.943547	1.000000	0.943798
1.000000	0.943798	1.000000	0.943063
1.000000	0.943063	1.000000	0.943323
1.000000	0.943323	1.000000	0.944195
1.000000	0.944195	1.000000	0.943834
1.000000	0.943834	1.000000	0.944484
1.000000	0.944484	1.000000	0.944448
1.000000	0.944448	1.000000	0.945021
1.000000	0.945021	1.000000	0.944961
1.000000	0.944961	1.000000	0.944968
1.000000	0.944968	1.000000	0.945125
1.000000	0.945125	1.000000	0.945126
1.000000	0.945126	1.000000	0.944633
1.000000	0.944633	1.000000	0.943883
1.000000	0.943883	1.000000	0.943865
1.000000	0.943865	1.000000	0.943710
1.000000	0.943710	1.000000	0.942613
1.000000	0.942613	1.000000	0.942590
1.000000	0.942590	1.000000	0.942056
1.000000	0.942056	1.000000	0.942543
1.000000	0.942543	1.000000	0.942650
1.000000	0.942650	1.000000	0.943130
1.000000	0.943130	1.000000	0.943269
1.000000	0.943269	1.000000	0.942859
1.000000	0.942859	1.000000	0.943094
1.000000	0.943094	1.000000	0.943443
1.000000	0.943443	1.000000	0.943951
1.000000	0.943951	1.000000	0.943766
1.000000	0.943766	1.000000	0.943704
1.000000	0.943704	1.000000	0.943630
1.000000	0.943630	1.000000	0.943645
1.000000	0.943645	1.000000	0.943554
1.000000	0.943554	1.000000	0.943299
1.000000	0.943299	1.000000	0.943072
1.000000	0.943072	1.000000	0.943231
1.000000	0.943231	1.000000	0.943631
1.000000	0.943631	1.000000	0.943794
1.000000	0.943794	1.000000	0.943616
1.000000	0.943616	1.000000	0.943607
0.300652	0.500642	0.537298	0.512172
0.537298	0.512172	0.675100	0.544416
0.675100	0.544416	0.747184	0.581692
0.747184	0.581692	0.787044	0.618637
0.787044	0.618637	0.813113	0.652275
0.813113	0.652275	0.835125	0.684256
0.835125	0.684256	0.855370	0.713818
0.855370	0.713818	0.875860	0.742338
0.875860	0.742338	0.894457	0.767437
0.894457	0.767437	0.910835	0.789016
0.910835	0.789016	0.926036	0.808819
0.926036	0.808819	0.938445	0.824851
0.938445	0.824851	0.948605	0.839066
0.948605	0.839066	0.957705	0.849333
0.957705	0.849333	0.964842	0.859173
0.964842	0.859173	0.971187	0.867172
0.971187	0.867172	0.976124	0.873637
0.976124	0.873637	0.980479	0.879204
0.980479	0.879204	0.984307	0.883863
0.984307	0.883863	0.987225	0.887748
0.987225	0.887748	0.989989	0.891260
0.989989	0.891260	0.992163	0.893319
0.992163	0.893319	0.993843	0.895725
0.993843	0.895725	0.994872	0.897046
0.994872	0.897046	0.995890	0.898797
0.995890	0.898797	0.996622	0.899952
0.996622	0.899952	0.997326	0.900580
0.997326	0.900580	0.997753	0.901038
0.997753	0.901038	0.998038	0.902746
0.998038	0.902746	0.998299	0.902737
0.998299	0.902737	0.998446	0.903345
0.998446	0.903345	0.998789	0.905406
0.998789	0.905406	0.998926	0.906887
0.998926	0.906887	0.999087	0.906453
0.999087	0.906453	0.999182	0.906778
0.999182	0.906778	0.999379	0.907253
0.999379	0.907253	0.999523	0.906877
0.999523	0.906877	0.999627	0.906812
0.999627	0.906812	0.999673	0.907796
0.999673	0.907796	0.999683	0.907538
0.999683	0.907538	0.999794	0.907982
0.999794	0.907982	0.999850	0.907442
0.999850	0.907442	0.999861	0.907664
0.999861	0.907664	0.999867	0.907830
0.999867	0.907830	0.999875	0.908158
0.999875	0.908158	0.999871	0.908407
0.999871	0.908407	0.999882	0.908248
0.999882	0.908248	0.999894	0.908580
0.999894	0.908580	0.999903	0.908968
0.999903	0.908968	0.999925	0.908360
0.999925	0.908360	0.999967	0.908866
0.999967	0.908866	0.999975	0.908647
0.999975	0.908647	0.999995	0.909095
0.999995	0.909095	1.000000	0.909721
1.000000	0.909721	1.000000	0.911318
1.000000	0.911318	1.000000	0.911005
1.000000	0.911005	1.000000	0.911174
1.000000	0.911174	1.000000	0.911329
1.000000	0.911329	1.000000	0.912148
1.000000	0.912148	1.000000	0.912679
1.000000	0.912679	1.000000	0.913115
1.000000	0.913115	1.000000	0.913654
1.000000	0.913654	1.000000	0.913833
1.000000	0.913833	1.000000	0.913581
1.000000	0.913581	1.000000	0.913537
1.000000	0.913537	1.000000	0.914509
1.000000	0.914509	1.000000	0.914741
1.000000	0.914741	1.000000	0.914781
1.000000	0.914781	1.000000	0.914748
1.000000	0.914748	1.000000	0.915314
1.000000	0.915314	1.000000	0.914928
1.000000	0.914928	1.000000	0.915475
1.000000	0.915475	1.000000	0.914554
1.000000	0.914554	1.000000	0.914541
1.000000	0.914541	1.000000	0.913790
1.000000	0.913790	1.000000	0.914018
1.000000	0.914018	1.000000	0.915207
1.000000	0.915207	1.000000	0.915157
1.000000	0.915157	1.000000	0.915497
1.000000	0.915497	1.000000	0.915791
1.000000	0.915791	1.000000	0.915305
1.000000	0.915305	1.000000	0.915379
1.000000	0.915379	1.000000	0.916014
1.000000	0.916014	1.000000	0.916806
1.000000	0.916806	1.000000	0.915805
1.000000	0.915805	1.000000	0.915075
1.000000	0.915075	1.000000	0.914620
1.000000	0.914620	1.000000	0.914525
1.000000	0.914525	1.000000	0.914334
1.000000	0.914334	1.000000	0.914590
1.000000	0.914590	1.000000	0.914146
1.000000	0.914146	1.000000	0.913618
1.000000	0.913618	1.000000	0.913655
1.000000	0.913655	1.000000	0.913499
1.000000	0.913499	1.000000	0.912672
1.000000	0.912672	1.000000	0.912555
1.000000	0.912555	1.000000	0.911454
1.000000	0.911454	1.000000	0.911713
1.000000	0.911713	1.000000	0.912196
1.000000	0.912196	1.000000	0.911813
1.000000	0.911813	1.000000	0.911860
1.000000	0.911860	1.000000	0.912117
1.000000	0.912117	1.000000	0.910530
1.000000	0.910530	1.000000	0.911116
1.000000	0.911116	1.000000	0.911566
1.000000	0.911566	1.000000	0.911543
1.000000	0.911543	1.000000	0.911540
1.000000	0.911540	1.000000	0.911760
1.000000	0.911760	1.000000	0.911325
1.000000	0.911325	1.000000	0.912096
1.000000	0.912096	1.000000	0.911426
1.000000	0.911426	1.000000	0.911491
1.000000	0.911491	1.000000	0.911094
1.000000	0.911094	1.000000	0.911331
1.000000	0.911331	1.000000	0.912349
1.000000	0.912349	1.000000	0.912527
1.000000	0.912527	1.000000	0.912522
1.000000	0.912522	1.000000	0.912109
1.000000	0.912109	1.000000	0.912241
1.000000	0.912241	1.000000	0.911661
1.000000	0.911661	1.000000	0.911391
1.000000	0.911391	1.000000	0.912585
1.000000	0.912585	1.000000	0.912380
1.000000	0.912380	1.000000	0.912190
1.000000	0.912190	1.000000	0.910689
1.000000	0.910689	1.000000	0.909703
1.000000	0.909703	1.000000	0.909763
1.000000	0.909763	1.000000	0.908940
1.000000	0.908940	1.000000	0.908774
1.000000	0.908774	1.000000	0.908351
1.000000	0.908351	1.000000	0.909037
1.000000	0.909037	1.000000	0.908540
1.000000	0.908540	1.000000	0.908863
1.000000	0.908863	1.000000	0.908798
1.000000	0.908798	1.000000	0.909112
1.000000	0.909112	1.000000	0.910055
1.000000	0.910055	1.000000	0.908414
1.000000	0.908414	1.000000	0.909087
1.000000	0.909087	1.000000	0.909381
1.000000	0.909381	1.000000	0.909180
1.000000	0.909180	1.000000	0.909169
1.000000	0.909169	1.000000	0.909668
1.000000	0.909668	1.000000	0.909986
1.000000	0.909986	1.000000	0.909897
1.000000	0.909897	1.000000	0.910161
1.000000	0.910161	1.000000	0.909772
1.000000	0.909772	1.000000	0.910658
1.000000	0.910658	1.000000	0.910357
1.000000	0.910357	1.000000	0.910174
1.000000	0.910174	1.000000	0.910362
1.000000	0.910362	1.000000	0.910695
1.000000	0.910695	1.000000	0.912040
1.000000	0.912040	1.000000	0.912537
1.000000	0.912537	1.000000	0.912333
1.000000	0.912333	1.000000	0.912308
1.000000	0.912308	1.000000	0.911619
1.000000	0.911619	1.000000	0.911041
1.000000	0.911041	1.000000	0.910099
1.000000	0.910099	1.000000	0.909800
1.000000	0.909800	1.000000	0.910012
1.000000	0.910012	1.000000	0.910755
1.000000	0.910755	1.000000	0.910658
1.000000	0.910658	1.000000	0.910863
1.000000	0.910863	1.000000	0.911037
1.000000	0.911037	1.000000	0.911244
1.000000	0.911244	1.000000	0.911516
1.000000	0.911516	1.000000	0.911586
1.000000	0.911586	1.000000	0.911694
1.000000	0.911694	1.000000	0.911983
1.000000	0.911983	1.000000	0.912082
1.000000	0.912082	1.000000	0.912315
1.000000	0.912315	1.000000	0.912586
1.000000	0.912586	1.000000	0.911487
1.000000	0.911487	1.000000	0.910677
1.000000	0.910677	1.000000	0.911550
1.000000	0.911550	1.000000	0.910631
1.000000	0.910631	1.000000	0.911667
1.000000	0.911667	1.000000	0.911527
1.000000	0.911527	1.000000	0.911676
1.000000	0.911676	1.000000	0.911894
1.000000	0.911894	1.000000	0.911649
1.000000	0.911649	1.000000	0.912115
1.000000	0.912115	1.000000	0.912070
1.000000	0.912070	1.000000	0.912139
1.000000	0.912139	1.000000	0.911516
1.000000	0.911516	1.000000	0.910851
1.000000	0.910851	1.000000	0.911811
1.000000	0.911811	1.000000	0.911743
1.000000	0.911743	1.000000	0.911182
1.000000	0.911182	1.000000	0.911518
1.000000	0.911518	1.000000	0.911249
1.000000	0.911249	1.000000	0.910646
1.000000	0.910646	1.000000	0.910384
1.000000	0.910384	1.000000	0.909916
1.000000	0.909916	1.000000	0.910671
1.000000	0.910671	1.000000	0.909928
1.000000	0.909928	1.000000	0.909910
1.000000	0.909910	1.000000	0.910662
1.000000	0.910662	1.000000	0.910853
0.300096	0.600642	0.631724	0.612360
0.631724	0.612360	0.790727	0.645873
0.790727	0.645873	0.857489	0.676051
0.857489	0.676051	0.888872	0.702322
0.888872	0.702322	0.906358	0.725198
0.906358	0.725198	0.917766	0.744274
0.917766	0.744274	0.928365	0.760962
0.928365	0.760962	0.936481	0.775054
0.936481	0.775054	0.944086	0.788359
0.944086	0.788359	0.950266	0.799045
0.950266	0.799045	0.955999	0.808860
0.955999	0.808860	0.961405	0.817377
0.961405	0.817377	0.966549	0.825275
0.966549	0.825275	0.971144	0.832248
0.971144	0.832248	0.974610	0.837055
0.974610	0.837055	0.977727	0.841638
0.977727	0.841638	0.980390	0.846091
0.980390	0.846091	0.982497	0.849081
0.982497	0.849081	0.984410	0.852455
0.984410	0.852455	0.986621	0.855788
0.986621	0.855788	0.988199	0.857251
0.988199	0.857251	0.989456	0.860330
0.989456	0.860330	0.990792	0.863174
0.990792	0.863174	0.992128	0.863982
0.992128	0.863982	0.992868	0.865526
0.992868	0.865526	0.993606	0.867318
0.993606	0.867318	0.994259	0.868315
0.994259	0.868315	0.994981	0.870291
0.994981	0.870291	0.995623	0.871933
0.995623	0.871933	0.996088	0.871911
0.996088	0.871911	0.996786	0.873255
0.996786	0.873255	0.997181	0.874180
0.997181	0.874180	0.997576	0.874855
0.997576	0.874855	0.997852	0.874568
0.997852	0.874568	0.998172	0.875659
0.998172	0.875659	0.998395	0.876090
0.998395	0.876090	0.998592	0.875618
0.998592	0.875618	0.998669	0.875983
0.998669	0.875983	0.998807	0.875198
0.998807	0.875198	0.998980	0.874387
0.998980	0.874387	0.999078	0.875564
0.999078	0.875564	0.999188	0.874992
0.999188	0.874992	0.999294	0.874508
0.999294	0.874508	0.999362	0.874432
0.999362	0.874432	0.999417	0.874567
0.999417	0.874567	0.999450	0.875924
0.999450	0.875924	0.999566	0.874700
0.999566	0.874700	0.999584	0.873320
0.999584	0.873320	0.999684	0.873181
0.999684	0.873181	0.999717	0.875074
0.999717	0.875074	0.999707	0.874286
0.999707	0.874286	0.999706	0.874315
0.999706	0.874315	0.999698	0.874218
0.999698	0.874218	0.999733	0.874439
0.999733	0.874439	0.999805	0.875414
0.999805	0.875414	0.999818	0.875559
0.999818	0.875559	0.999831	0.875424
0.999831	0.875424	0.999870	0.876528
0.999870	0.876528	0.999920	0.877335
0.999920	0.877335	0.999936	0.877588
0.999936	0.877588	0.999981	0.877712
0.999981	0.877712	0.999993	0.878261
0.999993	0.878261	0.999998	0.878313
0.999998	0.878313	1.000000	0.878829
1.000000	0.878829	1.000000	0.879584
1.000000	0.879584	1.000000	0.879603
1.000000	0.879603	1.000000	0.879872
1.000000	0.879872	1.000000	0.879723
1.000000	0.879723	1.000000	0.879625
1.000000	0.879625	1.000000	0.879235
1.000000	0.879235	1.000000	0.879654
1.000000	0.879654	1.000000	0.879708
1.000000	0.879708	1.000000	0.878768
1.000000	0.878768	1.000000	0.878900
1.000000	0.878900	1.000000	0.878249
1.000000	0.878249	1.000000	0.877186
1.000000	0.877186	1.000000	0.876655
1.000000	0.876655	1.000000	0.877012
1.000000	0.877012	1.000000	0.877628
1.000000	0.877628	1.000000	0.876521
1.000000	0.876521	1.000000	0.876030
1.000000	0.876030	1.000000	0.876892
1.000000	0.876892	1.000000	0.876408
1.000000	0.876408	1.000000	0.875264
1.000000	0.875264	1.000000	0.875751
1.000000	0.875751	1.000000	0.876043
1.000000	0.876043	1.000000	0.875735
1.000000	0.875735	1.000000	0.875239
1.000000	0.875239	1.000000	0.875268
1.000000	0.875268	1.000000	0.875386
1.000000	0.875386	1.000000	0.875346
1.000000	0.875346	1.000000	0.874777
1.000000	0.874777	1.000000	0.874512
1.000000	0.874512	1.000000	0.874481
1.000000	0.874481	1.000000	0.874443
1.000000	0.874443	1.000000	0.875194
1.000000	0.875194	1.000000	0.875166
1.000000	0.875166	1.000000	0.875265
1.000000	0.875265	1.000000	0.874734
1.000000	0.874734	1.000000	0.875482
1.000000	0.875482	1.000000	0.874653
1.000000	0.874653	1.000000	0.875186
1.000000	0.875186	1.000000	0.874977
1.000000	0.874977	1.000000	0.874270
1.000000	0.874270	1.000000	0.874458
1.000000	0.874458	1.000000	0.874322
1.000000	0.874322	1.000000	0.874342
1.000000	0.874342	1.000000	0.874732
1.000000	0.874732	1.000000	0.875562
1.000000	0.875562	1.000000	0.874839
1.000000	0.874839	1.000000	0.875448
1.000000	0.875448	1.000000	0.875380
1.000000	0.875380	1.000000	0.874494
1.000000	0.874494	1.000000	0.874999
1.000000	0.874999	1.000000	0.874588
1.000000	0.874588	1.000000	0.873648
1.000000	0.873648	1.000000	0.874904
1.000000	0.874904	1.000000	0.874923
1.000000	0.874923	1.000000	0.875196
1.000000	0.875196	1.000000	0.874545
1.000000	0.874545	1.000000	0.874388
1.000000	0.874388	1.000000	0.874327
1.000000	0.874327	1.000000	0.873571
1.000000	0.873571	1.000000	0.874217
1.000000	0.874217	1.000000	0.875449
1.000000	0.875449	1.000000	0.875868
1.000000	0.875868	1.000000	0.876442
1.000000	0.876442	1.000000	0.876554
1.000000	0.876554	1.000000	0.876950
1.000000	0.876950	1.000000	0.876280
1.000000	0.876280	1.000000	0.876101
1.000000	0.876101	1.000000	0.875772
1.000000	0.875772	1.000000	0.875836
1.000000	0.875836	1.000000	0.875789
1.000000	0.875789	1.000000	0.876497
1.000000	0.876497	1.000000	0.876215
1.000000	0.876215	1.000000	0.876485
1.000000	0.876485	1.000000	0.876552
1.000000	0.876552	1.000000	0.876386
1.000000	0.876386	1.000000	0.876166
1.000000	0.876166	1.000000	0.875847
1.000000	0.875847	1.000000	0.876831
1.000000	0.876831	1.000000	0.876923
1.000000	0.876923	1.000000	0.877646
1.000000	0.877646	1.000000	0.877416
1.000000	0.877416	1.000000	0.876273
1.000000	0.876273	1.000000	0.875865
1.000000	0.875865	1.000000	0.875817
1.000000	0.875817	1.000000	0.876997
1.000000	0.876997	1.000000	0.877246
1.000000	0.877246	1.000000	0.877186
1.000000	0.877186	1.000000	0.877594
1.000000	0.877594	1.000000	0.877791
1.000000	0.877791	1.000000	0.877387
1.000000	0.877387	1.000000	0.877907
1.000000	0.877907	1.000000	0.878714
1.000000	0.878714	1.000000	0.878362
1.000000	0.878362	1.000000	0.878422
1.000000	0.878422	1.000000	0.878837
1.000000	0.878837	1.000000	0.879057
1.000000	0.879057	1.000000	0.879231
1.000000	0.879231	1.000000	0.878443
1.000000	0.878443	1.000000	0.878518
1.000000	0.878518	1.000000	0.878285
1.000000	0.878285	1.000000	0.877785
1.000000	0.877785	1.000000	0.877440
1.000000	0.877440	1.000000	0.877317
1.000000	0.877317	1.000000	0.877424
1.000000	0.877424	1.000000	0.877097
1.000000	0.877097	1.000000	0.877197
1.000000	0.877197	1.000000	0.878540
1.000000	0.878540	1.000000	0.878733
1.000000	0.878733	1.000000	0.879299
1.000000	0.879299	1.000000	0.878724
1.000000	0.878724	1.000000	0.878816
1.000000	0.878816	1.000000	0.879394
1.000000	0.879394	1.000000	0.878950
1.000000	0.878950	1.000000	0.878191
1.000000	0.878191	1.000000	0.878709
1.000000	0.878709	1.000000	0.878449
1.000000	0.878449	1.000000	0.877616
1.000000	0.877616	1.000000	0.878260
1.000000	0.878260	1.000000	0.878899
1.000000	0.878899	1.000000	0.879041
1.000000	0.879041	1.000000	0.878204
1.000000	0.878204	1.000000	0.879310
1.000000	0.879310	1.000000	0.879329
1.000000	0.879329	1.000000	0.878726
1.000000	0.878726	1.000000	0.879408
1.000000	0.879408	1.000000	0.880556
1.000000	0.880556	1.000000	0.880808
1.000000	0.880808	1.000000	0.880928
1.000000	0.880928	1.000000	0.881134
1.000000	0.881134	1.000000	0.880731
1.000000	0.880731	1.000000	0.880625
1.000000	0.880625	1.000000	0.879832
1.000000	0.879832	1.000000	0.879693
1.000000	0.879693	1.000000	0.879428
1.000000	0.879428	1.000000	0.879341
0.299722	0.699637	0.718079	0.712800
0.718079	0.712800	0.878642	0.738619
0.878642	0.738619	0.931092	0.760214
0.931092	0.760214	0.952166	0.777218
0.952166	0.777218	0.961861	0.788523
0.961861	0.788523	0.967820	0.799062
0.967820	0.799062	0.971843	0.805418
0.971843	0.805418	0.975560	0.811286
0.975560	0.811286	0.978719	0.817769
0.978719	0.817769	0.981591	0.822361
0.981591	0.822361	0.983192	0.825554
0.983192	0.825554	0.985195	0.831154
0.985195	0.831154	0.987387	0.834681
0.987387	0.834681	0.989010	0.836832
0.989010	0.836832	0.990858	0.838593
0.990858	0.838593	0.991912	0.839764
0.991912	0.839764	0.992814	0.840588
0.992814	0.840588	0.993475	0.841127
0.993475	0.841127	0.994187	0.841571
0.994187	0.841571	0.994920	0.843461
0.994920	0.843461	0.995687	0.845323
0.995687	0.845323	0.996099	0.845564
0.996099	0.845564	0.996678	0.846915
0.996678	0.846915	0.996854	0.848540
0.996854	0.848540	0.996987	0.848365
0.996987	0.848365	0.997258	0.849422
0.997258	0.849422	0.997511	0.849961
0.997511	0.849961	0.997821	0.850499
0.997821	0.850499	0.998156	0.851249
0.998156	0.851249	0.998389	0.852444
0.998389	0.852444	0.998602	0.853289
0.998602	0.853289	0.998749	0.852985
0.998749	0.852985	0.998930	0.852852
0.998930	0.852852	0.999051	0.852745
0.999051	0.852745	0.999202	0.851820
0.999202	0.851820	0.999197	0.851014
0.999197	0.851014	0.999111	0.851967
0.999111	0.851967	0.999072	0.852826
0.999072	0.852826	0.999174	0.853718
0.999174	0.853718	0.999155	0.853366
0.999155	0.853366	0.999136	0.854274
0.999136	0.854274	0.999195	0.854670
0.999195	0.854670	0.999259	0.854356
0.999259	0.854356	0.999319	0.855205
0.999319	0.855205	0.999362	0.854745
0.999362	0.854745	0.999422	0.854729
0.999422	0.854729	0.999437	0.856362
0.999437	0.856362	0.999462	0.856621
0.999462	0.856621	0.999469	0.856191
0.999469	0.856191	0.999479	0.857300
0.999479	0.857300	0.999483	0.857205
0.999483	0.857205	0.999483	0.857479
0.999483	0.857479	0.999622	0.858860
0.999622	0.858860	0.999635	0.857370
0.999635	0.857370	0.999711	0.856990
0.999711	0.856990	0.999763	0.856421
0.999763	0.856421	0.999827	0.857540
0.999827	0.857540	0.999870	0.857731
0.999870	0.857731	0.999919	0.858241
0.999919	0.858241	0.999917	0.858671
0.999917	0.858671	0.999915	0.857625
0.999915	0.857625	0.999938	0.858720
0.999938	0.858720	0.999945	0.857924
0.999945	0.857924	0.999933	0.857472
0.999933	0.857472	0.999923	0.857685
0.999923	0.857685	0.999928	0.857675
0.999928	0.857675	0.999966	0.858098
0.999966	0.858098	0.999987	0.858677
0.999987	0.858677	0.999995	0.859353
0.999995	0.859353	0.999994	0.859977
0.999994	0.859977	0.999998	0.859151
0.999998	0.859151	0.999992	0.859222
0.999992	0.859222	1.000000	0.859907
1.000000	0.859907	1.000000	0.859431
1.000000	0.859431	1.000000	0.859130
1.000000	0.859130	1.000000	0.858987
1.000000	0.858987	1.000000	0.859851
1.000000	0.859851	1.000000	0.861335
1.000000	0.861335	1.000000	0.862769
1.000000	0.862769	1.000000	0.862795
1.000000	0.862795	1.000000	0.861330
1.000000	0.861330	1.000000	0.861704
1.000000	0.861704	1.000000	0.861861
1.000000	0.861861	1.000000	0.861205
1.000000	0.861205	1.000000	0.860763
1.000000	0.860763	1.000000	0.861121
1.000000	0.861121	1.000000	0.860929
1.000000	0.860929	1.000000	0.862089
1.000000	0.862089	1.000000	0.862401
1.000000	0.862401	1.000000	0.861934
1.000000	0.861934	1.000000	0.860519
1.000000	0.860519	1.000000	0.860967
1.000000	0.860967	1.000000	0.861339
1.000000	0.861339	1.000000	0.862491
1.000000	0.862491	1.000000	0.863575
1.000000	0.863575	1.000000	0.863686
1.000000	0.863686	1.000000	0.863318
1.000000	0.863318	1.000000	0.862588
1.000000	0.862588	1.000000	0.863055
1.000000	0.863055	1.000000	0.863538
1.000000	0.863538	1.000000	0.862453
1.000000	0.862453	1.000000	0.863325
1.000000	0.863325	1.000000	0.862450
1.000000	0.862450	1.000000	0.863738
1.000000	0.863738	1.000000	0.863096
1.000000	0.863096	1.000000	0.864283
1.000000	0.864283	1.000000	0.864023
1.000000	0.864023	1.000000	0.864474
1.000000	0.864474	1.000000	0.864278
1.000000	0.864278	1.000000	0.864182
1.000000	0.864182	1.000000	0.864265
1.000000	0.864265	1.000000	0.864774
1.000000	0.864774	1.000000	0.866091
1.000000	0.866091	1.000000	0.866332
1.000000	0.866332	1.000000	0.866698
1.000000	0.866698	1.000000	0.866873
1.000000	0.866873	1.000000	0.866128
1.000000	0.866128	1.000000	0.866289
1.000000	0.866289	1.000000	0.866590
1.000000	0.866590	1.000000	0.866719
1.000000	0.866719	1.000000	0.866754
1.000000	0.866754	1.000000	0.866965
1.000000	0.866965	1.000000	0.866431
1.000000	0.866431	1.000000	0.866127
1.000000	0.866127	1.000000	0.866776
1.000000	0.866776	1.000000	0.866322
1.000000	0.866322	1.000000	0.865399
1.000000	0.865399	1.000000	0.865090
1.000000	0.865090	1.000000	0.864132
1.000000	0.864132	1.000000	0.863277
1.000000	0.863277	1.000000	0.863412
1.000000	0.863412	1.000000	0.864485
1.000000	0.864485	1.000000	0.863352
1.000000	0.863352	1.000000	0.863745
1.000000	0.863745	1.000000	0.863141
1.000000	0.863141	1.000000	0.863714
1.000000	0.863714	1.000000	0.864187
1.000000	0.864187	1.000000	0.864569
1.000000	0.864569	1.000000	0.864130
1.000000	0.864130	1.000000	0.864431
1.000000	0.864431	1.000000	0.863507
1.000000	0.863507	1.000000	0.864100
1.000000	0.864100	1.000000	0.864354
1.000000	0.864354	1.000000	0.864801
1.000000	0.864801	1.000000	0.864399
1.000000	0.864399	1.000000	0.864173
1.000000	0.864173	1.000000	0.865507
1.000000	0.865507	1.000000	0.865419
1.000000	0.865419	1.000000	0.866792
1.000000	0.866792	1.000000	0.866413
1.000000	0.866413	1.000000	0.867473
1.000000	0.867473	1.000000	0.867559
1.000000	0.867559	1.000000	0.868345
1.000000	0.868345	1.000000	0.869337
1.000000	0.869337	1.000000	0.870144
1.000000	0.870144	1.000000	0.869927
1.000000	0.869927	1.000000	0.868887
1.000000	0.868887	1.000000	0.869493
1.000000	0.869493	1.000000	0.870483
1.000000	0.870483	1.000000	0.869007
1.000000	0.869007	1.000000	0.868896
1.000000	0.868896	1.000000	0.868094
1.000000	0.868094	1.000000	0.869263
1.000000	0.869263	1.000000	0.868975
1.000000	0.868975	1.000000	0.869307
1.000000	0.869307	1.000000	0.869402
1.000000	0.869402	1.000000	0.871621
1.000000	0.871621	1.000000	0.870847
1.000000	0.870847	1.000000	0.871661
1.000000	0.871661	1.000000	0.871467
1.000000	0.871467	1.000000	0.870912
1.000000	0.870912	1.000000	0.870757
1.000000	0.870757	1.000000	0.870516
1.000000	0.870516	1.000000	0.870498
1.000000	0.870498	1.000000	0.870568
1.000000	0.870568	1.000000	0.870970
1.000000	0.870970	1.000000	0.871016
1.000000	0.871016	1.000000	0.871033
1.000000	0.871033	1.000000	0.871309
1.000000	0.871309	1.000000	0.871904
1.000000	0.871904	1.000000	0.871801
1.000000	0.871801	1.000000	0.870941
1.000000	0.870941	1.000000	0.870251
1.000000	0.870251	1.000000	0.870280
1.000000	0.870280	1.000000	0.869355
1.000000	0.869355	1.000000	0.869476
1.000000	0.869476	1.000000	0.870572
1.000000	0.870572	1.000000	0.870100
1.000000	0.870100	1.000000	0.870294
1.000000	0.870294	1.000000	0.869370
1.000000	0.869370	1.000000	0.868719
1.000000	0.868719	1.000000	0.866958
1.000000	0.866958	1.000000	0.867107
1.000000	0.867107	1.000000	0.866413
1.000000	0.866413	1.000000	0.865824
1.000000	0.865824	1.000000	0.866543
1.000000	0.866543	1.000000	0.866307
1.000000	0.866307	1.000000	0.866334
1.000000	0.866334	1.000000	0.866998
0.299380	0.800765	0.793672	0.811349
0.793672	0.811349	0.938742	0.830555
0.938742	0.830555	0.973738	0.843166
0.973738	0.843166	0.984788	0.850851
0.984788	0.850851	0.988837	0.855599
0.988837	0.855599	0.991398	0.859838
0.991398	0.859838	0.992651	0.862514
0.992651	0.862514	0.993613	0.864832
0.993613	0.864832	0.994310	0.865299
0.994310	0.865299	0.994867	0.866756
0.994867	0.866756	0.995378	0.868098
0.995378	0.868098	0.995873	0.868770
0.995873	0.868770	0.996406	0.870023
0.996406	0.870023	0.996812	0.870049
0.996812	0.870049	0.997110	0.871302
0.997110	0.871302	0.997349	0.871831
0.997349	0.871831	0.997630	0.871432
0.997630	0.871432	0.997933	0.871715
0.997933	0.871715	0.998146	0.871537
0.998146	0.871537	0.998411	0.872949
0.998411	0.872949	0.998749	0.872554
0.998749	0.872554	0.999016	0.872663
0.999016	0.872663	0.999210	0.873004
0.999210	0.873004	0.999390	0.873028
0.999390	0.873028	0.999496	0.873919
0.999496	0.873919	0.999578	0.874102
0.999578	0.874102	0.999628	0.874101
0.999628	0.874101	0.999692	0.874076
0.999692	0.874076	0.999791	0.874501
0.999791	0.874501	0.999870	0.875047
0.999870	0.875047	0.999899	0.875272
0.999899	0.875272	0.999933	0.874504
0.999933	0.874504	0.999964	0.874318
0.999964	0.874318	0.999946	0.873863
0.999946	0.873863	0.999954	0.873865
0.999954	0.873865	0.999965	0.873624
0.999965	0.873624	0.999971	0.874630
0.999971	0.874630	0.999969	0.873453
0.999969	0.873453	0.999973	0.871965
0.999973	0.871965	0.999957	0.871881
0.999957	0.871881	0.999933	0.871201
0.999933	0.871201	0.999891	0.870937
0.999891	0.870937	0.999904	0.872783
0.999904	0.872783	0.999928	0.871505
0.999928	0.871505	0.999953	0.871408
0.999953	0.871408	0.999964	0.871996
0.999964	0.871996	0.999964	0.871729
0.999964	0.871729	0.999992	0.873033
0.999992	0.873033	0.999996	0.872795
0.999996	0.872795	1.000000	0.872772
1.000000	0.872772	1.000000	0.872495
1.000000	0.872495	1.000000	0.873291
1.000000	0.873291	1.000000	0.873411
1.000000	0.873411	1.000000	0.872631
1.000000	0.872631	1.000000	0.873375
1.000000	0.873375	1.000000	0.873905
1.000000	0.873905	1.000000	0.874187
1.000000	0.874187	1.000000	0.874436
1.000000	0.874436	1.000000	0.875221
1.000000	0.875221	1.000000	0.875550
1.000000	0.875550	1.000000	0.876124
1.000000	0.876124	1.000000	0.875860
1.000000	0.875860	1.000000	0.874778
1.000000	0.874778	1.000000	0.875011
1.000000	0.875011	1.000000	0.875901
1.000000	0.875901	1.000000	0.876135
1.000000	0.876135	1.000000	0.876747
1.000000	0.876747	1.000000	0.876727
1.000000	0.876727	1.000000	0.876352
1.000000	0.876352	1.000000	0.875589
1.000000	0.875589	1.000000	0.875772
1.000000	0.875772	1.000000	0.875400
1.000000	0.875400	1.000000	0.875670
1.000000	0.875670	1.000000	0.874750
1.000000	0.874750	1.000000	0.874507
1.000000	0.874507	1.000000	0.873643
1.000000	0.873643	1.000000	0.872587
1.000000	0.872587	1.000000	0.873172
1.000000	0.873172	1.000000	0.872977
1.000000	0.872977	1.000000	0.873146
1.000000	0.873146	1.000000	0.873954
1.000000	0.873954	1.000000	0.874834
1.000000	0.874834	1.000000	0.874621
1.000000	0.874621	1.000000	0.874392
1.000000	0.874392	1.000000	0.875115
1.000000	0.875115	1.000000	0.875473
1.000000	0.875473	1.000000	0.875311
1.000000	0.875311	1.000000	0.874987
1.000000	0.874987	1.000000	0.875211
1.000000	0.875211	1.000000	0.875728
1.000000	0.875728	1.000000	0.877572
1.000000	0.877572	1.000000	0.877822
1.000000	0.877822	1.000000	0.879077
1.000000	0.879077	1.000000	0.878479
1.000000	0.878479	1.000000	0.879092
1.000000	0.879092	1.000000	0.879974
1.000000	0.879974	1.000000	0.879655
1.000000	0.879655	1.000000	0.879882
1.000000	0.879882	1.000000	0.880084
1.000000	0.880084	1.000000	0.879538
1.000000	0.879538	1.000000	0.879630
1.000000	0.879630	1.000000	0.880477
1.000000	0.880477	1.000000	0.880071
1.000000	0.880071	1.000000	0.879284
1.000000	0.879284	1.000000	0.879323
1.000000	0.879323	1.000000	0.879329
1.000000	0.879329	1.000000	0.879935
1.000000	0.879935	1.000000	0.879546
1.000000	0.879546	1.000000	0.880487
1.000000	0.880487	1.000000	0.880102
1.000000	0.880102	1.000000	0.879719
1.000000	0.879719	1.000000	0.879569
1.000000	0.879569	1.000000	0.878858
1.000000	0.878858	1.000000	0.878518
1.000000	0.878518	1.000000	0.877404
1.000000	0.877404	1.000000	0.878090
1.000000	0.878090	1.000000	0.878389
1.000000	0.878389	1.000000	0.879212
1.000000	0.879212	1.000000	0.879282
1.000000	0.879282	1.000000	0.879090
1.000000	0.879090	1.000000	0.878764
1.000000	0.878764	1.000000	0.879018
1.000000	0.879018	1.000000	0.880651
1.000000	0.880651	1.000000	0.881108
1.000000	0.881108	1.000000	0.881307
1.000000	0.881307	1.000000	0.881327
1.000000	0.881327	1.000000	0.882183
1.000000	0.882183	1.000000	0.881880
1.000000	0.881880	1.000000	0.882174
1.000000	0.882174	1.000000	0.882563
1.000000	0.882563	1.000000	0.881882
1.000000	0.881882	1.000000	0.882601
1.000000	0.882601	1.000000	0.882666
1.000000	0.882666	1.000000	0.883308
1.000000	0.883308	1.000000	0.883448
1.000000	0.883448	1.000000	0.882274
1.000000	0.882274	1.000000	0.880814
1.000000	0.880814	1.000000	0.880749
1.000000	0.880749	1.000000	0.881640
1.000000	0.881640	1.000000	0.881640
1.000000	0.881640	1.000000	0.881805
1.000000	0.881805	1.000000	0.881931
1.000000	0.881931	1.000000	0.881947
1.000000	0.881947	1.000000	0.881241
1.000000	0.881241	1.000000	0.881296
1.000000	0.881296	1.000000	0.880718
1.000000	0.880718	1.000000	0.880545
1.000000	0.880545	1.000000	0.880851
1.000000	0.880851	1.000000	0.881716
1.000000	0.881716	1.000000	0.882571
1.000000	0.882571	1.000000	0.882518
1.000000	0.882518	1.000000	0.882819
1.000000	0.882819	1.000000	0.883116
1.000000	0.883116	1.000000	0.882438
1.000000	0.882438	1.000000	0.882857
1.000000	0.882857	1.000000	0.883275
1.000000	0.883275	1.000000	0.883608
1.000000	0.883608	1.000000	0.883385
1.000000	0.883385	1.000000	0.883582
1.000000	0.883582	1.000000	0.884985
1.000000	0.884985	1.000000	0.884860
1.000000	0.884860	1.000000	0.883474
1.000000	0.883474	1.000000	0.883780
1.000000	0.883780	1.000000	0.883910
1.000000	0.883910	1.000000	0.883663
1.000000	0.883663	1.000000	0.883005
1.000000	0.883005	1.000000	0.883476
1.000000	0.883476	1.000000	0.883921
1.000000	0.883921	1.000000	0.883978
1.000000	0.883978	1.000000	0.883135
1.000000	0.883135	1.000000	0.882903
1.000000	0.882903	1.000000	0.882644
1.000000	0.882644	1.000000	0.882189
1.000000	0.882189	1.000000	0.882829
1.000000	0.882829	1.000000	0.882245
1.000000	0.882245	1.000000	0.882084
1.000000	0.882084	1.000000	0.882592
1.000000	0.882592	1.000000	0.882990
1.000000	0.882990	1.000000	0.883775
1.000000	0.883775	1.000000	0.883787
1.000000	0.883787	1.000000	0.884210
1.000000	0.884210	1.000000	0.884651
1.000000	0.884651	1.000000	0.884861
1.000000	0.884861	1.000000	0.883856
1.000000	0.883856	1.000000	0.883936
1.000000	0.883936	1.000000	0.884412
1.000000	0.884412	1.000000	0.883952
1.000000	0.883952	1.000000	0.883284
1.000000	0.883284	1.000000	0.883927
1.000000	0.883927	1.000000	0.884034
1.000000	0.884034	1.000000	0.882830
1.000000	0.882830	1.000000	0.883084
1.000000	0.883084	1.000000	0.883256
1.000000	0.883256	1.000000	0.882357
1.000000	0.882357	1.000000	0.882076
1.000000	0.882076	1.000000	0.881405
1.000000	0.881405	1.000000	0.880551
1.000000	0.880551	1.000000	0.880912
1.000000	0.880912	1.000000	0.881510
0.299901	0.900257	0.857039	0.907261
0.857039	0.907261	0.974940	0.915354
0.974940	0.915354	0.993684	0.918405
0.993684	0.918405	0.997623	0.920573
0.997623	0.920573	0.998748	0.922565
0.998748	0.922565	0.999088	0.923538
0.999088	0.923538	0.999313	0.923284
0.999313	0.923284	0.999316	0.922698
0.999316	0.922698	0.999352	0.923686
0.999352	0.923686	0.999470	0.922846
0.999470	0.922846	0.999493	0.922771
0.999493	0.922771	0.999581	0.922499
0.999581	0.922499	0.999580	0.922920
0.999580	0.922920	0.999614	0.922896
0.999614	0.922896	0.999598	0.922592
0.999598	0.922592	0.999594	0.921975
0.999594	0.921975	0.999608	0.921962
0.999608	0.921962	0.999669	0.923119
0.999669	0.923119	0.999774	0.921965
0.999774	0.921965	0.999882	0.921657
0.999882	0.921657	0.999920	0.921860
0.999920	0.921860	0.999922	0.921890
0.999922	0.921890	0.999941	0.921944
0.999941	0.921944	0.999930	0.921896
0.999930	0.921896	0.999942	0.921009
0.999942	0.921009	0.999950	0.922733
0.999950	0.922733	0.999947	0.923401
0.999947	0.923401	0.999939	0.923714
0.999939	0.923714	0.999944	0.924107
0.999944	0.924107	0.999940	0.924700
0.999940	0.924700	0.999955	0.924670
0.999955	0.924670	0.999965	0.924622
0.999965	0.924622	0.999968	0.924656
0.999968	0.924656	0.999970	0.924515
0.999970	0.924515	0.999991	0.924044
0.999991	0.924044	0.999994	0.923768
0.999994	0.923768	1.000000	0.923493
1.000000	0.923493	1.000000	0.923975
1.000000	0.923975	1.000000	0.924603
1.000000	0.924603	1.000000	0.923697
1.000000	0.923697	1.000000	0.924189
1.000000	0.924189	1.000000	0.922873
1.000000	0.922873	1.000000	0.922905
1.000000	0.922905	1.000000	0.923134
1.000000	0.923134	1.000000	0.922814
1.000000	0.922814	1.000000	0.923230
1.000000	0.923230	1.000000	0.924274
1.000000	0.924274	1.000000	0.924741
1.000000	0.924741	1.000000	0.924671
1.000000	0.924671	1.000000	0.923835
1.000000	0.923835	1.000000	0.923170
1.000000	0.923170	1.000000	0.922954
1.000000	0.922954	1.000000	0.923932
1.000000	0.923932	1.000000	0.924510
1.000000	0.924510	1.000000	0.925268
1.000000	0.925268	1.000000	0.925672
1.000000	0.925672	1.000000	0.926213
1.000000	0.926213	1.000000	0.926778
1.000000	0.926778	1.000000	0.925924
1.000000	0.925924	1.000000	0.926228
1.000000	0.926228	1.000000	0.926636
1.000000	0.926636	1.000000	0.925842
1.000000	0.925842	1.000000	0.926151
1.000000	0.926151	1.000000	0.925567
1.000000	0.925567	1.000000	0.925878
1.000000	0.925878	1.000000	0.925016
1.000000	0.925016	1.000000	0.924717
1.000000	0.924717	1.000000	0.923712
1.000000	0.923712	1.000000	0.924023
1.000000	0.924023	1.000000	0.923764
1.000000	0.923764	1.000000	0.923457
1.000000	0.923457	1.000000	0.924213
1.000000	0.924213	1.000000	0.924421
1.000000	0.924421	1.000000	0.924831
1.000000	0.924831	1.000000	0.924991
1.000000	0.924991	1.000000	0.924917
1.000000	0.924917	1.000000	0.925375
1.000000	0.925375	1.000000	0.924518
1.000000	0.924518	1.000000	0.924980
1.000000	0.924980	1.000000	0.925323
1.000000	0.925323	1.000000	0.925268
1.000000	0.925268	1.000000	0.924859
1.000000	0.924859	1.000000	0.924095
1.000000	0.924095	1.000000	0.924539
1.000000	0.924539	1.000000	0.925052
1.000000	0.925052	1.000000	0.924541
1.000000	0.924541	1.000000	0.924477
1.000000	0.924477	1.000000	0.923669
1.000000	0.923669	1.000000	0.922937
1.000000	0.922937	1.000000	0.922884
1.000000	0.922884	1.000000	0.923201
1.000000	0.923201	1.000000	0.922819
1.000000	0.922819	1.000000	0.922545
1.000000	0.922545	1.000000	0.921700
1.000000	0.921700	1.000000	0.921430
1.000000	0.921430	1.000000	0.921311
1.000000	0.921311	1.000000	0.921268
1.000000	0.921268	1.000000	0.921275
1.000000	0.921275	1.000000	0.921285
1.000000	0.921285	1.000000	0.921960
1.000000	0.921960	1.000000	0.921197
1.000000	0.921197	1.000000	0.921473
1.000000	0.921473	1.000000	0.922233
1.000000	0.922233	1.000000	0.921779
1.000000	0.921779	1.000000	0.922259
1.000000	0.922259	1.000000	0.921556
1.000000	0.921556	1.000000	0.921105
1.000000	0.921105	1.000000	0.920996
1.000000	0.920996	1.000000	0.920934
1.000000	0.920934	1.000000	0.920779
1.000000	0.920779	1.000000	0.921076
1.000000	0.921076	1.000000	0.921664
1.000000	0.921664	1.000000	0.922170
1.000000	0.922170	1.000000	0.922586
1.000000	0.922586	1.000000	0.923139
1.000000	0.923139	1.000000	0.922819
1.000000	0.922819	1.000000	0.922406
1.000000	0.922406	1.000000	0.922132
1.000000	0.922132	1.000000	0.922748
1.000000	0.922748	1.000000	0.922365
1.000000	0.922365	1.000000	0.922332
1.000000	0.922332	1.000000	0.922633
1.000000	0.922633	1.000000	0.922969
1.000000	0.922969	1.000000	0.923324
1.000000	0.923324	1.000000	0.923619
1.000000	0.923619	1.000000	0.924122
1.000000	0.924122	1.000000	0.923798
1.000000	0.923798	1.000000	0.923946
1.000000	0.923946	1.000000	0.924166
1.000000	0.924166	1.000000	0.924412
1.000000	0.924412	1.000000	0.924496
1.000000	0.924496	1.000000	0.924222
1.000000	0.924222	1.000000	0.924581
1.000000	0.924581	1.000000	0.925009
1.000000	0.925009	1.000000	0.925496
1.000000	0.925496	1.000000	0.926092
1.000000	0.926092	1.000000	0.925603
1.000000	0.925603	1.000000	0.925228
1.000000	0.925228	1.000000	0.924714
1.000000	0.924714	1.000000	0.923501
1.000000	0.923501	1.000000	0.923345
1.000000	0.923345	1.000000	0.923771
1.000000	0.923771	1.000000	0.924008
1.000000	0.924008	1.000000	0.923936
1.000000	0.923936	1.000000	0.924816
1.000000	0.924816	1.000000	0.925269
1.000000	0.925269	1.000000	0.925204
1.000000	0.925204	1.000000	0.926209
1.000000	0.926209	1.000000	0.926184
1.000000	0.926184	1.000000	0.926553
1.000000	0.926553	1.000000	0.926695
1.000000	0.926695	1.000000	0.927034
1.000000	0.927034	1.000000	0.927223
1.000000	0.927223	1.000000	0.926416
1.000000	0.926416	1.000000	0.927596
1.000000	0.927596	1.000000	0.927738
1.000000	0.927738	1.000000	0.928941
1.000000	0.928941	1.000000	0.928499
1.000000	0.928499	1.000000	0.929302
1.000000	0.929302	1.000000	0.929109
1.000000	0.929109	1.000000	0.929031
1.000000	0.929031	1.000000	0.929236
1.000000	0.929236	1.000000	0.929491
1.000000	0.929491	1.000000	0.929204
1.000000	0.929204	1.000000	0.929294
1.000000	0.929294	1.000000	0.928473
1.000000	0.928473	1.000000	0.929199
1.000000	0.929199	1.000000	0.928718
1.000000	0.928718	1.000000	0.928800
1.000000	0.928800	1.000000	0.929074
1.000000	0.929074	1.000000	0.929049
1.000000	0.929049	1.000000	0.928708
1.000000	0.928708	1.000000	0.928661
1.000000	0.928661	1.000000	0.928020
1.000000	0.928020	1.000000	0.928758
1.000000	0.928758	1.000000	0.928251
1.000000	0.928251	1.000000	0.928249
1.000000	0.928249	1.000000	0.929006
1.000000	0.929006	1.000000	0.928348
1.000000	0.928348	1.000000	0.927972
1.000000	0.927972	1.000000	0.928055
1.000000	0.928055	1.000000	0.928435
1.000000	0.928435	1.000000	0.928667
1.000000	0.928667	1.000000	0.928588
1.000000	0.928588	1.000000	0.928469
1.000000	0.928469	1.000000	0.928919
1.000000	0.928919	1.000000	0.929282
1.000000	0.929282	1.000000	0.928711
1.000000	0.928711	1.000000	0.928437
1.000000	0.928437	1.000000	0.928975
1.000000	0.928975	1.000000	0.928780
1.000000	0.928780	1.000000	0.929205
1.000000	0.929205	1.000000	0.929011
1.000000	0.929011	1.000000	0.929430
1.000000	0.929430	1.000000	0.928877
1.000000	0.928877	1.000000	0.930064
1.000000	0.930064	1.000000	0.929414
1.000000	0.929414	1.000000	0.928525
1.000000	0.928525	1.000000	0.928080
