0.299422	0.100076	0.227853	0.102093
0.227853	0.102093	0.200012	0.116986
0.200012	0.116986	0.208281	0.150810
0.208281	0.150810	0.246025	0.202455
0.246025	0.202455	0.308360	0.272730
0.308360	0.272730	0.387252	0.354896
0.387252	0.354896	0.473797	0.443319
0.473797	0.443319	0.563455	0.533691
0.563455	0.533691	0.646605	0.616562
0.646605	0.616562	0.722955	0.693645
0.722955	0.693645	0.788465	0.758238
0.788465	0.758238	0.842290	0.811738
0.842290	0.811738	0.886151	0.856087
0.886151	0.856087	0.919963	0.889987
0.919963	0.889987	0.943704	0.914294
0.943704	0.914294	0.961140	0.931605
0.961140	0.931605	0.974325	0.944988
0.974325	0.944988	0.983570	0.954305
0.983570	0.954305	0.989653	0.960250
0.989653	0.960250	0.993600	0.964162
0.993600	0.964162	0.996001	0.966240
0.996001	0.966240	0.997654	0.967631
0.997654	0.967631	0.998731	0.969213
0.998731	0.969213	0.999358	0.969535
0.999358	0.969535	0.999705	0.970176
0.999705	0.970176	0.999860	0.971098
0.999860	0.971098	0.999942	0.971371
0.999942	0.971371	0.999991	0.971497
0.999991	0.971497	1.000000	0.971493
1.000000	0.971493	1.000000	0.972063
1.000000	0.972063	1.000000	0.972366
1.000000	0.972366	1.000000	0.972523
1.000000	0.972523	1.000000	0.972775
1.000000	0.972775	1.000000	0.972130
1.000000	0.972130	1.000000	0.972366
1.000000	0.972366	1.000000	0.972589
1.000000	0.972589	1.000000	0.972423
1.000000	0.972423	1.000000	0.973008
1.000000	0.973008	1.000000	0.973063
1.000000	0.973063	1.000000	0.973272
1.000000	0.973272	1.000000	0.972758
1.000000	0.972758	1.000000	0.972651
1.000000	0.972651	1.000000	0.972827
1.000000	0.972827	1.000000	0.972930
1.000000	0.972930	1.000000	0.972892
1.000000	0.972892	1.000000	0.973293
1.000000	0.973293	1.000000	0.973849
1.000000	0.973849	1.000000	0.973551
1.000000	0.973551	1.000000	0.973727
1.000000	0.973727	1.000000	0.973822
1.000000	0.973822	1.000000	0.974299
1.000000	0.974299	1.000000	0.974456
1.000000	0.974456	1.000000	0.974876
1.000000	0.974876	1.000000	0.974795
1.000000	0.974795	1.000000	0.974880
1.000000	0.974880	1.000000	0.975376
1.000000	0.975376	1.000000	0.975436
1.000000	0.975436	1.000000	0.974710
1.000000	0.974710	1.000000	0.975224
1.000000	0.975224	1.000000	0.975429
1.000000	0.975429	1.000000	0.975463
1.000000	0.975463	1.000000	0.975615
1.000000	0.975615	1.000000	0.975865
1.000000	0.975865	1.000000	0.975489
1.000000	0.975489	1.000000	0.975773
1.000000	0.975773	1.000000	0.975830
1.000000	0.975830	1.000000	0.975526
1.000000	0.975526	1.000000	0.975607
1.000000	0.975607	1.000000	0.975513
1.000000	0.975513	1.000000	0.975315
1.000000	0.975315	1.000000	0.975266
1.000000	0.975266	1.000000	0.975477
1.000000	0.975477	1.000000	0.975458
1.000000	0.975458	1.000000	0.974828
1.000000	0.974828	1.000000	0.974698
1.000000	0.974698	1.000000	0.974501
1.000000	0.974501	1.000000	0.973963
1.000000	0.973963	1.000000	0.973880
1.000000	0.973880	1.000000	0.974101
1.000000	0.974101	1.000000	0.974364
1.000000	0.974364	1.000000	0.974637
1.000000	0.974637	1.000000	0.974497
1.000000	0.974497	1.000000	0.974338
1.000000	0.974338	1.000000	0.974342
1.000000	0.974342	1.000000	0.974233
1.000000	0.974233	1.000000	0.974581
1.000000	0.974581	1.000000	0.974534
1.000000	0.974534	1.000000	0.974990
1.000000	0.974990	1.000000	0.974667
1.000000	0.974667	1.000000	0.974939
1.000000	0.974939	1.000000	0.975109
1.000000	0.975109	1.000000	0.975249
1.000000	0.975249	1.000000	0.975295
1.000000	0.975295	1.000000	0.975382
1.000000	0.975382	1.000000	0.975422
1.000000	0.975422	1.000000	0.975124
1.000000	0.975124	1.000000	0.974962
1.000000	0.974962	1.000000	0.975132
1.000000	0.975132	1.000000	0.975106
1.000000	0.975106	1.000000	0.974986
1.000000	0.974986	1.000000	0.974727
1.000000	0.974727	1.000000	0.974854
1.000000	0.974854	1.000000	0.975476
1.000000	0.975476	1.000000	0.975345
1.000000	0.975345	1.000000	0.975198
1.000000	0.975198	1.000000	0.974994
1.000000	0.974994	1.000000	0.975011
1.000000	0.975011	1.000000	0.975664
1.000000	0.975664	1.000000	0.975162
1.000000	0.975162	1.000000	0.974881
1.000000	0.974881	1.000000	0.974976
1.000000	0.974976	1.000000	0.974949
1.000000	0.974949	1.000000	0.974838
1.000000	0.974838	1.000000	0.974628
1.000000	0.974628	1.000000	0.974603
1.000000	0.974603	1.000000	0.974758
1.000000	0.974758	1.000000	0.974698
1.000000	0.974698	1.000000	0.974532
1.000000	0.974532	1.000000	0.974453
1.000000	0.974453	1.000000	0.974586
1.000000	0.974586	1.000000	0.974879
1.000000	0.974879	1.000000	0.974956
1.000000	0.974956	1.000000	0.974562
1.000000	0.974562	1.000000	0.974801
1.000000	0.974801	1.000000	0.974794
1.000000	0.974794	1.000000	0.974903
1.000000	0.974903	1.000000	0.975028
1.000000	0.975028	1.000000	0.975302
1.000000	0.975302	1.000000	0.974816
1.000000	0.974816	1.000000	0.975169
1.000000	0.975169	1.000000	0.975263
1.000000	0.975263	1.000000	0.975397
1.000000	0.975397	1.000000	0.975307
1.000000	0.975307	1.000000	0.975538
1.000000	0.975538	1.000000	0.975762
1.000000	0.975762	1.000000	0.975220
1.000000	0.975220	1.000000	0.975351
1.000000	0.975351	1.000000	0.975874
1.000000	0.975874	1.000000	0.976251
1.000000	0.976251	1.000000	0.976569
1.000000	0.976569	1.000000	0.976241
1.000000	0.976241	1.000000	0.976624
1.000000	0.976624	1.000000	0.976617
1.000000	0.976617	1.000000	0.976840
1.000000	0.976840	1.000000	0.977074
1.000000	0.977074	1.000000	0.977245
1.000000	0.977245	1.000000	0.976983
1.000000	0.976983	1.000000	0.977339
1.000000	0.977339	1.000000	0.976850
1.000000	0.976850	1.000000	0.976761
1.000000	0.976761	1.000000	0.976620
1.000000	0.976620	1.000000	0.976006
1.000000	0.976006	1.000000	0.976078
1.000000	0.976078	1.000000	0.976143
1.000000	0.976143	1.000000	0.975977
1.000000	0.975977	1.000000	0.975930
1.000000	0.975930	1.000000	0.976000
1.000000	0.976000	1.000000	0.976089
1.000000	0.976089	1.000000	0.975718
1.000000	0.975718	1.000000	0.975977
1.000000	0.975977	1.000000	0.976005
1.000000	0.976005	1.000000	0.976401
1.000000	0.976401	1.000000	0.976841
1.000000	0.976841	1.000000	0.976817
1.000000	0.976817	1.000000	0.976930
1.000000	0.976930	1.000000	0.977062
1.000000	0.977062	1.000000	0.976820
1.000000	0.976820	1.000000	0.977006
1.000000	0.977006	1.000000	0.976561
1.000000	0.976561	1.000000	0.976796
1.000000	0.976796	1.000000	0.976807
1.000000	0.976807	1.000000	0.976730
1.000000	0.976730	1.000000	0.976540
1.000000	0.976540	1.000000	0.976827
1.000000	0.976827	1.000000	0.976192
1.000000	0.976192	1.000000	0.976989
1.000000	0.976989	1.000000	0.976481
1.000000	0.976481	1.000000	0.976068
1.000000	0.976068	1.000000	0.975774
1.000000	0.975774	1.000000	0.975511
1.000000	0.975511	1.000000	0.975564
1.000000	0.975564	1.000000	0.975294
1.000000	0.975294	1.000000	0.974951
1.000000	0.974951	1.000000	0.975371
1.000000	0.975371	1.000000	0.975898
1.000000	0.975898	1.000000	0.975395
1.000000	0.975395	1.000000	0.975720
1.000000	0.975720	1.000000	0.976053
1.000000	0.976053	1.000000	0.976313
1.000000	0.976313	1.000000	0.976593
1.000000	0.976593	1.000000	0.975850
1.000000	0.975850	1.000000	0.976021
1.000000	0.976021	1.000000	0.976449
1.000000	0.976449	1.000000	0.975986
1.000000	0.975986	1.000000	0.975334
1.000000	0.975334	1.000000	0.975662
1.000000	0.975662	1.000000	0.975272
1.000000	0.975272	1.000000	0.975444
1.000000	0.975444	1.000000	0.975811
0.299983	0.200088	0.340627	0.206943
0.340627	0.206943	0.379874	0.238847
0.379874	0.238847	0.429157	0.294769
0.429157	0.294769	0.492596	0.369312
0.492596	0.369312	0.569022	0.455937
0.569022	0.455937	0.648607	0.544126
0.648607	0.544126	0.727384	0.628191
0.727384	0.628191	0.798772	0.702234
0.798772	0.702234	0.856569	0.762428
0.856569	0.762428	0.901791	0.808228
0.901791	0.808228	0.935269	0.841940
0.935269	0.841940	0.958032	0.866435
0.958032	0.866435	0.973539	0.882498
0.973539	0.882498	0.984362	0.893484
0.984362	0.893484	0.991220	0.900839
0.991220	0.900839	0.995431	0.905131
0.995431	0.905131	0.997198	0.906291
0.997198	0.906291	0.998401	0.908014
0.998401	0.908014	0.999112	0.908353
0.999112	0.908353	0.999500	0.908809
0.999500	0.908809	0.999734	0.908858
0.999734	0.908858	0.999837	0.909395
0.999837	0.909395	0.999859	0.908757
0.999859	0.908757	0.999920	0.909163
0.999920	0.909163	0.999943	0.908550
0.999943	0.908550	0.999937	0.909347
0.999937	0.909347	0.999959	0.909198
0.999959	0.909198	0.999961	0.910545
0.999961	0.910545	0.999981	0.911080
0.999981	0.911080	0.999981	0.911239
0.999981	0.911239	0.999988	0.911687
0.999988	0.911687	0.999995	0.912355
0.999995	0.912355	0.999998	0.912144
0.999998	0.912144	0.999997	0.911634
0.999997	0.911634	0.999997	0.912274
0.999997	0.912274	1.000000	0.912316
1.000000	0.912316	1.000000	0.912159
1.000000	0.912159	1.000000	0.912724
1.000000	0.912724	1.000000	0.913032
1.000000	0.913032	1.000000	0.913045
1.000000	0.913045	1.000000	0.912613
1.000000	0.912613	1.000000	0.912895
1.000000	0.912895	1.000000	0.912926
1.000000	0.912926	1.000000	0.912854
1.000000	0.912854	1.000000	0.914173
1.000000	0.914173	1.000000	0.913282
1.000000	0.913282	1.000000	0.912763
1.000000	0.912763	1.000000	0.913347
1.000000	0.913347	1.000000	0.914021
1.000000	0.914021	1.000000	0.914405
1.000000	0.914405	1.000000	0.915464
1.000000	0.915464	1.000000	0.914507
1.000000	0.914507	1.000000	0.914325
1.000000	0.914325	1.000000	0.914453
1.000000	0.914453	1.000000	0.915088
1.000000	0.915088	1.000000	0.915233
1.000000	0.915233	1.000000	0.914932
1.000000	0.914932	1.000000	0.913753
1.000000	0.913753	1.000000	0.914872
1.000000	0.914872	1.000000	0.914258
1.000000	0.914258	1.000000	0.914010
1.000000	0.914010	1.000000	0.913351
1.000000	0.913351	1.000000	0.913118
1.000000	0.913118	1.000000	0.913442
1.000000	0.913442	1.000000	0.913891
1.000000	0.913891	1.000000	0.914409
1.000000	0.914409	1.000000	0.914265
1.000000	0.914265	1.000000	0.914071
1.000000	0.914071	1.000000	0.914532
1.000000	0.914532	1.000000	0.914928
1.000000	0.914928	1.000000	0.914691
1.000000	0.914691	1.000000	0.913404
1.000000	0.913404	1.000000	0.913644
1.000000	0.913644	1.000000	0.913826
1.000000	0.913826	1.000000	0.913853
1.000000	0.913853	1.000000	0.913836
1.000000	0.913836	1.000000	0.913484
1.000000	0.913484	1.000000	0.914112
1.000000	0.914112	1.000000	0.914400
1.000000	0.914400	1.000000	0.914182
1.000000	0.914182	1.000000	0.913597
1.000000	0.913597	1.000000	0.912843
1.000000	0.912843	1.000000	0.913700
1.000000	0.913700	1.000000	0.913468
1.000000	0.913468	1.000000	0.913599
1.000000	0.913599	1.000000	0.914228
1.000000	0.914228	1.000000	0.914423
1.000000	0.914423	1.000000	0.915084
1.000000	0.915084	1.000000	0.915328
1.000000	0.915328	1.000000	0.915278
1.000000	0.915278	1.000000	0.915785
1.000000	0.915785	1.000000	0.915851
1.000000	0.915851	1.000000	0.915517
1.000000	0.915517	1.000000	0.915614
1.000000	0.915614	1.000000	0.915352
1.000000	0.915352	1.000000	0.914552
1.000000	0.914552	1.000000	0.915176
1.000000	0.915176	1.000000	0.914957
1.000000	0.914957	1.000000	0.915568
1.000000	0.915568	1.000000	0.915699
1.000000	0.915699	1.000000	0.915758
1.000000	0.915758	1.000000	0.915945
1.000000	0.915945	1.000000	0.916084
1.000000	0.916084	1.000000	0.916344
1.000000	0.916344	1.000000	0.916529
1.000000	0.916529	1.000000	0.915299
1.000000	0.915299	1.000000	0.914994
1.000000	0.914994	1.000000	0.914780
1.000000	0.914780	1.000000	0.914605
1.000000	0.914605	1.000000	0.914329
1.000000	0.914329	1.000000	0.914062
1.000000	0.914062	1.000000	0.914023
1.000000	0.914023	1.000000	0.914345
1.000000	0.914345	1.000000	0.915399
1.000000	0.915399	1.000000	0.915208
1.000000	0.915208	1.000000	0.915212
1.000000	0.915212	1.000000	0.915632
1.000000	0.915632	1.000000	0.915460
1.000000	0.915460	1.000000	0.915820
1.000000	0.915820	1.000000	0.914923
1.000000	0.914923	1.000000	0.915794
1.000000	0.915794	1.000000	0.915692
1.000000	0.915692	1.000000	0.915703
1.000000	0.915703	1.000000	0.914905
1.000000	0.914905	1.000000	0.914365
1.000000	0.914365	1.000000	0.914755
1.000000	0.914755	1.000000	0.914703
1.000000	0.914703	1.000000	0.915222
1.000000	0.915222	1.000000	0.915038
1.000000	0.915038	1.000000	0.915306
1.000000	0.915306	1.000000	0.914237
1.000000	0.914237	1.000000	0.914300
1.000000	0.914300	1.000000	0.914599
1.000000	0.914599	1.000000	0.914942
1.000000	0.914942	1.000000	0.914415
1.000000	0.914415	1.000000	0.914834
1.000000	0.914834	1.000000	0.914878
1.000000	0.914878	1.000000	0.914849
1.000000	0.914849	1.000000	0.914876
1.000000	0.914876	1.000000	0.915744
1.000000	0.915744	1.000000	0.916229
1.000000	0.916229	1.000000	0.916053
1.000000	0.916053	1.000000	0.916828
1.000000	0.916828	1.000000	0.916901
1.000000	0.916901	1.000000	0.917007
1.000000	0.917007	1.000000	0.916244
1.000000	0.916244	1.000000	0.915995
1.000000	0.915995	1.000000	0.916233
1.000000	0.916233	1.000000	0.917373
1.000000	0.917373	1.000000	0.917674
1.000000	0.917674	1.000000	0.916656
1.000000	0.916656	1.000000	0.916583
1.000000	0.916583	1.000000	0.916258
1.000000	0.916258	1.000000	0.916585
1.000000	0.916585	1.000000	0.916417
1.000000	0.916417	1.000000	0.916090
1.000000	0.916090	1.000000	0.916265
1.000000	0.916265	1.000000	0.917376
1.000000	0.917376	1.000000	0.917264
1.000000	0.917264	1.000000	0.916835
1.000000	0.916835	1.000000	0.917418
1.000000	0.917418	1.000000	0.916811
1.000000	0.916811	1.000000	0.918053
1.000000	0.918053	1.000000	0.918229
1.000000	0.918229	1.000000	0.917599
1.000000	0.917599	1.000000	0.918482
1.000000	0.918482	1.000000	0.919126
1.000000	0.919126	1.000000	0.919476
1.000000	0.919476	1.000000	0.919073
1.000000	0.919073	1.000000	0.919481
1.000000	0.919481	1.000000	0.919297
1.000000	0.919297	1.000000	0.918677
1.000000	0.918677	1.000000	0.918246
1.000000	0.918246	1.000000	0.917860
1.000000	0.917860	1.000000	0.917044
1.000000	0.917044	1.000000	0.916760
1.000000	0.916760	1.000000	0.916556
1.000000	0.916556	1.000000	0.915956
1.000000	0.915956	1.000000	0.916342
1.000000	0.916342	1.000000	0.916309
1.000000	0.916309	1.000000	0.916664
1.000000	0.916664	1.000000	0.916181
1.000000	0.916181	1.000000	0.916332
1.000000	0.916332	1.000000	0.916623
1.000000	0.916623	1.000000	0.916269
1.000000	0.916269	1.000000	0.915701
1.000000	0.915701	1.000000	0.915045
1.000000	0.915045	1.000000	0.915020
1.000000	0.915020	1.000000	0.914916
1.000000	0.914916	1.000000	0.914916
1.000000	0.914916	1.000000	0.915110
1.000000	0.915110	1.000000	0.916455
1.000000	0.916455	1.000000	0.915501
1.000000	0.915501	1.000000	0.916081
1.000000	0.916081	1.000000	0.915873
1.000000	0.915873	1.000000	0.916021
1.000000	0.916021	1.000000	0.915685
1.000000	0.915685	1.000000	0.914601
1.000000	0.914601	1.000000	0.914253
0.299914	0.299263	0.456622	0.308799
0.456622	0.308799	0.554674	0.353169
0.554674	0.353169	0.623400	0.415745
0.623400	0.415745	0.683224	0.486953
0.683224	0.486953	0.739038	0.557180
0.739038	0.557180	0.792252	0.621802
0.792252	0.621802	0.841773	0.680084
0.841773	0.680084	0.884391	0.728023
0.884391	0.728023	0.919172	0.766663
0.919172	0.766663	0.945709	0.794910
0.945709	0.794910	0.964504	0.815908
0.964504	0.815908	0.976934	0.829616
0.976934	0.829616	0.985333	0.839092
0.985333	0.839092	0.990773	0.845138
0.990773	0.845138	0.994044	0.847695
0.994044	0.847695	0.995974	0.849226
0.995974	0.849226	0.997282	0.850652
0.997282	0.850652	0.998271	0.852874
0.998271	0.852874	0.998784	0.854189
0.998784	0.854189	0.999159	0.854120
0.999159	0.854120	0.999473	0.854700
0.999473	0.854700	0.999680	0.854910
0.999680	0.854910	0.999809	0.853224
0.999809	0.853224	0.999892	0.853534
0.999892	0.853534	0.999952	0.854475
0.999952	0.854475	0.999936	0.854921
0.999936	0.854921	0.999960	0.855370
0.999960	0.855370	0.999981	0.855424
0.999981	0.855424	0.999992	0.855629
0.999992	0.855629	0.999996	0.855333
0.999996	0.855333	0.999987	0.855283
0.999987	0.855283	0.999995	0.856078
0.999995	0.856078	1.000000	0.855955
1.000000	0.855955	1.000000	0.855903
1.000000	0.855903	1.000000	0.855487
1.000000	0.855487	1.000000	0.855343
1.000000	0.855343	1.000000	0.854884
1.000000	0.854884	1.000000	0.854091
1.000000	0.854091	1.000000	0.855592
1.000000	0.855592	1.000000	0.854939
1.000000	0.854939	1.000000	0.854514
1.000000	0.854514	1.000000	0.853338
1.000000	0.853338	1.000000	0.854629
1.000000	0.854629	1.000000	0.853334
1.000000	0.853334	1.000000	0.853514
1.000000	0.853514	1.000000	0.854022
1.000000	0.854022	1.000000	0.853893
1.000000	0.853893	1.000000	0.853050
1.000000	0.853050	1.000000	0.854093
1.000000	0.854093	1.000000	0.853628
1.000000	0.853628	1.000000	0.854280
1.000000	0.854280	1.000000	0.854171
1.000000	0.854171	1.000000	0.854818
1.000000	0.854818	1.000000	0.855235
1.000000	0.855235	1.000000	0.854927
1.000000	0.854927	1.000000	0.854904
1.000000	0.854904	1.000000	0.855330
1.000000	0.855330	1.000000	0.855421
1.000000	0.855421	1.000000	0.855903
1.000000	0.855903	1.000000	0.854132
1.000000	0.854132	1.000000	0.854709
1.000000	0.854709	1.000000	0.854567
1.000000	0.854567	1.000000	0.856512
1.000000	0.856512	1.000000	0.856694
1.000000	0.856694	1.000000	0.855957
1.000000	0.855957	1.000000	0.856703
1.000000	0.856703	1.000000	0.856147
1.000000	0.856147	1.000000	0.856229
1.000000	0.856229	1.000000	0.857172
1.000000	0.857172	1.000000	0.857340
1.000000	0.857340	1.000000	0.855929
1.000000	0.855929	1.000000	0.857013
1.000000	0.857013	1.000000	0.856690
1.000000	0.856690	1.000000	0.856514
1.000000	0.856514	1.000000	0.856048
1.000000	0.856048	1.000000	0.856327
1.000000	0.856327	1.000000	0.856062
1.000000	0.856062	1.000000	0.856425
1.000000	0.856425	1.000000	0.856448
1.000000	0.856448	1.000000	0.855953
1.000000	0.855953	1.000000	0.856264
1.000000	0.856264	1.000000	0.856590
1.000000	0.856590	1.000000	0.856513
1.000000	0.856513	1.000000	0.857494
1.000000	0.857494	1.000000	0.856718
1.000000	0.856718	1.000000	0.856483
1.000000	0.856483	1.000000	0.857294
1.000000	0.857294	1.000000	0.857877
1.000000	0.857877	1.000000	0.856664
1.000000	0.856664	1.000000	0.856048
1.000000	0.856048	1.000000	0.856295
1.000000	0.856295	1.000000	0.857151
1.000000	0.857151	1.000000	0.856967
1.000000	0.856967	1.000000	0.857761
1.000000	0.857761	1.000000	0.858339
1.000000	0.858339	1.000000	0.858682
1.000000	0.858682	1.000000	0.858257
1.000000	0.858257	1.000000	0.857959
1.000000	0.857959	1.000000	0.858042
1.000000	0.858042	1.000000	0.857208
1.000000	0.857208	1.000000	0.856900
1.000000	0.856900	1.000000	0.857655
1.000000	0.857655	1.000000	0.858387
1.000000	0.858387	1.000000	0.858133
1.000000	0.858133	1.000000	0.858242
1.000000	0.858242	1.000000	0.859242
1.000000	0.859242	1.000000	0.860949
1.000000	0.860949	1.000000	0.860099
1.000000	0.860099	1.000000	0.860852
1.000000	0.860852	1.000000	0.860971
1.000000	0.860971	1.000000	0.859820
1.000000	0.859820	1.000000	0.859993
1.000000	0.859993	1.000000	0.859609
1.000000	0.859609	1.000000	0.860381
1.000000	0.860381	1.000000	0.860054
1.000000	0.860054	1.000000	0.860405
1.000000	0.860405	1.000000	0.860974
1.000000	0.860974	1.000000	0.859963
1.000000	0.859963	1.000000	0.859698
1.000000	0.859698	1.000000	0.860092
1.000000	0.860092	1.000000	0.860154
1.000000	0.860154	1.000000	0.860829
1.000000	0.860829	1.000000	0.861013
1.000000	0.861013	1.000000	0.861485
1.000000	0.861485	1.000000	0.860683
1.000000	0.860683	1.000000	0.861884
1.000000	0.861884	1.000000	0.860886
1.000000	0.860886	1.000000	0.861872
1.000000	0.861872	1.000000	0.862824
1.000000	0.862824	1.000000	0.863050
1.000000	0.863050	1.000000	0.862946
1.000000	0.862946	1.000000	0.863719
1.000000	0.863719	1.000000	0.863944
1.000000	0.863944	1.000000	0.863897
1.000000	0.863897	1.000000	0.862974
1.000000	0.862974	1.000000	0.863753
1.000000	0.863753	1.000000	0.863030
1.000000	0.863030	1.000000	0.864043
1.000000	0.864043	1.000000	0.864504
1.000000	0.864504	1.000000	0.863546
1.000000	0.863546	1.000000	0.864231
1.000000	0.864231	1.000000	0.864588
1.000000	0.864588	1.000000	0.863688
1.000000	0.863688	1.000000	0.863039
1.000000	0.863039	1.000000	0.863248
1.000000	0.863248	1.000000	0.862701
1.000000	0.862701	1.000000	0.863538
1.000000	0.863538	1.000000	0.863079
1.000000	0.863079	1.000000	0.862125
1.000000	0.862125	1.000000	0.860944
1.000000	0.860944	1.000000	0.859361
1.000000	0.859361	1.000000	0.859746
1.000000	0.859746	1.000000	0.858721
1.000000	0.858721	1.000000	0.859146
1.000000	0.859146	1.000000	0.858634
1.000000	0.858634	1.000000	0.857163
1.000000	0.857163	1.000000	0.856224
1.000000	0.856224	1.000000	0.857024
1.000000	0.857024	1.000000	0.857737
1.000000	0.857737	1.000000	0.856473
1.000000	0.856473	1.000000	0.856741
1.000000	0.856741	1.000000	0.855399
1.000000	0.855399	1.000000	0.855636
1.000000	0.855636	1.000000	0.855694
1.000000	0.855694	1.000000	0.855230
1.000000	0.855230	1.000000	0.856933
1.000000	0.856933	1.000000	0.856782
1.000000	0.856782	1.000000	0.857223
1.000000	0.857223	1.000000	0.857841
1.000000	0.857841	1.000000	0.857591
1.000000	0.857591	1.000000	0.857877
1.000000	0.857877	1.000000	0.857779
1.000000	0.857779	1.000000	0.857484
1.000000	0.857484	1.000000	0.857571
1.000000	0.857571	1.000000	0.857092
1.000000	0.857092	1.000000	0.857226
1.000000	0.857226	1.000000	0.856947
1.000000	0.856947	1.000000	0.856890
1.000000	0.856890	1.000000	0.858393
1.000000	0.858393	1.000000	0.858382
1.000000	0.858382	1.000000	0.857483
1.000000	0.857483	1.000000	0.855526
1.000000	0.855526	1.000000	0.855542
1.000000	0.855542	1.000000	0.855747
1.000000	0.855747	1.000000	0.855998
1.000000	0.855998	1.000000	0.856868
1.000000	0.856868	1.000000	0.856175
1.000000	0.856175	1.000000	0.856273
1.000000	0.856273	1.000000	0.856566
1.000000	0.856566	1.000000	0.856421
1.000000	0.856421	1.000000	0.856366
1.000000	0.856366	1.000000	0.856206
1.000000	0.856206	1.000000	0.857234
1.000000	0.857234	1.000000	0.857897
1.000000	0.857897	1.000000	0.857697
1.000000	0.857697	1.000000	0.858501
1.000000	0.858501	1.000000	0.857485
1.000000	0.857485	1.000000	0.857139
1.000000	0.857139	1.000000	0.858893
0.299823	0.399550	0.571814	0.416399
0.571814	0.416399	0.707607	0.462062
0.707607	0.462062	0.774864	0.516656
0.774864	0.516656	0.818109	0.566141
0.818109	0.566141	0.852487	0.612330
0.852487	0.612330	0.880263	0.652888
0.880263	0.652888	0.904201	0.685453
0.904201	0.685453	0.925679	0.713158
0.925679	0.713158	0.943393	0.737513
0.943393	0.737513	0.957185	0.755508
0.957185	0.755508	0.968830	0.770605
0.968830	0.770605	0.977300	0.783453
0.977300	0.783453	0.983198	0.791484
0.983198	0.791484	0.987467	0.797039
0.987467	0.797039	0.990821	0.800916
0.990821	0.800916	0.993115	0.804634
0.993115	0.804634	0.994595	0.806475
0.994595	0.806475	0.995660	0.809515
0.995660	0.809515	0.996338	0.809667
0.996338	0.809667	0.997066	0.810316
0.997066	0.810316	0.997540	0.811207
0.997540	0.811207	0.998079	0.811952
0.998079	0.811952	0.998546	0.812763
0.998546	0.812763	0.998931	0.813007
0.998931	0.813007	0.999165	0.815115
0.999165	0.815115	0.999444	0.815036
0.999444	0.815036	0.999489	0.816573
0.999489	0.816573	0.999534	0.818103
0.999534	0.818103	0.999669	0.817480
0.999669	0.817480	0.999751	0.818341
0.999751	0.818341	0.999743	0.818318
0.999743	0.818318	0.999822	0.817393
0.999822	0.817393	0.999871	0.817438
0.999871	0.817438	0.999908	0.818012
0.999908	0.818012	0.999939	0.818843
0.999939	0.818843	0.999982	0.819527
0.999982	0.819527	0.999991	0.819312
0.999991	0.819312	0.999994	0.817537
0.999994	0.817537	0.999983	0.817369
0.999983	0.817369	0.999974	0.816753
0.999974	0.816753	0.999977	0.816905
0.999977	0.816905	0.999969	0.817641
0.999969	0.817641	0.999992	0.817159
0.999992	0.817159	0.999983	0.817969
0.999983	0.817969	0.999974	0.818221
0.999974	0.818221	0.999988	0.818405
0.999988	0.818405	0.999992	0.817703
0.999992	0.817703	0.999986	0.817714
0.999986	0.817714	0.999984	0.817106
0.999984	0.817106	0.999986	0.816531
0.999986	0.816531	0.999980	0.816034
0.999980	0.816034	0.999991	0.815758
0.999991	0.815758	1.000000	0.816138
1.000000	0.816138	1.000000	0.815582
1.000000	0.815582	1.000000	0.814612
1.000000	0.814612	1.000000	0.814555
1.000000	0.814555	1.000000	0.814977
1.000000	0.814977	1.000000	0.814344
1.000000	0.814344	1.000000	0.814071
1.000000	0.814071	1.000000	0.813985
1.000000	0.813985	1.000000	0.814177
1.000000	0.814177	1.000000	0.814664
1.000000	0.814664	1.000000	0.814355
1.000000	0.814355	1.000000	0.814004
1.000000	0.814004	1.000000	0.813731
1.000000	0.813731	1.000000	0.812725
1.000000	0.812725	1.000000	0.813140
1.000000	0.813140	1.000000	0.813023
1.000000	0.813023	1.000000	0.813136
1.000000	0.813136	1.000000	0.814616
1.000000	0.814616	1.000000	0.815259
1.000000	0.815259	1.000000	0.815166
1.000000	0.815166	1.000000	0.815391
1.000000	0.815391	1.000000	0.814330
1.000000	0.814330	1.000000	0.814040
1.000000	0.814040	1.000000	0.812426
1.000000	0.812426	1.000000	0.813288
1.000000	0.813288	1.000000	0.814141
1.000000	0.814141	1.000000	0.815174
1.000000	0.815174	1.000000	0.815820
1.000000	0.815820	1.000000	0.815073
1.000000	0.815073	1.000000	0.815647
1.000000	0.815647	1.000000	0.815380
1.000000	0.815380	1.000000	0.815620
1.000000	0.815620	1.000000	0.815139
1.000000	0.815139	1.000000	0.815254
1.000000	0.815254	1.000000	0.814239
1.000000	0.814239	1.000000	0.815033
1.000000	0.815033	1.000000	0.814458
1.000000	0.814458	1.000000	0.814681
1.000000	0.814681	1.000000	0.815581
1.000000	0.815581	1.000000	0.815761
1.000000	0.815761	1.000000	0.815601
1.000000	0.815601	1.000000	0.815805
1.000000	0.815805	1.000000	0.816271
1.000000	0.816271	1.000000	0.815784
1.000000	0.815784	1.000000	0.814485
1.000000	0.814485	1.000000	0.812306
1.000000	0.812306	1.000000	0.814451
1.000000	0.814451	1.000000	0.814331
1.000000	0.814331	1.000000	0.814377
1.000000	0.814377	1.000000	0.814044
1.000000	0.814044	1.000000	0.814594
1.000000	0.814594	1.000000	0.816042
1.000000	0.816042	1.000000	0.815389
1.000000	0.815389	1.000000	0.813429
1.000000	0.813429	1.000000	0.813893
1.000000	0.813893	1.000000	0.815287
1.000000	0.815287	1.000000	0.813714
1.000000	0.813714	1.000000	0.814809
1.000000	0.814809	1.000000	0.815126
1.000000	0.815126	1.000000	0.815242
1.000000	0.815242	1.000000	0.815372
1.000000	0.815372	1.000000	0.815492
1.000000	0.815492	1.000000	0.815099
1.000000	0.815099	1.000000	0.814949
1.000000	0.814949	1.000000	0.814051
1.000000	0.814051	1.000000	0.813951
1.000000	0.813951	1.000000	0.814098
1.000000	0.814098	1.000000	0.814146
1.000000	0.814146	1.000000	0.815445
1.000000	0.815445	1.000000	0.816318
1.000000	0.816318	1.000000	0.815926
1.000000	0.815926	1.000000	0.815137
1.000000	0.815137	1.000000	0.815389
1.000000	0.815389	1.000000	0.816388
1.000000	0.816388	1.000000	0.815826
1.000000	0.815826	1.000000	0.814743
1.000000	0.814743	1.000000	0.815117
1.000000	0.815117	1.000000	0.816293
1.000000	0.816293	1.000000	0.816044
1.000000	0.816044	1.000000	0.816194
1.000000	0.816194	1.000000	0.815495
1.000000	0.815495	1.000000	0.814152
1.000000	0.814152	1.000000	0.814728
1.000000	0.814728	1.000000	0.814850
1.000000	0.814850	1.000000	0.815415
1.000000	0.815415	1.000000	0.815087
1.000000	0.815087	1.000000	0.812799
1.000000	0.812799	1.000000	0.812843
1.000000	0.812843	1.000000	0.811988
1.000000	0.811988	1.000000	0.812577
1.000000	0.812577	1.000000	0.813410
1.000000	0.813410	1.000000	0.813061
1.000000	0.813061	1.000000	0.813494
1.000000	0.813494	1.000000	0.812627
1.000000	0.812627	1.000000	0.812367
1.000000	0.812367	1.000000	0.811583
1.000000	0.811583	1.000000	0.810881
1.000000	0.810881	1.000000	0.810770
1.000000	0.810770	1.000000	0.810101
1.000000	0.810101	1.000000	0.810023
1.000000	0.810023	1.000000	0.808744
1.000000	0.808744	1.000000	0.809156
1.000000	0.809156	1.000000	0.810763
1.000000	0.810763	1.000000	0.810261
1.000000	0.810261	1.000000	0.810181
1.000000	0.810181	1.000000	0.810723
1.000000	0.810723	1.000000	0.811341
1.000000	0.811341	1.000000	0.810689
1.000000	0.810689	1.000000	0.811129
1.000000	0.811129	1.000000	0.810140
1.000000	0.810140	1.000000	0.810259
1.000000	0.810259	1.000000	0.810299
1.000000	0.810299	1.000000	0.809979
1.000000	0.809979	1.000000	0.810304
1.000000	0.810304	1.000000	0.810607
1.000000	0.810607	1.000000	0.810232
1.000000	0.810232	1.000000	0.809619
1.000000	0.809619	1.000000	0.810190
1.000000	0.810190	1.000000	0.809138
1.000000	0.809138	1.000000	0.809551
1.000000	0.809551	1.000000	0.807861
1.000000	0.807861	1.000000	0.807365
1.000000	0.807365	1.000000	0.807081
1.000000	0.807081	1.000000	0.807302
1.000000	0.807302	1.000000	0.807227
1.000000	0.807227	1.000000	0.806811
1.000000	0.806811	1.000000	0.806006
1.000000	0.806006	1.000000	0.806531
1.000000	0.806531	1.000000	0.807721
1.000000	0.807721	1.000000	0.806886
1.000000	0.806886	1.000000	0.806619
1.000000	0.806619	1.000000	0.805745
1.000000	0.805745	1.000000	0.804415
1.000000	0.804415	1.000000	0.803584
1.000000	0.803584	1.000000	0.803378
1.000000	0.803378	1.000000	0.802493
1.000000	0.802493	1.000000	0.803559
1.000000	0.803559	1.000000	0.804702
1.000000	0.804702	1.000000	0.805340
1.000000	0.805340	1.000000	0.805753
1.000000	0.805753	1.000000	0.806081
1.000000	0.806081	1.000000	0.806096
1.000000	0.806096	1.000000	0.805322
1.000000	0.805322	1.000000	0.805688
1.000000	0.805688	1.000000	0.804322
1.000000	0.804322	1.000000	0.803428
1.000000	0.803428	1.000000	0.803371
0.299735	0.500248	0.675863	0.518662
0.675863	0.518662	0.823461	0.563314
0.823461	0.563314	0.879690	0.602510
0.879690	0.602510	0.906359	0.633204
0.906359	0.633204	0.922427	0.657674
0.922427	0.657674	0.933519	0.678538
0.933519	0.678538	0.944792	0.698244
0.944792	0.698244	0.954870	0.713889
0.954870	0.713889	0.962999	0.728271
0.962999	0.728271	0.970240	0.739070
0.970240	0.739070	0.976427	0.747923
0.976427	0.747923	0.980596	0.753249
0.980596	0.753249	0.984180	0.759067
0.984180	0.759067	0.987711	0.764938
0.987711	0.764938	0.989966	0.766560
0.989966	0.766560	0.991914	0.770756
0.991914	0.770756	0.993558	0.772628
0.993558	0.772628	0.994743	0.773472
0.994743	0.773472	0.995368	0.775144
0.995368	0.775144	0.996019	0.776671
0.996019	0.776671	0.996520	0.779679
0.996520	0.779679	0.996872	0.780174
0.996872	0.780174	0.997483	0.780472
0.997483	0.780472	0.997927	0.781574
0.997927	0.781574	0.998258	0.780376
0.998258	0.780376	0.998399	0.780907
0.998399	0.780907	0.998450	0.782758
0.998450	0.782758	0.998462	0.783008
0.998462	0.783008	0.998663	0.783747
0.998663	0.783747	0.998917	0.784143
0.998917	0.784143	0.999043	0.784884
0.999043	0.784884	0.999126	0.786390
0.999126	0.786390	0.999317	0.784795
0.999317	0.784795	0.999550	0.785052
0.999550	0.785052	0.999638	0.784384
0.999638	0.784384	0.999686	0.784208
0.999686	0.784208	0.999725	0.783480
0.999725	0.783480	0.999756	0.783511
0.999756	0.783511	0.999771	0.783105
0.999771	0.783105	0.999740	0.783300
0.999740	0.783300	0.999796	0.784387
0.999796	0.784387	0.999864	0.784341
0.999864	0.784341	0.999840	0.782564
0.999840	0.782564	0.999863	0.782470
0.999863	0.782470	0.999818	0.781623
0.999818	0.781623	0.999793	0.782535
0.999793	0.782535	0.999853	0.784342
0.999853	0.784342	0.999917	0.784290
0.999917	0.784290	0.999914	0.783968
0.999914	0.783968	0.999927	0.783540
0.999927	0.783540	0.999945	0.782519
0.999945	0.782519	0.999995	0.781291
0.999995	0.781291	0.999988	0.783072
0.999988	0.783072	1.000000	0.784097
1.000000	0.784097	1.000000	0.786247
1.000000	0.786247	1.000000	0.785371
1.000000	0.785371	1.000000	0.785025
1.000000	0.785025	1.000000	0.784402
1.000000	0.784402	1.000000	0.784320
1.000000	0.784320	1.000000	0.785661
1.000000	0.785661	1.000000	0.784515
1.000000	0.784515	1.000000	0.784925
1.000000	0.784925	1.000000	0.785176
1.000000	0.785176	1.000000	0.785960
1.000000	0.785960	1.000000	0.784697
1.000000	0.784697	1.000000	0.784158
1.000000	0.784158	1.000000	0.785471
1.000000	0.785471	1.000000	0.783060
1.000000	0.783060	1.000000	0.781758
1.000000	0.781758	1.000000	0.781568
1.000000	0.781568	1.000000	0.783132
1.000000	0.783132	1.000000	0.782542
1.000000	0.782542	1.000000	0.782187
1.000000	0.782187	1.000000	0.782742
1.000000	0.782742	1.000000	0.782416
1.000000	0.782416	1.000000	0.782645
1.000000	0.782645	1.000000	0.783112
1.000000	0.783112	1.000000	0.783837
1.000000	0.783837	1.000000	0.782827
1.000000	0.782827	1.000000	0.781966
1.000000	0.781966	1.000000	0.781805
1.000000	0.781805	1.000000	0.782382
1.000000	0.782382	1.000000	0.782192
1.000000	0.782192	1.000000	0.782077
1.000000	0.782077	1.000000	0.780922
1.000000	0.780922	1.000000	0.779198
1.000000	0.779198	1.000000	0.779554
1.000000	0.779554	1.000000	0.779477
1.000000	0.779477	1.000000	0.778675
1.000000	0.778675	1.000000	0.779812
1.000000	0.779812	1.000000	0.780327
1.000000	0.780327	1.000000	0.780208
1.000000	0.780208	1.000000	0.781051
1.000000	0.781051	1.000000	0.780992
1.000000	0.780992	1.000000	0.781826
1.000000	0.781826	1.000000	0.782074
1.000000	0.782074	1.000000	0.782654
1.000000	0.782654	1.000000	0.784427
1.000000	0.784427	1.000000	0.784691
1.000000	0.784691	1.000000	0.784272
1.000000	0.784272	1.000000	0.784552
1.000000	0.784552	1.000000	0.783954
1.000000	0.783954	1.000000	0.783176
1.000000	0.783176	1.000000	0.783771
1.000000	0.783771	1.000000	0.782346
1.000000	0.782346	1.000000	0.780589
1.000000	0.780589	1.000000	0.780118
1.000000	0.780118	1.000000	0.779748
1.000000	0.779748	1.000000	0.779512
1.000000	0.779512	1.000000	0.779324
1.000000	0.779324	1.000000	0.779683
1.000000	0.779683	1.000000	0.778649
1.000000	0.778649	1.000000	0.778910
1.000000	0.778910	1.000000	0.779451
1.000000	0.779451	1.000000	0.778003
1.000000	0.778003	1.000000	0.779179
1.000000	0.779179	1.000000	0.778107
1.000000	0.778107	1.000000	0.777260
1.000000	0.777260	1.000000	0.777841
1.000000	0.777841	1.000000	0.776687
1.000000	0.776687	1.000000	0.775690
1.000000	0.775690	1.000000	0.773808
1.000000	0.773808	1.000000	0.774768
1.000000	0.774768	1.000000	0.773719
1.000000	0.773719	1.000000	0.775113
1.000000	0.775113	1.000000	0.774919
1.000000	0.774919	1.000000	0.774483
1.000000	0.774483	1.000000	0.774538
1.000000	0.774538	1.000000	0.773215
1.000000	0.773215	1.000000	0.774389
1.000000	0.774389	1.000000	0.773975
1.000000	0.773975	1.000000	0.774881
1.000000	0.774881	1.000000	0.773881
1.000000	0.773881	1.000000	0.774192
1.000000	0.774192	1.000000	0.774404
1.000000	0.774404	1.000000	0.774228
1.000000	0.774228	1.000000	0.773340
1.000000	0.773340	1.000000	0.773097
1.000000	0.773097	1.000000	0.773811
1.000000	0.773811	1.000000	0.774773
1.000000	0.774773	1.000000	0.774781
1.000000	0.774781	1.000000	0.774623
1.000000	0.774623	1.000000	0.774448
1.000000	0.774448	1.000000	0.773918
1.000000	0.773918	1.000000	0.775141
1.000000	0.775141	1.000000	0.775931
1.000000	0.775931	1.000000	0.777854
1.000000	0.777854	1.000000	0.777825
1.000000	0.777825	1.000000	0.777023
1.000000	0.777023	1.000000	0.776844
1.000000	0.776844	1.000000	0.777536
1.000000	0.777536	1.000000	0.776011
1.000000	0.776011	1.000000	0.775524
1.000000	0.775524	1.000000	0.776154
1.000000	0.776154	1.000000	0.777402
1.000000	0.777402	1.000000	0.775697
1.000000	0.775697	1.000000	0.775928
1.000000	0.775928	1.000000	0.776858
1.000000	0.776858	1.000000	0.776363
1.000000	0.776363	1.000000	0.775394
1.000000	0.775394	1.000000	0.775713
1.000000	0.775713	1.000000	0.776289
1.000000	0.776289	1.000000	0.776379
1.000000	0.776379	1.000000	0.776613
1.000000	0.776613	1.000000	0.776740
1.000000	0.776740	1.000000	0.776391
1.000000	0.776391	1.000000	0.775970
1.000000	0.775970	1.000000	0.775680
1.000000	0.775680	1.000000	0.775907
1.000000	0.775907	1.000000	0.775764
1.000000	0.775764	1.000000	0.774280
1.000000	0.774280	1.000000	0.775734
1.000000	0.775734	1.000000	0.777482
1.000000	0.777482	1.000000	0.776864
1.000000	0.776864	1.000000	0.776833
1.000000	0.776833	1.000000	0.775186
1.000000	0.775186	1.000000	0.773960
1.000000	0.773960	1.000000	0.774303
1.000000	0.774303	1.000000	0.774052
1.000000	0.774052	1.000000	0.773599
1.000000	0.773599	1.000000	0.774018
1.000000	0.774018	1.000000	0.772577
1.000000	0.772577	1.000000	0.773181
1.000000	0.773181	1.000000	0.773147
1.000000	0.773147	1.000000	0.774044
1.000000	0.774044	1.000000	0.772658
1.000000	0.772658	1.000000	0.772861
1.000000	0.772861	1.000000	0.774198
1.000000	0.774198	1.000000	0.775221
1.000000	0.775221	1.000000	0.774101
1.000000	0.774101	1.000000	0.774308
1.000000	0.774308	1.000000	0.775406
1.000000	0.775406	1.000000	0.775175
1.000000	0.775175	1.000000	0.775025
1.000000	0.775025	1.000000	0.773916
1.000000	0.773916	1.000000	0.774000
1.000000	0.774000	1.000000	0.773916
1.000000	0.773916	1.000000	0.774033
1.000000	0.774033	1.000000	0.774526
0.299464	0.600800	0.765391	0.619058
0.765391	0.619058	0.905203	0.657046
0.905203	0.657046	0.945108	0.679245
0.945108	0.679245	0.960432	0.694669
0.960432	0.694669	0.968354	0.707513
0.968354	0.707513	0.973312	0.717815
0.973312	0.717815	0.976973	0.725427
0.976973	0.725427	0.980605	0.732061
0.980605	0.732061	0.984019	0.738475
0.984019	0.738475	0.986398	0.743814
0.986398	0.743814	0.988400	0.748021
0.988400	0.748021	0.990091	0.750688
0.990091	0.750688	0.991511	0.754663
0.991511	0.754663	0.992732	0.757549
0.992732	0.757549	0.993881	0.759774
0.993881	0.759774	0.994927	0.763267
0.994927	0.763267	0.995796	0.763723
0.995796	0.763723	0.996283	0.764566
0.996283	0.764566	0.996852	0.766672
0.996852	0.766672	0.997343	0.768429
0.997343	0.768429	0.997861	0.768751
0.997861	0.768751	0.998162	0.770303
0.998162	0.770303	0.998150	0.770499
0.998150	0.770499	0.998388	0.769883
0.998388	0.769883	0.998545	0.770269
0.998545	0.770269	0.998736	0.769828
0.998736	0.769828	0.998953	0.769470
0.998953	0.769470	0.999137	0.770301
0.999137	0.770301	0.999232	0.770281
0.999232	0.770281	0.999376	0.770584
0.999376	0.770584	0.999443	0.770899
0.999443	0.770899	0.999435	0.771180
0.999435	0.771180	0.999393	0.770815
0.999393	0.770815	0.999349	0.770665
0.999349	0.770665	0.999336	0.770761
0.999336	0.770761	0.999346	0.771070
0.999346	0.771070	0.999545	0.771501
0.999545	0.771501	0.999676	0.772318
0.999676	0.772318	0.999802	0.770707
0.999802	0.770707	0.999792	0.769343
0.999792	0.769343	0.999831	0.769686
0.999831	0.769686	0.999861	0.769831
0.999861	0.769831	0.999881	0.769624
0.999881	0.769624	0.999855	0.771748
0.999855	0.771748	0.999841	0.771881
0.999841	0.771881	0.999847	0.771195
0.999847	0.771195	0.999892	0.772155
0.999892	0.772155	0.999915	0.771195
0.999915	0.771195	0.999913	0.771545
0.999913	0.771545	0.999945	0.771470
0.999945	0.771470	0.999982	0.770734
0.999982	0.770734	1.000000	0.770945
1.000000	0.770945	1.000000	0.768997
1.000000	0.768997	1.000000	0.770090
1.000000	0.770090	1.000000	0.770171
1.000000	0.770171	1.000000	0.769927
1.000000	0.769927	1.000000	0.768744
1.000000	0.768744	1.000000	0.767373
1.000000	0.767373	1.000000	0.766931
1.000000	0.766931	1.000000	0.768598
1.000000	0.768598	1.000000	0.768258
1.000000	0.768258	1.000000	0.768274
1.000000	0.768274	1.000000	0.768991
1.000000	0.768991	1.000000	0.770439
1.000000	0.770439	1.000000	0.769509
1.000000	0.769509	1.000000	0.769794
1.000000	0.769794	1.000000	0.769012
1.000000	0.769012	1.000000	0.770235
1.000000	0.770235	1.000000	0.770160
1.000000	0.770160	1.000000	0.768941
1.000000	0.768941	1.000000	0.770173
1.000000	0.770173	1.000000	0.768634
1.000000	0.768634	1.000000	0.769326
1.000000	0.769326	1.000000	0.769806
1.000000	0.769806	1.000000	0.769506
1.000000	0.769506	1.000000	0.768871
1.000000	0.768871	1.000000	0.768934
1.000000	0.768934	1.000000	0.769155
1.000000	0.769155	1.000000	0.769195
1.000000	0.769195	1.000000	0.769842
1.000000	0.769842	1.000000	0.769746
1.000000	0.769746	1.000000	0.769539
1.000000	0.769539	1.000000	0.769825
1.000000	0.769825	1.000000	0.769137
1.000000	0.769137	1.000000	0.769414
1.000000	0.769414	1.000000	0.767801
1.000000	0.767801	1.000000	0.767617
1.000000	0.767617	1.000000	0.767877
1.000000	0.767877	1.000000	0.767709
1.000000	0.767709	1.000000	0.767340
1.000000	0.767340	1.000000	0.766857
1.000000	0.766857	1.000000	0.767354
1.000000	0.767354	1.000000	0.767339
1.000000	0.767339	1.000000	0.767202
1.000000	0.767202	1.000000	0.766386
1.000000	0.766386	1.000000	0.765874
1.000000	0.765874	1.000000	0.765569
1.000000	0.765569	1.000000	0.765988
1.000000	0.765988	1.000000	0.765124
1.000000	0.765124	1.000000	0.763989
1.000000	0.763989	1.000000	0.763888
1.000000	0.763888	1.000000	0.762961
1.000000	0.762961	1.000000	0.763130
1.000000	0.763130	1.000000	0.764583
1.000000	0.764583	1.000000	0.765054
1.000000	0.765054	1.000000	0.764490
1.000000	0.764490	1.000000	0.764068
1.000000	0.764068	1.000000	0.762921
1.000000	0.762921	1.000000	0.763494
1.000000	0.763494	1.000000	0.762860
1.000000	0.762860	1.000000	0.763094
1.000000	0.763094	1.000000	0.762231
1.000000	0.762231	1.000000	0.763570
1.000000	0.763570	1.000000	0.762165
1.000000	0.762165	1.000000	0.761996
1.000000	0.761996	1.000000	0.760727
1.000000	0.760727	1.000000	0.761342
1.000000	0.761342	1.000000	0.760815
1.000000	0.760815	1.000000	0.760514
1.000000	0.760514	1.000000	0.759469
1.000000	0.759469	1.000000	0.759740
1.000000	0.759740	1.000000	0.760302
1.000000	0.760302	1.000000	0.760579
1.000000	0.760579	1.000000	0.758756
1.000000	0.758756	1.000000	0.759621
1.000000	0.759621	1.000000	0.760694
1.000000	0.760694	1.000000	0.760649
1.000000	0.760649	1.000000	0.758822
1.000000	0.758822	1.000000	0.757925
1.000000	0.757925	1.000000	0.758492
1.000000	0.758492	1.000000	0.759644
1.000000	0.759644	1.000000	0.759880
1.000000	0.759880	1.000000	0.759335
1.000000	0.759335	1.000000	0.758954
1.000000	0.758954	1.000000	0.758541
1.000000	0.758541	1.000000	0.758665
1.000000	0.758665	1.000000	0.757929
1.000000	0.757929	1.000000	0.758118
1.000000	0.758118	1.000000	0.758060
1.000000	0.758060	1.000000	0.757658
1.000000	0.757658	1.000000	0.756388
1.000000	0.756388	1.000000	0.755183
1.000000	0.755183	1.000000	0.756021
1.000000	0.756021	1.000000	0.755652
1.000000	0.755652	1.000000	0.754300
1.000000	0.754300	1.000000	0.754165
1.000000	0.754165	1.000000	0.754610
1.000000	0.754610	1.000000	0.755189
1.000000	0.755189	1.000000	0.754704
1.000000	0.754704	1.000000	0.754240
1.000000	0.754240	1.000000	0.753909
1.000000	0.753909	1.000000	0.752827
1.000000	0.752827	1.000000	0.752666
1.000000	0.752666	1.000000	0.753569
1.000000	0.753569	1.000000	0.754318
1.000000	0.754318	1.000000	0.754871
1.000000	0.754871	1.000000	0.754365
1.000000	0.754365	1.000000	0.753512
1.000000	0.753512	1.000000	0.753407
1.000000	0.753407	1.000000	0.752955
1.000000	0.752955	1.000000	0.752458
1.000000	0.752458	1.000000	0.751614
1.000000	0.751614	1.000000	0.749827
1.000000	0.749827	1.000000	0.750308
1.000000	0.750308	1.000000	0.749920
1.000000	0.749920	1.000000	0.748248
1.000000	0.748248	1.000000	0.747817
1.000000	0.747817	1.000000	0.747487
1.000000	0.747487	1.000000	0.747671
1.000000	0.747671	1.000000	0.747646
1.000000	0.747646	1.000000	0.746271
1.000000	0.746271	1.000000	0.746377
1.000000	0.746377	1.000000	0.744905
1.000000	0.744905	1.000000	0.744841
1.000000	0.744841	1.000000	0.744842
1.000000	0.744842	1.000000	0.745669
1.000000	0.745669	1.000000	0.744837
1.000000	0.744837	1.000000	0.744019
1.000000	0.744019	1.000000	0.744110
1.000000	0.744110	1.000000	0.743447
1.000000	0.743447	1.000000	0.744197
1.000000	0.744197	1.000000	0.744387
1.000000	0.744387	1.000000	0.743821
1.000000	0.743821	1.000000	0.742750
1.000000	0.742750	1.000000	0.742649
1.000000	0.742649	1.000000	0.743252
1.000000	0.743252	1.000000	0.742898
1.000000	0.742898	1.000000	0.743314
1.000000	0.743314	1.000000	0.741998
1.000000	0.741998	1.000000	0.741636
1.000000	0.741636	1.000000	0.741535
1.000000	0.741535	1.000000	0.741591
1.000000	0.741591	1.000000	0.742169
1.000000	0.742169	1.000000	0.741910
1.000000	0.741910	1.000000	0.743021
1.000000	0.743021	1.000000	0.743996
1.000000	0.743996	1.000000	0.744535
1.000000	0.744535	1.000000	0.744885
1.000000	0.744885	1.000000	0.746034
0.299953	0.699632	0.837247	0.718201
0.837247	0.718201	0.952941	0.743180
0.952941	0.743180	0.978214	0.756345
0.978214	0.756345	0.986639	0.764740
0.986639	0.764740	0.990015	0.769926
0.990015	0.769926	0.991877	0.772867
0.991877	0.772867	0.993333	0.776760
0.993333	0.776760	0.994244	0.779252
0.994244	0.779252	0.995150	0.780156
0.995150	0.780156	0.995789	0.782330
0.995789	0.782330	0.996464	0.783691
0.996464	0.783691	0.996885	0.783949
0.996885	0.783949	0.997497	0.785106
0.997497	0.785106	0.998080	0.785522
0.998080	0.785522	0.998384	0.787089
0.998384	0.787089	0.998629	0.788501
0.998629	0.788501	0.998731	0.788036
0.998731	0.788036	0.998748	0.788297
0.998748	0.788297	0.998900	0.788407
0.998900	0.788407	0.999096	0.790519
0.999096	0.790519	0.999228	0.789657
0.999228	0.789657	0.999303	0.791460
0.999303	0.791460	0.999378	0.792571
0.999378	0.792571	0.999429	0.792390
0.999429	0.792390	0.999515	0.793424
0.999515	0.793424	0.999649	0.793894
0.999649	0.793894	0.999702	0.794269
0.999702	0.794269	0.999736	0.794003
0.999736	0.794003	0.999684	0.793872
0.999684	0.793872	0.999699	0.793520
0.999699	0.793520	0.999707	0.792666
0.999707	0.792666	0.999730	0.793610
0.999730	0.793610	0.999791	0.794698
0.999791	0.794698	0.999845	0.793284
0.999845	0.793284	0.999902	0.793469
0.999902	0.793469	0.999943	0.793732
0.999943	0.793732	0.999960	0.793118
0.999960	0.793118	0.999997	0.792883
0.999997	0.792883	1.000000	0.791918
1.000000	0.791918	1.000000	0.792892
1.000000	0.792892	1.000000	0.792356
1.000000	0.792356	1.000000	0.794108
1.000000	0.794108	1.000000	0.792768
1.000000	0.792768	1.000000	0.791722
1.000000	0.791722	1.000000	0.792943
1.000000	0.792943	1.000000	0.793726
1.000000	0.793726	1.000000	0.794111
1.000000	0.794111	1.000000	0.794332
1.000000	0.794332	1.000000	0.791865
1.000000	0.791865	1.000000	0.792927
1.000000	0.792927	1.000000	0.794089
1.000000	0.794089	1.000000	0.795823
1.000000	0.795823	1.000000	0.795050
1.000000	0.795050	1.000000	0.795186
1.000000	0.795186	1.000000	0.795949
1.000000	0.795949	1.000000	0.795980
1.000000	0.795980	1.000000	0.796696
1.000000	0.796696	1.000000	0.796350
1.000000	0.796350	1.000000	0.796476
1.000000	0.796476	1.000000	0.797198
1.000000	0.797198	1.000000	0.796873
1.000000	0.796873	1.000000	0.798156
1.000000	0.798156	1.000000	0.799313
1.000000	0.799313	1.000000	0.801486
1.000000	0.801486	1.000000	0.802144
1.000000	0.802144	1.000000	0.800583
1.000000	0.800583	1.000000	0.800763
1.000000	0.800763	1.000000	0.800200
1.000000	0.800200	1.000000	0.800065
1.000000	0.800065	1.000000	0.799342
1.000000	0.799342	1.000000	0.798852
1.000000	0.798852	1.000000	0.799439
1.000000	0.799439	1.000000	0.800140
1.000000	0.800140	1.000000	0.800927
1.000000	0.800927	1.000000	0.800916
1.000000	0.800916	1.000000	0.801850
1.000000	0.801850	1.000000	0.800922
1.000000	0.800922	1.000000	0.800566
1.000000	0.800566	1.000000	0.801282
1.000000	0.801282	1.000000	0.800911
1.000000	0.800911	1.000000	0.799896
1.000000	0.799896	1.000000	0.799594
1.000000	0.799594	1.000000	0.798212
1.000000	0.798212	1.000000	0.798846
1.000000	0.798846	1.000000	0.797531
1.000000	0.797531	1.000000	0.798347
1.000000	0.798347	1.000000	0.797434
1.000000	0.797434	1.000000	0.797727
1.000000	0.797727	1.000000	0.797925
1.000000	0.797925	1.000000	0.799265
1.000000	0.799265	1.000000	0.798342
1.000000	0.798342	1.000000	0.798787
1.000000	0.798787	1.000000	0.797162
1.000000	0.797162	1.000000	0.796181
1.000000	0.796181	1.000000	0.797068
1.000000	0.797068	1.000000	0.797087
1.000000	0.797087	1.000000	0.797809
1.000000	0.797809	1.000000	0.797298
1.000000	0.797298	1.000000	0.796915
1.000000	0.796915	1.000000	0.797360
1.000000	0.797360	1.000000	0.796628
1.000000	0.796628	1.000000	0.796897
1.000000	0.796897	1.000000	0.797096
1.000000	0.797096	1.000000	0.797140
1.000000	0.797140	1.000000	0.797490
1.000000	0.797490	1.000000	0.798348
1.000000	0.798348	1.000000	0.797256
1.000000	0.797256	1.000000	0.798219
1.000000	0.798219	1.000000	0.798620
1.000000	0.798620	1.000000	0.798027
1.000000	0.798027	1.000000	0.796738
1.000000	0.796738	1.000000	0.796655
1.000000	0.796655	1.000000	0.796446
1.000000	0.796446	1.000000	0.796520
1.000000	0.796520	1.000000	0.796671
1.000000	0.796671	1.000000	0.796404
1.000000	0.796404	1.000000	0.796292
1.000000	0.796292	1.000000	0.795533
1.000000	0.795533	1.000000	0.796370
1.000000	0.796370	1.000000	0.796059
1.000000	0.796059	1.000000	0.794622
1.000000	0.794622	1.000000	0.794250
1.000000	0.794250	1.000000	0.794216
1.000000	0.794216	1.000000	0.794934
1.000000	0.794934	1.000000	0.795116
1.000000	0.795116	1.000000	0.795818
1.000000	0.795818	1.000000	0.796213
1.000000	0.796213	1.000000	0.796554
1.000000	0.796554	1.000000	0.796666
1.000000	0.796666	1.000000	0.796780
1.000000	0.796780	1.000000	0.798211
1.000000	0.798211	1.000000	0.798504
1.000000	0.798504	1.000000	0.797857
1.000000	0.797857	1.000000	0.798078
1.000000	0.798078	1.000000	0.797828
1.000000	0.797828	1.000000	0.797640
1.000000	0.797640	1.000000	0.797204
1.000000	0.797204	1.000000	0.796767
1.000000	0.796767	1.000000	0.796067
1.000000	0.796067	1.000000	0.797169
1.000000	0.797169	1.000000	0.797158
1.000000	0.797158	1.000000	0.798379
1.000000	0.798379	1.000000	0.799062
1.000000	0.799062	1.000000	0.799168
1.000000	0.799168	1.000000	0.799410
1.000000	0.799410	1.000000	0.799231
1.000000	0.799231	1.000000	0.798832
1.000000	0.798832	1.000000	0.798800
1.000000	0.798800	1.000000	0.797541
1.000000	0.797541	1.000000	0.798120
1.000000	0.798120	1.000000	0.797234
1.000000	0.797234	1.000000	0.797058
1.000000	0.797058	1.000000	0.797140
1.000000	0.797140	1.000000	0.798391
1.000000	0.798391	1.000000	0.798329
1.000000	0.798329	1.000000	0.797071
1.000000	0.797071	1.000000	0.798050
1.000000	0.798050	1.000000	0.798882
1.000000	0.798882	1.000000	0.798566
1.000000	0.798566	1.000000	0.799962
1.000000	0.799962	1.000000	0.800149
1.000000	0.800149	1.000000	0.800668
1.000000	0.800668	1.000000	0.800957
1.000000	0.800957	1.000000	0.802427
1.000000	0.802427	1.000000	0.802723
1.000000	0.802723	1.000000	0.802179
1.000000	0.802179	1.000000	0.802616
1.000000	0.802616	1.000000	0.802796
1.000000	0.802796	1.000000	0.800897
1.000000	0.800897	1.000000	0.800751
1.000000	0.800751	1.000000	0.800357
1.000000	0.800357	1.000000	0.801070
1.000000	0.801070	1.000000	0.800777
1.000000	0.800777	1.000000	0.799561
1.000000	0.799561	1.000000	0.797335
1.000000	0.797335	1.000000	0.797286
1.000000	0.797286	1.000000	0.796918
1.000000	0.796918	1.000000	0.797068
1.000000	0.797068	1.000000	0.798820
1.000000	0.798820	1.000000	0.798086
1.000000	0.798086	1.000000	0.798273
1.000000	0.798273	1.000000	0.797783
1.000000	0.797783	1.000000	0.798242
1.000000	0.798242	1.000000	0.797980
1.000000	0.797980	1.000000	0.796264
1.000000	0.796264	1.000000	0.796849
1.000000	0.796849	1.000000	0.797306
1.000000	0.797306	1.000000	0.797622
1.000000	0.797622	1.000000	0.798201
1.000000	0.798201	1.000000	0.799527
1.000000	0.799527	1.000000	0.801215
1.000000	0.801215	1.000000	0.799667
1.000000	0.799667	1.000000	0.798135
1.000000	0.798135	1.000000	0.798322
1.000000	0.798322	1.000000	0.797863
1.000000	0.797863	1.000000	0.796945
1.000000	0.796945	1.000000	0.796767
1.000000	0.796767	1.000000	0.796704
1.000000	0.796704	1.000000	0.798530
0.300781	0.799179	0.895476	0.814848
0.895476	0.814848	0.981194	0.829338
0.981194	0.829338	0.994040	0.833553
0.994040	0.833553	0.997107	0.835818
0.997107	0.835818	0.998340	0.837064
0.998340	0.837064	0.998763	0.837744
0.998763	0.837744	0.999100	0.836574
0.999100	0.836574	0.999381	0.837759
0.999381	0.837759	0.999390	0.837889
0.999390	0.837889	0.999558	0.837517
0.999558	0.837517	0.999624	0.836817
0.999624	0.836817	0.999745	0.836124
0.999745	0.836124	0.999854	0.835448
0.999854	0.835448	0.999853	0.834952
0.999853	0.834952	0.999877	0.834290
0.999877	0.834290	0.999943	0.834904
0.999943	0.834904	0.999970	0.834555
0.999970	0.834555	0.999963	0.835493
0.999963	0.835493	0.999937	0.835498
0.999937	0.835498	0.999924	0.836395
0.999924	0.836395	0.999916	0.837098
0.999916	0.837098	0.999890	0.838056
0.999890	0.838056	0.999912	0.839330
0.999912	0.839330	0.999919	0.839213
0.999919	0.839213	0.999943	0.838359
0.999943	0.838359	0.999965	0.838300
0.999965	0.838300	0.999991	0.835634
0.999991	0.835634	0.999990	0.836717
0.999990	0.836717	1.000000	0.836109
1.000000	0.836109	1.000000	0.836084
1.000000	0.836084	1.000000	0.836275
1.000000	0.836275	1.000000	0.835826
1.000000	0.835826	1.000000	0.835350
1.000000	0.835350	1.000000	0.834894
1.000000	0.834894	1.000000	0.835024
1.000000	0.835024	1.000000	0.834473
1.000000	0.834473	1.000000	0.833341
1.000000	0.833341	1.000000	0.833137
1.000000	0.833137	1.000000	0.832596
1.000000	0.832596	1.000000	0.832797
1.000000	0.832797	1.000000	0.833137
1.000000	0.833137	1.000000	0.833460
1.000000	0.833460	1.000000	0.834430
1.000000	0.834430	1.000000	0.834058
1.000000	0.834058	1.000000	0.833597
1.000000	0.833597	1.000000	0.833452
1.000000	0.833452	1.000000	0.833996
1.000000	0.833996	1.000000	0.834260
1.000000	0.834260	1.000000	0.834470
1.000000	0.834470	1.000000	0.834615
1.000000	0.834615	1.000000	0.835297
1.000000	0.835297	1.000000	0.835120
1.000000	0.835120	1.000000	0.835144
1.000000	0.835144	1.000000	0.834867
1.000000	0.834867	1.000000	0.834856
1.000000	0.834856	1.000000	0.833451
1.000000	0.833451	1.000000	0.832416
1.000000	0.832416	1.000000	0.832474
1.000000	0.832474	1.000000	0.831823
1.000000	0.831823	1.000000	0.833171
1.000000	0.833171	1.000000	0.832604
1.000000	0.832604	1.000000	0.832436
1.000000	0.832436	1.000000	0.832845
1.000000	0.832845	1.000000	0.832510
1.000000	0.832510	1.000000	0.832195
1.000000	0.832195	1.000000	0.832611
1.000000	0.832611	1.000000	0.832960
1.000000	0.832960	1.000000	0.832575
1.000000	0.832575	1.000000	0.832152
1.000000	0.832152	1.000000	0.831287
1.000000	0.831287	1.000000	0.832532
1.000000	0.832532	1.000000	0.831881
1.000000	0.831881	1.000000	0.831535
1.000000	0.831535	1.000000	0.830501
1.000000	0.830501	1.000000	0.829457
1.000000	0.829457	1.000000	0.830000
1.000000	0.830000	1.000000	0.829430
1.000000	0.829430	1.000000	0.830111
1.000000	0.830111	1.000000	0.829589
1.000000	0.829589	1.000000	0.829219
1.000000	0.829219	1.000000	0.829121
1.000000	0.829121	1.000000	0.827985
1.000000	0.827985	1.000000	0.828589
1.000000	0.828589	1.000000	0.828461
1.000000	0.828461	1.000000	0.828311
1.000000	0.828311	1.000000	0.828863
1.000000	0.828863	1.000000	0.827826
1.000000	0.827826	1.000000	0.828224
1.000000	0.828224	1.000000	0.828799
1.000000	0.828799	1.000000	0.829453
1.000000	0.829453	1.000000	0.829535
1.000000	0.829535	1.000000	0.830553
1.000000	0.830553	1.000000	0.831391
1.000000	0.831391	1.000000	0.830597
1.000000	0.830597	1.000000	0.831251
1.000000	0.831251	1.000000	0.831202
1.000000	0.831202	1.000000	0.830478
1.000000	0.830478	1.000000	0.831025
1.000000	0.831025	1.000000	0.830372
1.000000	0.830372	1.000000	0.830623
1.000000	0.830623	1.000000	0.831299
1.000000	0.831299	1.000000	0.831385
1.000000	0.831385	1.000000	0.830601
1.000000	0.830601	1.000000	0.830905
1.000000	0.830905	1.000000	0.830000
1.000000	0.830000	1.000000	0.830404
1.000000	0.830404	1.000000	0.830383
1.000000	0.830383	1.000000	0.829940
1.000000	0.829940	1.000000	0.829574
1.000000	0.829574	1.000000	0.829382
1.000000	0.829382	1.000000	0.829259
1.000000	0.829259	1.000000	0.829626
1.000000	0.829626	1.000000	0.829300
1.000000	0.829300	1.000000	0.828986
1.000000	0.828986	1.000000	0.827026
1.000000	0.827026	1.000000	0.827931
1.000000	0.827931	1.000000	0.828492
1.000000	0.828492	1.000000	0.830358
1.000000	0.830358	1.000000	0.830756
1.000000	0.830756	1.000000	0.831491
1.000000	0.831491	1.000000	0.832722
1.000000	0.832722	1.000000	0.831648
1.000000	0.831648	1.000000	0.831781
1.000000	0.831781	1.000000	0.831250
1.000000	0.831250	1.000000	0.832366
1.000000	0.832366	1.000000	0.832901
1.000000	0.832901	1.000000	0.833568
1.000000	0.833568	1.000000	0.834812
1.000000	0.834812	1.000000	0.835344
1.000000	0.835344	1.000000	0.836566
1.000000	0.836566	1.000000	0.836488
1.000000	0.836488	1.000000	0.836606
1.000000	0.836606	1.000000	0.835769
1.000000	0.835769	1.000000	0.835407
1.000000	0.835407	1.000000	0.835194
1.000000	0.835194	1.000000	0.835155
1.000000	0.835155	1.000000	0.834181
1.000000	0.834181	1.000000	0.833775
1.000000	0.833775	1.000000	0.833576
1.000000	0.833576	1.000000	0.835369
1.000000	0.835369	1.000000	0.835214
1.000000	0.835214	1.000000	0.835335
1.000000	0.835335	1.000000	0.836140
1.000000	0.836140	1.000000	0.834766
1.000000	0.834766	1.000000	0.834518
1.000000	0.834518	1.000000	0.834021
1.000000	0.834021	1.000000	0.835768
1.000000	0.835768	1.000000	0.836905
1.000000	0.836905	1.000000	0.837113
1.000000	0.837113	1.000000	0.836813
1.000000	0.836813	1.000000	0.837886
1.000000	0.837886	1.000000	0.838395
1.000000	0.838395	1.000000	0.837653
1.000000	0.837653	1.000000	0.838319
1.000000	0.838319	1.000000	0.838215
1.000000	0.838215	1.000000	0.838369
1.000000	0.838369	1.000000	0.837931
1.000000	0.837931	1.000000	0.838627
1.000000	0.838627	1.000000	0.838762
1.000000	0.838762	1.000000	0.840020
1.000000	0.840020	1.000000	0.839891
1.000000	0.839891	1.000000	0.839315
1.000000	0.839315	1.000000	0.838697
1.000000	0.838697	1.000000	0.839180
1.000000	0.839180	1.000000	0.838347
1.000000	0.838347	1.000000	0.838620
1.000000	0.838620	1.000000	0.839984
1.000000	0.839984	1.000000	0.841234
1.000000	0.841234	1.000000	0.841706
1.000000	0.841706	1.000000	0.841972
1.000000	0.841972	1.000000	0.843452
1.000000	0.843452	1.000000	0.843240
1.000000	0.843240	1.000000	0.843999
1.000000	0.843999	1.000000	0.844052
1.000000	0.844052	1.000000	0.843121
1.000000	0.843121	1.000000	0.843075
1.000000	0.843075	1.000000	0.842615
1.000000	0.842615	1.000000	0.842396
1.000000	0.842396	1.000000	0.841638
1.000000	0.841638	1.000000	0.841685
1.000000	0.841685	1.000000	0.841035
1.000000	0.841035	1.000000	0.840846
1.000000	0.840846	1.000000	0.841630
1.000000	0.841630	1.000000	0.840961
1.000000	0.840961	1.000000	0.841595
1.000000	0.841595	1.000000	0.842152
1.000000	0.842152	1.000000	0.841962
1.000000	0.841962	1.000000	0.841772
1.000000	0.841772	1.000000	0.841968
1.000000	0.841968	1.000000	0.841547
1.000000	0.841547	1.000000	0.842249
1.000000	0.842249	1.000000	0.843123
1.000000	0.843123	1.000000	0.843555
1.000000	0.843555	1.000000	0.844138
1.000000	0.844138	1.000000	0.843080
1.000000	0.843080	1.000000	0.843390
1.000000	0.843390	1.000000	0.843479
1.000000	0.843479	1.000000	0.842323
1.000000	0.842323	1.000000	0.842920
0.300248	0.899595	0.936577	0.907282
0.936577	0.907282	0.994020	0.912384
0.994020	0.912384	0.998845	0.914545
0.998845	0.914545	0.999557	0.914333
0.999557	0.914333	0.999680	0.914635
0.999680	0.914635	0.999822	0.914611
0.999822	0.914611	0.999841	0.915195
0.999841	0.915195	0.999914	0.914661
0.999914	0.914661	0.999965	0.914663
0.999965	0.914663	0.999983	0.914670
0.999983	0.914670	0.999974	0.915112
0.999974	0.915112	0.999981	0.915753
0.999981	0.915753	0.999977	0.915705
0.999977	0.915705	0.999995	0.916177
0.999995	0.916177	1.000000	0.917071
1.000000	0.917071	1.000000	0.916739
1.000000	0.916739	1.000000	0.917708
1.000000	0.917708	1.000000	0.917596
1.000000	0.917596	1.000000	0.917553
1.000000	0.917553	1.000000	0.917683
1.000000	0.917683	1.000000	0.917946
1.000000	0.917946	1.000000	0.917965
1.000000	0.917965	1.000000	0.918334
1.000000	0.918334	1.000000	0.918106
1.000000	0.918106	1.000000	0.918802
1.000000	0.918802	1.000000	0.919055
1.000000	0.919055	1.000000	0.918609
1.000000	0.918609	1.000000	0.917778
1.000000	0.917778	1.000000	0.918271
1.000000	0.918271	1.000000	0.917703
1.000000	0.917703	1.000000	0.917156
1.000000	0.917156	1.000000	0.917709
1.000000	0.917709	1.000000	0.917553
1.000000	0.917553	1.000000	0.917672
1.000000	0.917672	1.000000	0.917309
1.000000	0.917309	1.000000	0.917578
1.000000	0.917578	1.000000	0.917552
1.000000	0.917552	1.000000	0.918593
1.000000	0.918593	1.000000	0.918003
1.000000	0.918003	1.000000	0.916799
1.000000	0.916799	1.000000	0.916786
1.000000	0.916786	1.000000	0.916112
1.000000	0.916112	1.000000	0.916273
1.000000	0.916273	1.000000	0.915082
1.000000	0.915082	1.000000	0.914446
1.000000	0.914446	1.000000	0.914698
1.000000	0.914698	1.000000	0.914266
1.000000	0.914266	1.000000	0.914590
1.000000	0.914590	1.000000	0.914871
1.000000	0.914871	1.000000	0.913557
1.000000	0.913557	1.000000	0.913086
1.000000	0.913086	1.000000	0.912214
1.000000	0.912214	1.000000	0.912378
1.000000	0.912378	1.000000	0.912054
1.000000	0.912054	1.000000	0.911979
1.000000	0.911979	1.000000	0.912184
1.000000	0.912184	1.000000	0.911774
1.000000	0.911774	1.000000	0.912261
1.000000	0.912261	1.000000	0.912352
1.000000	0.912352	1.000000	0.912180
1.000000	0.912180	1.000000	0.912771
1.000000	0.912771	1.000000	0.913575
1.000000	0.913575	1.000000	0.913622
1.000000	0.913622	1.000000	0.913635
1.000000	0.913635	1.000000	0.914268
1.000000	0.914268	1.000000	0.914574
1.000000	0.914574	1.000000	0.914638
1.000000	0.914638	1.000000	0.915029
1.000000	0.915029	1.000000	0.915110
1.000000	0.915110	1.000000	0.916282
1.000000	0.916282	1.000000	0.916719
1.000000	0.916719	1.000000	0.916675
1.000000	0.916675	1.000000	0.917390
1.000000	0.917390	1.000000	0.918192
1.000000	0.918192	1.000000	0.918282
1.000000	0.918282	1.000000	0.918152
1.000000	0.918152	1.000000	0.917534
1.000000	0.917534	1.000000	0.917746
1.000000	0.917746	1.000000	0.917818
1.000000	0.917818	1.000000	0.916569
1.000000	0.916569	1.000000	0.916544
1.000000	0.916544	1.000000	0.916824
1.000000	0.916824	1.000000	0.916303
1.000000	0.916303	1.000000	0.916590
1.000000	0.916590	1.000000	0.917462
1.000000	0.917462	1.000000	0.917628
1.000000	0.917628	1.000000	0.918422
1.000000	0.918422	1.000000	0.918613
1.000000	0.918613	1.000000	0.918545
1.000000	0.918545	1.000000	0.918519
1.000000	0.918519	1.000000	0.918112
1.000000	0.918112	1.000000	0.918451
1.000000	0.918451	1.000000	0.917635
1.000000	0.917635	1.000000	0.918062
1.000000	0.918062	1.000000	0.917470
1.000000	0.917470	1.000000	0.916865
1.000000	0.916865	1.000000	0.916664
1.000000	0.916664	1.000000	0.917356
1.000000	0.917356	1.000000	0.917264
1.000000	0.917264	1.000000	0.917494
1.000000	0.917494	1.000000	0.918726
1.000000	0.918726	1.000000	0.918960
1.000000	0.918960	1.000000	0.918144
1.000000	0.918144	1.000000	0.917893
1.000000	0.917893	1.000000	0.917047
1.000000	0.917047	1.000000	0.916419
1.000000	0.916419	1.000000	0.917267
1.000000	0.917267	1.000000	0.916867
1.000000	0.916867	1.000000	0.915979
1.000000	0.915979	1.000000	0.916706
1.000000	0.916706	1.000000	0.916109
1.000000	0.916109	1.000000	0.916910
1.000000	0.916910	1.000000	0.917453
1.000000	0.917453	1.000000	0.916922
1.000000	0.916922	1.000000	0.916178
1.000000	0.916178	1.000000	0.915720
1.000000	0.915720	1.000000	0.914667
1.000000	0.914667	1.000000	0.913976
1.000000	0.913976	1.000000	0.913138
1.000000	0.913138	1.000000	0.912489
1.000000	0.912489	1.000000	0.912090
1.000000	0.912090	1.000000	0.911618
1.000000	0.911618	1.000000	0.911376
1.000000	0.911376	1.000000	0.911863
1.000000	0.911863	1.000000	0.911937
1.000000	0.911937	1.000000	0.910976
1.000000	0.910976	1.000000	0.910489
1.000000	0.910489	1.000000	0.910136
1.000000	0.910136	1.000000	0.910244
1.000000	0.910244	1.000000	0.910399
1.000000	0.910399	1.000000	0.908988
1.000000	0.908988	1.000000	0.909141
1.000000	0.909141	1.000000	0.908736
1.000000	0.908736	1.000000	0.908016
1.000000	0.908016	1.000000	0.907883
1.000000	0.907883	1.000000	0.907711
1.000000	0.907711	1.000000	0.907025
1.000000	0.907025	1.000000	0.907010
1.000000	0.907010	1.000000	0.906943
1.000000	0.906943	1.000000	0.906199
1.000000	0.906199	1.000000	0.906937
1.000000	0.906937	1.000000	0.907642
1.000000	0.907642	1.000000	0.906621
1.000000	0.906621	1.000000	0.906017
1.000000	0.906017	1.000000	0.905482
1.000000	0.905482	1.000000	0.904757
1.000000	0.904757	1.000000	0.905216
1.000000	0.905216	1.000000	0.905126
1.000000	0.905126	1.000000	0.905182
1.000000	0.905182	1.000000	0.904102
1.000000	0.904102	1.000000	0.904085
1.000000	0.904085	1.000000	0.904005
1.000000	0.904005	1.000000	0.903788
1.000000	0.903788	1.000000	0.903547
1.000000	0.903547	1.000000	0.903253
1.000000	0.903253	1.000000	0.902696
1.000000	0.902696	1.000000	0.902010
1.000000	0.902010	1.000000	0.902079
1.000000	0.902079	1.000000	0.902585
1.000000	0.902585	1.000000	0.902395
1.000000	0.902395	1.000000	0.902888
1.000000	0.902888	1.000000	0.902318
1.000000	0.902318	1.000000	0.902763
1.000000	0.902763	1.000000	0.903260
1.000000	0.903260	1.000000	0.903792
1.000000	0.903792	1.000000	0.904659
1.000000	0.904659	1.000000	0.904333
1.000000	0.904333	1.000000	0.904472
1.000000	0.904472	1.000000	0.905089
1.000000	0.905089	1.000000	0.904912
1.000000	0.904912	1.000000	0.903919
1.000000	0.903919	1.000000	0.904773
1.000000	0.904773	1.000000	0.903821
1.000000	0.903821	1.000000	0.903589
1.000000	0.903589	1.000000	0.903836
1.000000	0.903836	1.000000	0.903661
1.000000	0.903661	1.000000	0.903144
1.000000	0.903144	1.000000	0.904864
1.000000	0.904864	1.000000	0.906026
1.000000	0.906026	1.000000	0.907281
1.000000	0.907281	1.000000	0.908284
1.000000	0.908284	1.000000	0.908718
1.000000	0.908718	1.000000	0.908186
1.000000	0.908186	1.000000	0.907751
1.000000	0.907751	1.000000	0.907585
1.000000	0.907585	1.000000	0.907077
1.000000	0.907077	1.000000	0.907787
1.000000	0.907787	1.000000	0.907085
1.000000	0.907085	1.000000	0.906325
1.000000	0.906325	1.000000	0.906046
1.000000	0.906046	1.000000	0.905579
1.000000	0.905579	1.000000	0.905173
1.000000	0.905173	1.000000	0.904736
1.000000	0.904736	1.000000	0.904749
1.000000	0.904749	1.000000	0.904808
1.000000	0.904808	1.000000	0.904688
1.000000	0.904688	1.000000	0.905841
1.000000	0.905841	1.000000	0.906356
1.000000	0.906356	1.000000	0.905941
