0.350419	0.449089	0.548037	0.460536
0.548037	0.460536	0.643886	0.496254
0.643886	0.496254	0.689225	0.537981
0.689225	0.537981	0.710149	0.574002
0.710149	0.574002	0.716104	0.598141
0.716104	0.598141	0.712117	0.612701
0.712117	0.612701	0.699505	0.615621
0.699505	0.615621	0.681571	0.610736
0.681571	0.610736	0.659620	0.600244
0.659620	0.600244	0.635439	0.584938
0.635439	0.584938	0.608953	0.566518
0.608953	0.566518	0.582672	0.545938
0.582672	0.545938	0.553954	0.524079
0.553954	0.524079	0.527317	0.502137
0.527317	0.502137	0.498851	0.477551
0.498851	0.477551	0.472375	0.454856
0.472375	0.454856	0.445314	0.430878
0.445314	0.430878	0.419509	0.407548
0.419509	0.407548	0.394340	0.384703
0.394340	0.384703	0.369087	0.361348
0.369087	0.361348	0.344984	0.338722
0.344984	0.338722	0.321874	0.316860
0.321874	0.316860	0.299444	0.295315
0.299444	0.295315	0.278662	0.275291
0.278662	0.275291	0.258357	0.255311
0.258357	0.255311	0.239143	0.236455
0.239143	0.236455	0.221248	0.219085
0.221248	0.219085	0.203338	0.201433
0.203338	0.201433	0.187368	0.185828
0.187368	0.185828	0.171630	0.170352
0.171630	0.170352	0.157603	0.156561
0.157603	0.156561	0.144909	0.144072
0.144909	0.144072	0.131822	0.131021
0.131822	0.131021	0.119879	0.119387
0.119879	0.119387	0.108398	0.107989
0.108398	0.107989	0.098494	0.098183
0.098494	0.098183	0.088805	0.088568
0.088805	0.088568	0.079951	0.079746
0.079951	0.079746	0.071351	0.071190
0.071351	0.071190	0.063947	0.063840
0.063947	0.063840	0.056885	0.056789
0.056885	0.056789	0.050840	0.050754
0.050840	0.050754	0.045028	0.044940
0.045028	0.044940	0.039745	0.039709
0.039745	0.039709	0.035159	0.035130
0.035159	0.035130	0.030599	0.030592
0.030599	0.030592	0.026673	0.026683
0.026673	0.026683	0.023279	0.023275
0.023279	0.023275	0.020116	0.020117
0.020116	0.020117	0.017328	0.017327
0.017328	0.017327	0.015020	0.015017
0.015020	0.015017	0.012898	0.012895
0.012898	0.012895	0.010927	0.010925
0.010927	0.010925	0.009388	0.009387
0.009388	0.009387	0.008044	0.008044
0.008044	0.008044	0.007056	0.007056
0.007056	0.007056	0.006218	0.006218
0.006218	0.006218	0.005434	0.005434
0.005434	0.005434	0.004698	0.004698
0.004698	0.004698	0.004040	0.004040
0.004040	0.004040	0.003264	0.003264
0.003264	0.003264	0.002847	0.002847
0.002847	0.002847	0.002503	0.002503
0.002503	0.002503	0.002110	0.002110
0.002110	0.002110	0.001713	0.001713
0.001713	0.001713	0.001508	0.001508
0.001508	0.001508	0.001240	0.001240
0.001240	0.001240	0.001096	0.001096
0.001096	0.001096	0.000935	0.000935
0.000935	0.000935	0.000701	0.000701
0.000701	0.000701	0.000633	0.000633
0.000633	0.000633	0.000542	0.000542
0.000542	0.000542	0.000491	0.000491
0.000491	0.000491	0.000365	0.000365
0.000365	0.000365	0.000269	0.000269
0.000269	0.000269	0.000206	0.000206
0.000206	0.000206	0.000159	0.000159
0.000159	0.000159	0.000142	0.000142
0.000142	0.000142	0.000124	0.000124
0.000124	0.000124	0.000107	0.000107
0.000107	0.000107	0.000076	0.000076
0.000076	0.000076	0.000069	0.000069
0.000069	0.000069	0.000049	0.000049
0.000049	0.000049	0.000022	0.000022
0.000022	0.000022	0.000007	0.000007
0.000007	0.000007	0.000000	0.000000
0.000000	0.000000	0.000000	0.000000
0.000000	0.000000	0.000000	0.000000
0.000000	0.000000	0.000000	0.000000
0.000000	0.000000	0.000000	0.000000
0.000000	0.000000	0.000000	0.000000
0.000000	0.000000	0.000000	0.000000
0.000000	0.000000	0.000000	0.000000
0.000000	0.000000	0.000000	0.000000
0.000000	0.000000	0.000000	0.000000
0.000000	0.000000	0.000000	0.000000
0.000000	0.000000	0.000000	0.000000
0.000000	0.000000	0.000000	0.000000
0.000000	0.000000	0.000000	0.000000
0.000000	0.000000	0.000000	0.000000
0.000000	0.000000	0.000000	0.000000
0.000000	0.000000	0.000000	0.000000
0.000000	0.000000	0.000000	0.000000
0.000000	0.000000	0.000000	0.000000
0.000000	0.000000	0.000000	0.000000
0.000000	0.000000	0.000000	0.000000
0.000000	0.000000	0.000000	0.000000
0.000000	0.000000	0.000000	0.000000
0.000000	0.000000	0.000000	0.000000
0.000000	0.000000	0.000000	0.000000
0.000000	0.000000	0.000000	0.000000
0.000000	0.000000	0.000000	0.000000
0.000000	0.000000	0.000000	0.000000
0.000000	0.000000	0.000000	0.000000
0.000000	0.000000	0.000000	0.000000
0.000000	0.000000	0.000000	0.000000
0.000000	0.000000	0.000000	0.000000
0.000000	0.000000	0.000000	0.000000
0.000000	0.000000	0.000000	0.000000
0.000000	0.000000	0.000000	0.000000
0.000000	0.000000	0.000000	0.000000
0.000000	0.000000	0.000000	0.000000
0.000000	0.000000	0.000000	0.000000
0.000000	0.000000	0.000000	0.000000
0.000000	0.000000	0.000000	0.000000
0.000000	0.000000	0.000000	0.000000
0.000000	0.000000	0.000000	0.000000
0.000000	0.000000	0.000000	0.000000
0.000000	0.000000	0.000000	0.000000
0.000000	0.000000	0.000000	0.000000
0.000000	0.000000	0.000000	0.000000
0.000000	0.000000	0.000000	0.000000
0.000000	0.000000	0.000000	0.000000
0.000000	0.000000	0.000000	0.000000
0.000000	0.000000	0.000000	0.000000
0.000000	0.000000	0.000000	0.000000
0.000000	0.000000	0.000000	0.000000
0.000000	0.000000	0.000000	0.000000
0.000000	0.000000	0.000000	0.000000
0.000000	0.000000	0.000000	0.000000
0.000000	0.000000	0.000000	0.000000
0.000000	0.000000	0.000000	0.000000
0.000000	0.000000	0.000000	0.000000
0.000000	0.000000	0.000000	0.000000
0.000000	0.000000	0.000000	0.000000
0.000000	0.000000	0.000000	0.000000
0.000000	0.000000	0.000000	0.000000
0.000000	0.000000	0.000000	0.000000
0.000000	0.000000	0.000000	0.000000
0.000000	0.000000	0.000000	0.000000
0.000000	0.000000	0.000000	0.000000
0.000000	0.000000	0.000000	0.000000
0.000000	0.000000	0.000000	0.000000
0.000000	0.000000	0.000000	0.000000
0.000000	0.000000	0.000000	0.000000
0.000000	0.000000	0.000000	0.000000
0.000000	0.000000	0.000000	0.000000
0.000000	0.000000	0.000000	0.000000
0.000000	0.000000	0.000000	0.000000
0.000000	0.000000	0.000000	0.000000
0.000000	0.000000	0.000000	0.000000
0.000000	0.000000	0.000000	0.000000
0.000000	0.000000	0.000000	0.000000
0.000000	0.000000	0.000000	0.000000
0.000000	0.000000	0.000000	0.000000
0.000000	0.000000	0.000000	0.000000
0.000000	0.000000	0.000000	0.000000
0.000000	0.000000	0.000000	0.000000
0.000000	0.000000	0.000000	0.000000
0.000000	0.000000	0.000000	0.000000
0.000000	0.000000	0.000000	0.000000
0.000000	0.000000	0.000000	0.000000
0.000000	0.000000	0.000000	0.000000
0.000000	0.000000	0.000000	0.000000
0.000000	0.000000	0.000000	0.000000
0.000000	0.000000	0.000000	0.000000
0.000000	0.000000	0.000000	0.000000
0.000000	0.000000	0.000000	0.000000
0.000000	0.000000	0.000000	0.000000
0.000000	0.000000	0.000000	0.000000
0.000000	0.000000	0.000000	0.000000
0.000000	0.000000	0.000000	0.000000
0.000000	0.000000	0.000000	0.000000
0.000000	0.000000	0.000000	0.000000
0.000000	0.000000	0.000000	0.000000
0.000000	0.000000	0.000000	0.000000
0.000000	0.000000	0.000000	0.000000
0.000000	0.000000	0.000000	0.000000
0.000000	0.000000	0.000000	0.000000
0.000000	0.000000	0.000000	0.000000
0.000000	0.000000	0.000000	0.000000
0.000000	0.000000	0.000000	0.000000
0.000000	0.000000	0.000000	0.000000
0.000000	0.000000	0.000000	0.000000
0.000000	0.000000	0.000000	0.000000
0.000000	0.000000	0.000000	0.000000
0.000000	0.000000	0.000000	0.000000
0.000000	0.000000	0.000000	0.000000
0.000000	0.000000	0.000000	0.000000
0.349895	0.400184	0.458460	0.406828
0.458460	0.406828	0.512670	0.430280
0.512670	0.430280	0.533304	0.453708
0.533304	0.453708	0.540131	0.475777
0.540131	0.475777	0.537626	0.489034
0.537626	0.489034	0.527758	0.491774
0.527758	0.491774	0.512147	0.485233
0.512147	0.485233	0.491882	0.472054
0.491882	0.472054	0.468812	0.453989
0.468812	0.453989	0.444847	0.433715
0.444847	0.433715	0.419895	0.411394
0.419895	0.411394	0.394687	0.388294
0.394687	0.388294	0.367551	0.362665
0.367551	0.362665	0.342203	0.338540
0.342203	0.338540	0.317695	0.314934
0.317695	0.314934	0.293502	0.291323
0.293502	0.291323	0.270605	0.268922
0.270605	0.268922	0.247677	0.246272
0.247677	0.246272	0.226329	0.225227
0.226329	0.225227	0.205662	0.204906
0.205662	0.204906	0.186006	0.185512
0.186006	0.185512	0.168205	0.167951
0.168205	0.167951	0.151828	0.151719
0.151828	0.151719	0.136694	0.136615
0.136694	0.136615	0.121908	0.121918
0.121908	0.121918	0.108412	0.108463
0.108412	0.108463	0.095806	0.095895
0.095806	0.095895	0.084566	0.084640
0.084566	0.084640	0.074405	0.074513
0.074405	0.074513	0.064894	0.065006
0.064894	0.065006	0.056792	0.056945
0.056792	0.056945	0.050011	0.050143
0.050011	0.050143	0.043238	0.043351
0.043238	0.043351	0.037170	0.037289
0.037170	0.037289	0.032188	0.032302
0.032188	0.032302	0.027327	0.027450
0.027327	0.027450	0.023555	0.023662
0.023555	0.023662	0.020171	0.020257
0.020171	0.020257	0.017294	0.017370
0.017294	0.017370	0.014980	0.015085
0.014980	0.015085	0.012586	0.012709
0.012586	0.012709	0.010647	0.010755
0.010647	0.010755	0.008957	0.009092
0.008957	0.009092	0.007677	0.007853
0.007677	0.007853	0.006397	0.006527
0.006397	0.006527	0.005480	0.005629
0.005480	0.005629	0.004785	0.004931
0.004785	0.004931	0.004142	0.004261
0.004142	0.004261	0.003572	0.003676
0.003572	0.003676	0.003070	0.003191
0.003070	0.003191	0.002702	0.002818
0.002702	0.002818	0.002300	0.002381
0.002300	0.002381	0.001895	0.001991
0.001895	0.001991	0.001583	0.001684
0.001583	0.001684	0.001336	0.001414
0.001336	0.001414	0.001104	0.001186
0.001104	0.001186	0.000934	0.001013
0.000934	0.001013	0.000894	0.000963
0.000894	0.000963	0.000709	0.000801
0.000709	0.000801	0.000554	0.000634
0.000554	0.000634	0.000508	0.000587
0.000508	0.000587	0.000409	0.000472
0.000409	0.000472	0.000359	0.000435
0.000359	0.000435	0.000268	0.000319
0.000268	0.000319	0.000232	0.000274
0.000232	0.000274	0.000191	0.000236
0.000191	0.000236	0.000168	0.000229
0.000168	0.000229	0.000124	0.000201
0.000124	0.000201	0.000096	0.000172
0.000096	0.000172	0.000066	0.000149
0.000066	0.000149	0.000036	0.000093
0.000036	0.000093	0.000027	0.000090
0.000027	0.000090	0.000014	0.000089
0.000014	0.000089	0.000001	0.000092
0.000001	0.000092	0.000000	0.000120
0.000000	0.000120	0.000000	0.000150
0.000000	0.000150	0.000000	0.000192
0.000000	0.000192	0.000000	0.000177
0.000000	0.000177	0.000000	0.000187
0.000000	0.000187	0.000000	0.000198
0.000000	0.000198	0.000000	0.000195
0.000000	0.000195	0.000000	0.000190
0.000000	0.000190	0.000000	0.000172
0.000000	0.000172	0.000000	0.000199
0.000000	0.000199	0.000000	0.000169
0.000000	0.000169	0.000000	0.000129
0.000000	0.000129	0.000000	0.000139
0.000000	0.000139	0.000000	0.000126
0.000000	0.000126	0.000000	0.000115
0.000000	0.000115	0.000000	0.000088
0.000000	0.000088	0.000000	0.000115
0.000000	0.000115	0.000000	0.000128
0.000000	0.000128	0.000000	0.000151
0.000000	0.000151	0.000000	0.000131
0.000000	0.000131	0.000000	0.000111
0.000000	0.000111	0.000000	0.000051
0.000000	0.000051	0.000000	0.000052
0.000000	0.000052	0.000000	0.000061
0.000000	0.000061	0.000000	0.000070
0.000000	0.000070	0.000000	0.000043
0.000000	0.000043	0.000000	0.000034
0.000000	0.000034	0.000000	0.000043
0.000000	0.000043	0.000000	0.000047
0.000000	0.000047	0.000000	0.000042
0.000000	0.000042	0.000000	0.000032
0.000000	0.000032	0.000000	0.000035
0.000000	0.000035	0.000000	0.000034
0.000000	0.000034	0.000000	0.000058
0.000000	0.000058	0.000000	0.000073
0.000000	0.000073	0.000000	0.000039
0.000000	0.000039	0.000000	0.000044
0.000000	0.000044	0.000000	0.000030
0.000000	0.000030	0.000000	0.000038
0.000000	0.000038	0.000000	0.000058
0.000000	0.000058	0.000000	0.000062
0.000000	0.000062	0.000000	0.000072
0.000000	0.000072	0.000000	0.000048
0.000000	0.000048	0.000000	0.000031
0.000000	0.000031	0.000000	0.000048
0.000000	0.000048	0.000000	0.000047
0.000000	0.000047	0.000000	0.000037
0.000000	0.000037	0.000000	0.000043
0.000000	0.000043	0.000000	0.000039
0.000000	0.000039	0.000000	0.000018
0.000000	0.000018	0.000000	0.000030
0.000000	0.000030	0.000000	0.000025
0.000000	0.000025	0.000000	0.000020
0.000000	0.000020	0.000000	0.000015
0.000000	0.000015	0.000000	0.000020
0.000000	0.000020	0.000000	0.000026
0.000000	0.000026	0.000000	0.000049
0.000000	0.000049	0.000000	0.000042
0.000000	0.000042	0.000000	0.000053
0.000000	0.000053	0.000000	0.000040
0.000000	0.000040	0.000000	0.000027
0.000000	0.000027	0.000000	0.000027
0.000000	0.000027	0.000000	0.000039
0.000000	0.000039	0.000000	0.000044
0.000000	0.000044	0.000000	0.000045
0.000000	0.000045	0.000000	0.000036
0.000000	0.000036	0.000000	0.000030
0.000000	0.000030	0.000000	0.000014
0.000000	0.000014	0.000000	0.000025
0.000000	0.000025	0.000000	0.000006
0.000000	0.000006	0.000000	0.000005
0.000000	0.000005	0.000000	0.000000
0.000000	0.000000	0.000000	0.000000
0.000000	0.000000	0.000000	0.000000
0.000000	0.000000	0.000000	0.000000
0.000000	0.000000	0.000000	0.000000
0.000000	0.000000	0.000000	0.000000
0.000000	0.000000	0.000000	0.000000
0.000000	0.000000	0.000000	0.000000
0.000000	0.000000	0.000000	0.000000
0.000000	0.000000	0.000000	0.000000
0.000000	0.000000	0.000000	0.000000
0.000000	0.000000	0.000000	0.000000
0.000000	0.000000	0.000000	0.000000
0.000000	0.000000	0.000000	0.000000
0.000000	0.000000	0.000000	0.000000
0.000000	0.000000	0.000000	0.000000
0.000000	0.000000	0.000000	0.000000
0.000000	0.000000	0.000000	0.000000
0.000000	0.000000	0.000000	0.000000
0.000000	0.000000	0.000000	0.000000
0.000000	0.000000	0.000000	0.000000
0.000000	0.000000	0.000000	0.000000
0.000000	0.000000	0.000000	0.000000
0.000000	0.000000	0.000000	0.000000
0.000000	0.000000	0.000000	0.000000
0.000000	0.000000	0.000000	0.000000
0.000000	0.000000	0.000000	0.000000
0.000000	0.000000	0.000000	0.000000
0.000000	0.000000	0.000000	0.000000
0.000000	0.000000	0.000000	0.000000
0.000000	0.000000	0.000000	0.000000
0.000000	0.000000	0.000000	0.000000
0.000000	0.000000	0.000000	0.000000
0.000000	0.000000	0.000000	0.000000
0.000000	0.000000	0.000000	0.000000
0.000000	0.000000	0.000000	0.000000
0.000000	0.000000	0.000000	0.000000
0.000000	0.000000	0.000000	0.000000
0.000000	0.000000	0.000000	0.000000
0.000000	0.000000	0.000000	0.000000
0.000000	0.000000	0.000000	0.000000
0.000000	0.000000	0.000000	0.000000
0.000000	0.000000	0.000000	0.000000
0.000000	0.000000	0.000000	0.000000
0.000000	0.000000	0.000000	0.000000
0.000000	0.000000	0.000000	0.000000
0.000000	0.000000	0.000000	0.000000
0.000000	0.000000	0.000000	0.000000
0.000000	0.000000	0.000000	0.000000
0.000000	0.000000	0.000000	0.000000
0.000000	0.000000	0.000000	0.000000
0.000000	0.000000	0.000000	0.000000
0.000000	0.000000	0.000000	0.000000
0.000000	0.000000	0.000000	0.000000
0.348542	0.350532	0.364756	0.351241
0.364756	0.351241	0.377517	0.360459
0.377517	0.360459	0.386803	0.370746
0.386803	0.370746	0.391349	0.380941
0.391349	0.380941	0.389122	0.383271
0.389122	0.383271	0.384518	0.381154
0.384518	0.381154	0.375374	0.373273
0.375374	0.373273	0.360600	0.359824
0.360600	0.359824	0.341171	0.341061
0.341171	0.341061	0.320103	0.320328
0.320103	0.320328	0.299292	0.299931
0.299292	0.299931	0.276392	0.277230
0.276392	0.277230	0.254454	0.255389
0.254454	0.255389	0.232760	0.233791
0.232760	0.233791	0.211726	0.212788
0.211726	0.212788	0.191920	0.192932
0.191920	0.192932	0.173512	0.174409
0.173512	0.174409	0.155163	0.155925
0.155163	0.155925	0.137904	0.138685
0.137904	0.138685	0.122101	0.122821
0.122101	0.122821	0.107904	0.108698
0.107904	0.108698	0.094445	0.095258
0.094445	0.095258	0.083285	0.084025
0.083285	0.084025	0.072659	0.073439
0.072659	0.073439	0.062430	0.063143
0.062430	0.063143	0.053567	0.054334
0.053567	0.054334	0.045632	0.046385
0.045632	0.046385	0.039095	0.039715
0.039095	0.039715	0.033306	0.033957
0.033306	0.033957	0.027851	0.028417
0.027851	0.028417	0.023530	0.024151
0.023530	0.024151	0.019604	0.020258
0.019604	0.020258	0.016350	0.017052
0.016350	0.017052	0.013751	0.014396
0.013751	0.014396	0.011537	0.012111
0.011537	0.012111	0.009403	0.009928
0.009403	0.009928	0.007831	0.008356
0.007831	0.008356	0.006405	0.006976
0.006405	0.006976	0.004995	0.005552
0.004995	0.005552	0.003979	0.004626
0.003979	0.004626	0.003211	0.003896
0.003211	0.003896	0.002483	0.003213
0.002483	0.003213	0.001949	0.002645
0.001949	0.002645	0.001568	0.002227
0.001568	0.002227	0.001246	0.001953
0.001246	0.001953	0.001025	0.001757
0.001025	0.001757	0.000768	0.001609
0.000768	0.001609	0.000528	0.001390
0.000528	0.001390	0.000343	0.001140
0.000343	0.001140	0.000226	0.001050
0.000226	0.001050	0.000112	0.000918
0.000112	0.000918	0.000058	0.000780
0.000058	0.000780	0.000028	0.000728
0.000028	0.000728	0.000047	0.000797
0.000047	0.000797	0.000054	0.000750
0.000054	0.000750	0.000071	0.000780
0.000071	0.000780	0.000060	0.000826
0.000060	0.000826	0.000054	0.000820
0.000054	0.000820	0.000048	0.000859
0.000048	0.000859	0.000061	0.000809
0.000061	0.000809	0.000040	0.000769
0.000040	0.000769	0.000020	0.000707
0.000020	0.000707	0.000008	0.000768
0.000008	0.000768	0.000002	0.000799
0.000002	0.000799	0.000000	0.000893
0.000000	0.000893	0.000000	0.000873
0.000000	0.000873	0.000000	0.000799
0.000000	0.000799	0.000000	0.000811
0.000000	0.000811	0.000000	0.000849
0.000000	0.000849	0.000000	0.000761
0.000000	0.000761	0.000000	0.000805
0.000000	0.000805	0.000000	0.000881
0.000000	0.000881	0.000000	0.000892
0.000000	0.000892	0.000000	0.000908
0.000000	0.000908	0.000000	0.000920
0.000000	0.000920	0.000000	0.001055
0.000000	0.001055	0.000000	0.001080
0.000000	0.001080	0.000000	0.001024
0.000000	0.001024	0.000000	0.001159
0.000000	0.001159	0.000000	0.001134
0.000000	0.001134	0.000000	0.001060
0.000000	0.001060	0.000000	0.001029
0.000000	0.001029	0.000000	0.001104
0.000000	0.001104	0.000000	0.000981
0.000000	0.000981	0.000000	0.000976
0.000000	0.000976	0.000000	0.001044
0.000000	0.001044	0.000000	0.001054
0.000000	0.001054	0.000000	0.001088
0.000000	0.001088	0.000000	0.001015
0.000000	0.001015	0.000000	0.000925
0.000000	0.000925	0.000000	0.000934
0.000000	0.000934	0.000000	0.000920
0.000000	0.000920	0.000000	0.000880
0.000000	0.000880	0.000000	0.000900
0.000000	0.000900	0.000000	0.000969
0.000000	0.000969	0.000000	0.001035
0.000000	0.001035	0.000000	0.000947
0.000000	0.000947	0.000000	0.000936
0.000000	0.000936	0.000000	0.000890
0.000000	0.000890	0.000000	0.000985
0.000000	0.000985	0.000000	0.001014
0.000000	0.001014	0.000000	0.001068
0.000000	0.001068	0.000000	0.001101
0.000000	0.001101	0.000000	0.001013
0.000000	0.001013	0.000000	0.000942
0.000000	0.000942	0.000000	0.000966
0.000000	0.000966	0.000000	0.001024
0.000000	0.001024	0.000000	0.001137
0.000000	0.001137	0.000000	0.001147
0.000000	0.001147	0.000000	0.001091
0.000000	0.001091	0.000000	0.001133
0.000000	0.001133	0.000000	0.001166
0.000000	0.001166	0.000000	0.001132
0.000000	0.001132	0.000000	0.001139
0.000000	0.001139	0.000000	0.001294
0.000000	0.001294	0.000000	0.001167
0.000000	0.001167	0.000000	0.001159
0.000000	0.001159	0.000000	0.001161
0.000000	0.001161	0.000000	0.001191
0.000000	0.001191	0.000000	0.001283
0.000000	0.001283	0.000000	0.001247
0.000000	0.001247	0.000000	0.001213
0.000000	0.001213	0.000000	0.001234
0.000000	0.001234	0.000000	0.001299
0.000000	0.001299	0.000000	0.001241
0.000000	0.001241	0.000000	0.001392
0.000000	0.001392	0.000000	0.001319
0.000000	0.001319	0.000000	0.001412
0.000000	0.001412	0.000000	0.001345
0.000000	0.001345	0.000000	0.001315
0.000000	0.001315	0.000000	0.001269
0.000000	0.001269	0.000000	0.001269
0.000000	0.001269	0.000000	0.001364
0.000000	0.001364	0.000000	0.001344
0.000000	0.001344	0.000000	0.001335
0.000000	0.001335	0.000000	0.001440
0.000000	0.001440	0.000000	0.001382
0.000000	0.001382	0.000000	0.001409
0.000000	0.001409	0.000000	0.001457
0.000000	0.001457	0.000000	0.001426
0.000000	0.001426	0.000000	0.001437
0.000000	0.001437	0.000000	0.001494
0.000000	0.001494	0.000000	0.001481
0.000000	0.001481	0.000000	0.001476
0.000000	0.001476	0.000000	0.001529
0.000000	0.001529	0.000000	0.001619
0.000000	0.001619	0.000000	0.001674
0.000000	0.001674	0.000000	0.001678
0.000000	0.001678	0.000000	0.001724
0.000000	0.001724	0.000000	0.001945
0.000000	0.001945	0.000000	0.002045
0.000000	0.002045	0.000000	0.002168
0.000000	0.002168	0.000000	0.002267
0.000000	0.002267	0.000000	0.002198
0.000000	0.002198	0.000000	0.002286
0.000000	0.002286	0.000000	0.002488
0.000000	0.002488	0.000000	0.002582
0.000000	0.002582	0.000000	0.002695
0.000000	0.002695	0.000000	0.002716
0.000000	0.002716	0.000000	0.002637
0.000000	0.002637	0.000000	0.002627
0.000000	0.002627	0.000000	0.002441
0.000000	0.002441	0.000000	0.002457
0.000000	0.002457	0.000000	0.002418
0.000000	0.002418	0.000000	0.002381
0.000000	0.002381	0.000000	0.002358
0.000000	0.002358	0.000000	0.002436
0.000000	0.002436	0.000000	0.002414
0.000000	0.002414	0.000000	0.002349
0.000000	0.002349	0.000000	0.002458
0.000000	0.002458	0.000000	0.002353
0.000000	0.002353	0.000000	0.002396
0.000000	0.002396	0.000000	0.002395
0.000000	0.002395	0.000000	0.002337
0.000000	0.002337	0.000000	0.002405
0.000000	0.002405	0.000000	0.002369
0.000000	0.002369	0.000000	0.002537
0.000000	0.002537	0.000000	0.002580
0.000000	0.002580	0.000000	0.002666
0.000000	0.002666	0.000000	0.002630
0.000000	0.002630	0.000000	0.002773
0.000000	0.002773	0.000000	0.002745
0.000000	0.002745	0.000000	0.002863
0.000000	0.002863	0.000000	0.002798
0.000000	0.002798	0.000000	0.002784
0.000000	0.002784	0.000000	0.002711
0.000000	0.002711	0.000000	0.002696
0.000000	0.002696	0.000000	0.002740
0.000000	0.002740	0.000000	0.002624
0.000000	0.002624	0.000000	0.002699
0.000000	0.002699	0.000000	0.002678
0.000000	0.002678	0.000000	0.002622
0.000000	0.002622	0.000000	0.002611
0.000000	0.002611	0.000000	0.002687
0.000000	0.002687	0.000000	0.002331
0.000000	0.002331	0.000000	0.002314
0.000000	0.002314	0.000000	0.002368
0.000000	0.002368	0.000000	0.002274
0.000000	0.002274	0.000000	0.002226
0.349759	0.299853	0.277069	0.294610
0.277069	0.294610	0.258925	0.292114
0.258925	0.292114	0.259064	0.291528
0.259064	0.291528	0.264864	0.292320
0.264864	0.292320	0.270366	0.292760
0.270366	0.292760	0.268559	0.285331
0.268559	0.285331	0.262649	0.276444
0.262649	0.276444	0.252552	0.263705
0.252552	0.263705	0.239353	0.249044
0.239353	0.249044	0.225021	0.233345
0.225021	0.233345	0.209381	0.216691
0.209381	0.216691	0.192313	0.198570
0.192313	0.198570	0.174570	0.180246
0.174570	0.180246	0.158842	0.164100
0.158842	0.164100	0.142813	0.147611
0.142813	0.147611	0.127815	0.132149
0.127815	0.132149	0.113311	0.117263
0.113311	0.117263	0.099659	0.103560
0.099659	0.103560	0.087764	0.091465
0.087764	0.091465	0.076504	0.080162
0.076504	0.080162	0.066535	0.070207
0.066535	0.070207	0.056972	0.060387
0.056972	0.060387	0.049023	0.052282
0.049023	0.052282	0.042397	0.045503
0.042397	0.045503	0.036431	0.039376
0.036431	0.039376	0.030796	0.033650
0.030796	0.033650	0.026024	0.028830
0.026024	0.028830	0.022176	0.024893
0.022176	0.024893	0.018676	0.021286
0.018676	0.021286	0.015988	0.018508
0.015988	0.018508	0.013520	0.016150
0.013520	0.016150	0.011473	0.013961
0.011473	0.013961	0.009931	0.012434
0.009931	0.012434	0.008209	0.010589
0.008209	0.010589	0.006880	0.009165
0.006880	0.009165	0.005851	0.008088
0.005851	0.008088	0.004810	0.007080
0.004810	0.007080	0.003879	0.006127
0.003879	0.006127	0.003247	0.005254
0.003247	0.005254	0.002437	0.004469
0.002437	0.004469	0.001846	0.003964
0.001846	0.003964	0.001376	0.003689
0.001376	0.003689	0.001062	0.003248
0.001062	0.003248	0.000781	0.003030
0.000781	0.003030	0.000591	0.002916
0.000591	0.002916	0.000415	0.002742
0.000415	0.002742	0.000270	0.002693
0.000270	0.002693	0.000198	0.002609
0.000198	0.002609	0.000193	0.002505
0.000193	0.002505	0.000182	0.002534
0.000182	0.002534	0.000149	0.002595
0.000149	0.002595	0.000127	0.002478
0.000127	0.002478	0.000112	0.002423
0.000112	0.002423	0.000112	0.002564
0.000112	0.002564	0.000087	0.002393
0.000087	0.002393	0.000052	0.002419
0.000052	0.002419	0.000028	0.002456
0.000028	0.002456	0.000024	0.002441
0.000024	0.002441	0.000030	0.002361
0.000030	0.002361	0.000023	0.002231
0.000023	0.002231	0.000019	0.002237
0.000019	0.002237	0.000010	0.002089
0.000010	0.002089	0.000001	0.001930
0.000001	0.001930	0.000000	0.001858
0.000000	0.001858	0.000000	0.001816
0.000000	0.001816	0.000000	0.001939
0.000000	0.001939	0.000000	0.002037
0.000000	0.002037	0.000000	0.001949
0.000000	0.001949	0.000000	0.001940
0.000000	0.001940	0.000000	0.001949
0.000000	0.001949	0.000000	0.001943
0.000000	0.001943	0.000000	0.001913
0.000000	0.001913	0.000000	0.001875
0.000000	0.001875	0.000000	0.001921
0.000000	0.001921	0.000000	0.001853
0.000000	0.001853	0.000000	0.001881
0.000000	0.001881	0.000000	0.001844
0.000000	0.001844	0.000000	0.001879
0.000000	0.001879	0.000000	0.002007
0.000000	0.002007	0.000000	0.002082
0.000000	0.002082	0.000000	0.002026
0.000000	0.002026	0.000000	0.002048
0.000000	0.002048	0.000000	0.002090
0.000000	0.002090	0.000000	0.001947
0.000000	0.001947	0.000000	0.001952
0.000000	0.001952	0.000000	0.002079
0.000000	0.002079	0.000000	0.002132
0.000000	0.002132	0.000000	0.002098
0.000000	0.002098	0.000000	0.002122
0.000000	0.002122	0.000000	0.002197
0.000000	0.002197	0.000000	0.002142
0.000000	0.002142	0.000000	0.002252
0.000000	0.002252	0.000000	0.002212
0.000000	0.002212	0.000000	0.002307
0.000000	0.002307	0.000000	0.002174
0.000000	0.002174	0.000000	0.002195
0.000000	0.002195	0.000000	0.001976
0.000000	0.001976	0.000000	0.001989
0.000000	0.001989	0.000000	0.002042
0.000000	0.002042	0.000000	0.002216
0.000000	0.002216	0.000000	0.002183
0.000000	0.002183	0.000000	0.002309
0.000000	0.002309	0.000000	0.002462
0.000000	0.002462	0.000000	0.002504
0.000000	0.002504	0.000000	0.002440
0.000000	0.002440	0.000000	0.002392
0.000000	0.002392	0.000000	0.002280
0.000000	0.002280	0.000000	0.002342
0.000000	0.002342	0.000000	0.002204
0.000000	0.002204	0.000000	0.002161
0.000000	0.002161	0.000000	0.002133
0.000000	0.002133	0.000000	0.002254
0.000000	0.002254	0.000000	0.002226
0.000000	0.002226	0.000000	0.002383
0.000000	0.002383	0.000000	0.002421
0.000000	0.002421	0.000000	0.002420
0.000000	0.002420	0.000000	0.002323
0.000000	0.002323	0.000000	0.002353
0.000000	0.002353	0.000000	0.002418
0.000000	0.002418	0.000000	0.002364
0.000000	0.002364	0.000000	0.002421
0.000000	0.002421	0.000000	0.002311
0.000000	0.002311	0.000000	0.002271
0.000000	0.002271	0.000000	0.002572
0.000000	0.002572	0.000000	0.002636
0.000000	0.002636	0.000000	0.002626
0.000000	0.002626	0.000000	0.002738
0.000000	0.002738	0.000000	0.002833
0.000000	0.002833	0.000000	0.002917
0.000000	0.002917	0.000000	0.002949
0.000000	0.002949	0.000000	0.002925
0.000000	0.002925	0.000000	0.002815
0.000000	0.002815	0.000000	0.002869
0.000000	0.002869	0.000000	0.002778
0.000000	0.002778	0.000000	0.002684
0.000000	0.002684	0.000000	0.002479
0.000000	0.002479	0.000000	0.002461
0.000000	0.002461	0.000000	0.002487
0.000000	0.002487	0.000000	0.002472
0.000000	0.002472	0.000000	0.002494
0.000000	0.002494	0.000000	0.002426
0.000000	0.002426	0.000000	0.002448
0.000000	0.002448	0.000000	0.002505
0.000000	0.002505	0.000000	0.002529
0.000000	0.002529	0.000000	0.002578
0.000000	0.002578	0.000000	0.002442
0.000000	0.002442	0.000000	0.002351
0.000000	0.002351	0.000000	0.002369
0.000000	0.002369	0.000000	0.002223
0.000000	0.002223	0.000000	0.002216
0.000000	0.002216	0.000000	0.002021
0.000000	0.002021	0.000000	0.002094
0.000000	0.002094	0.000000	0.001955
0.000000	0.001955	0.000000	0.001808
0.000000	0.001808	0.000000	0.001800
0.000000	0.001800	0.000000	0.001777
0.000000	0.001777	0.000000	0.001709
0.000000	0.001709	0.000000	0.001692
0.000000	0.001692	0.000000	0.001766
0.000000	0.001766	0.000000	0.001869
0.000000	0.001869	0.000000	0.001927
0.000000	0.001927	0.000000	0.002052
0.000000	0.002052	0.000000	0.002033
0.000000	0.002033	0.000000	0.002162
0.000000	0.002162	0.000000	0.002176
0.000000	0.002176	0.000000	0.002126
0.000000	0.002126	0.000000	0.002200
0.000000	0.002200	0.000000	0.002148
0.000000	0.002148	0.000000	0.002235
0.000000	0.002235	0.000000	0.002243
0.000000	0.002243	0.000000	0.002294
0.000000	0.002294	0.000000	0.002119
0.000000	0.002119	0.000000	0.002099
0.000000	0.002099	0.000000	0.001979
0.000000	0.001979	0.000000	0.002024
0.000000	0.002024	0.000000	0.001937
0.000000	0.001937	0.000000	0.001943
0.000000	0.001943	0.000000	0.002013
0.000000	0.002013	0.000000	0.002085
0.000000	0.002085	0.000000	0.002090
0.000000	0.002090	0.000000	0.001847
0.000000	0.001847	0.000000	0.001869
0.000000	0.001869	0.000000	0.001736
0.000000	0.001736	0.000000	0.001801
0.000000	0.001801	0.000000	0.001785
0.000000	0.001785	0.000000	0.001782
0.000000	0.001782	0.000000	0.001895
0.000000	0.001895	0.000000	0.001887
0.000000	0.001887	0.000000	0.001963
0.000000	0.001963	0.000000	0.002055
0.000000	0.002055	0.000000	0.002055
0.000000	0.002055	0.000000	0.002018
0.000000	0.002018	0.000000	0.002134
0.000000	0.002134	0.000000	0.002135
0.000000	0.002135	0.000000	0.002105
0.000000	0.002105	0.000000	0.002169
0.000000	0.002169	0.000000	0.002227
0.000000	0.002227	0.000000	0.002282
0.000000	0.002282	0.000000	0.002316
0.349505	0.250479	0.203613	0.242694
0.203613	0.242694	0.164375	0.231284
0.164375	0.231284	0.162310	0.227008
0.162310	0.227008	0.167610	0.221934
0.167610	0.221934	0.173624	0.218366
0.173624	0.218366	0.174998	0.211718
0.174998	0.211718	0.170033	0.199780
0.170033	0.199780	0.162167	0.187824
0.162167	0.187824	0.152655	0.174911
0.152655	0.174911	0.142635	0.162324
0.142635	0.162324	0.131594	0.148925
0.131594	0.148925	0.120989	0.136471
0.120989	0.136471	0.110373	0.124850
0.110373	0.124850	0.100818	0.114659
0.100818	0.114659	0.091055	0.104288
0.091055	0.104288	0.081439	0.093922
0.081439	0.093922	0.071704	0.083383
0.071704	0.083383	0.063307	0.074456
0.063307	0.074456	0.055718	0.066295
0.055718	0.066295	0.047675	0.058198
0.047675	0.058198	0.041614	0.051864
0.041614	0.051864	0.036314	0.046212
0.036314	0.046212	0.031438	0.040977
0.031438	0.040977	0.027437	0.037004
0.027437	0.037004	0.023702	0.032933
0.023702	0.032933	0.020247	0.029313
0.020247	0.029313	0.017111	0.025931
0.017111	0.025931	0.014494	0.023504
0.014494	0.023504	0.011958	0.021277
0.011958	0.021277	0.009526	0.018655
0.009526	0.018655	0.007809	0.016790
0.007809	0.016790	0.006560	0.015882
0.006560	0.015882	0.005531	0.014952
0.005531	0.014952	0.004554	0.013995
0.004554	0.013995	0.003929	0.013403
0.003929	0.013403	0.003134	0.012510
0.003134	0.012510	0.002481	0.011855
0.002481	0.011855	0.001810	0.011116
0.001810	0.011116	0.001340	0.010849
0.001340	0.010849	0.001126	0.010478
0.001126	0.010478	0.000931	0.010320
0.000931	0.010320	0.000674	0.010086
0.000674	0.010086	0.000559	0.010072
0.000559	0.010072	0.000463	0.009954
0.000463	0.009954	0.000389	0.010043
0.000389	0.010043	0.000271	0.009856
0.000271	0.009856	0.000198	0.009977
0.000198	0.009977	0.000133	0.009778
0.000133	0.009778	0.000082	0.009778
0.000082	0.009778	0.000091	0.009820
0.000091	0.009820	0.000052	0.009709
0.000052	0.009709	0.000020	0.009539
0.000020	0.009539	0.000004	0.009325
0.000004	0.009325	0.000002	0.009657
0.000002	0.009657	0.000000	0.009859
0.000000	0.009859	0.000000	0.009805
0.000000	0.009805	0.000000	0.009628
0.000000	0.009628	0.000000	0.009465
0.000000	0.009465	0.000000	0.009230
0.000000	0.009230	0.000000	0.009657
0.000000	0.009657	0.000000	0.009407
0.000000	0.009407	0.000000	0.009390
0.000000	0.009390	0.000000	0.009424
0.000000	0.009424	0.000000	0.009196
0.000000	0.009196	0.000000	0.009045
0.000000	0.009045	0.000000	0.009036
0.000000	0.009036	0.000000	0.009335
0.000000	0.009335	0.000000	0.009388
0.000000	0.009388	0.000000	0.009377
0.000000	0.009377	0.000000	0.009182
0.000000	0.009182	0.000000	0.009064
0.000000	0.009064	0.000000	0.009232
0.000000	0.009232	0.000000	0.009367
0.000000	0.009367	0.000000	0.009086
0.000000	0.009086	0.000000	0.008941
0.000000	0.008941	0.000000	0.008911
0.000000	0.008911	0.000000	0.009037
0.000000	0.009037	0.000000	0.009089
0.000000	0.009089	0.000000	0.008986
0.000000	0.008986	0.000000	0.008520
0.000000	0.008520	0.000000	0.008333
0.000000	0.008333	0.000000	0.008293
0.000000	0.008293	0.000000	0.008073
0.000000	0.008073	0.000000	0.008101
0.000000	0.008101	0.000000	0.008298
0.000000	0.008298	0.000000	0.008291
0.000000	0.008291	0.000000	0.008267
0.000000	0.008267	0.000000	0.008703
0.000000	0.008703	0.000000	0.008814
0.000000	0.008814	0.000000	0.008876
0.000000	0.008876	0.000000	0.008665
0.000000	0.008665	0.000000	0.008488
0.000000	0.008488	0.000000	0.008757
0.000000	0.008757	0.000000	0.008793
0.000000	0.008793	0.000000	0.009039
0.000000	0.009039	0.000000	0.009006
0.000000	0.009006	0.000000	0.008896
0.000000	0.008896	0.000000	0.008601
0.000000	0.008601	0.000000	0.008748
0.000000	0.008748	0.000000	0.008952
0.000000	0.008952	0.000000	0.008826
0.000000	0.008826	0.000000	0.008537
0.000000	0.008537	0.000000	0.008916
0.000000	0.008916	0.000000	0.009117
0.000000	0.009117	0.000000	0.009082
0.000000	0.009082	0.000000	0.008951
0.000000	0.008951	0.000000	0.008568
0.000000	0.008568	0.000000	0.008379
0.000000	0.008379	0.000000	0.008402
0.000000	0.008402	0.000000	0.008346
0.000000	0.008346	0.000000	0.008299
0.000000	0.008299	0.000000	0.008201
0.000000	0.008201	0.000000	0.008343
0.000000	0.008343	0.000000	0.008291
0.000000	0.008291	0.000000	0.008053
0.000000	0.008053	0.000000	0.007902
0.000000	0.007902	0.000000	0.007944
0.000000	0.007944	0.000000	0.007760
0.000000	0.007760	0.000000	0.007664
0.000000	0.007664	0.000000	0.007606
0.000000	0.007606	0.000000	0.007627
0.000000	0.007627	0.000000	0.007649
0.000000	0.007649	0.000000	0.007862
0.000000	0.007862	0.000000	0.007940
0.000000	0.007940	0.000000	0.007915
0.000000	0.007915	0.000000	0.007917
0.000000	0.007917	0.000000	0.007991
0.000000	0.007991	0.000000	0.008239
0.000000	0.008239	0.000000	0.008433
0.000000	0.008433	0.000000	0.008315
0.000000	0.008315	0.000000	0.008430
0.000000	0.008430	0.000000	0.008163
0.000000	0.008163	0.000000	0.007995
0.000000	0.007995	0.000000	0.007756
0.000000	0.007756	0.000000	0.007853
0.000000	0.007853	0.000000	0.007516
0.000000	0.007516	0.000000	0.007523
0.000000	0.007523	0.000000	0.007493
0.000000	0.007493	0.000000	0.007349
0.000000	0.007349	0.000000	0.007308
0.000000	0.007308	0.000000	0.007277
0.000000	0.007277	0.000000	0.007048
0.000000	0.007048	0.000000	0.007399
0.000000	0.007399	0.000000	0.007353
0.000000	0.007353	0.000000	0.007626
0.000000	0.007626	0.000000	0.007504
0.000000	0.007504	0.000000	0.007533
0.000000	0.007533	0.000000	0.007575
0.000000	0.007575	0.000000	0.007409
0.000000	0.007409	0.000000	0.007572
0.000000	0.007572	0.000000	0.007753
0.000000	0.007753	0.000000	0.007655
0.000000	0.007655	0.000000	0.007713
0.000000	0.007713	0.000000	0.007929
0.000000	0.007929	0.000000	0.007870
0.000000	0.007870	0.000000	0.007941
0.000000	0.007941	0.000000	0.007884
0.000000	0.007884	0.000000	0.007862
0.000000	0.007862	0.000000	0.008070
0.000000	0.008070	0.000000	0.008147
0.000000	0.008147	0.000000	0.008200
0.000000	0.008200	0.000000	0.008167
0.000000	0.008167	0.000000	0.008133
0.000000	0.008133	0.000000	0.007729
0.000000	0.007729	0.000000	0.007883
0.000000	0.007883	0.000000	0.007859
0.000000	0.007859	0.000000	0.007890
0.000000	0.007890	0.000000	0.008094
0.000000	0.008094	0.000000	0.008280
0.000000	0.008280	0.000000	0.008369
0.000000	0.008369	0.000000	0.008282
0.000000	0.008282	0.000000	0.007995
0.000000	0.007995	0.000000	0.007975
0.000000	0.007975	0.000000	0.008115
0.000000	0.008115	0.000000	0.008231
0.000000	0.008231	0.000000	0.008133
0.000000	0.008133	0.000000	0.008314
0.000000	0.008314	0.000000	0.008217
0.000000	0.008217	0.000000	0.008067
0.000000	0.008067	0.000000	0.007926
0.000000	0.007926	0.000000	0.008135
0.000000	0.008135	0.000000	0.008082
0.000000	0.008082	0.000000	0.008130
0.000000	0.008130	0.000000	0.008495
0.000000	0.008495	0.000000	0.008721
0.000000	0.008721	0.000000	0.008855
0.000000	0.008855	0.000000	0.009006
0.000000	0.009006	0.000000	0.009014
0.000000	0.009014	0.000000	0.008882
0.000000	0.008882	0.000000	0.008922
0.000000	0.008922	0.000000	0.009185
0.000000	0.009185	0.000000	0.009219
0.000000	0.009219	0.000000	0.009289
0.000000	0.009289	0.000000	0.009265
0.000000	0.009265	0.000000	0.009359
0.000000	0.009359	0.000000	0.009468
0.000000	0.009468	0.000000	0.009642
0.000000	0.009642	0.000000	0.009634
0.000000	0.009634	0.000000	0.009624
0.349827	0.199963	0.142530	0.192223
0.142530	0.192223	0.094963	0.176079
0.094963	0.176079	0.088894	0.168070
0.088894	0.168070	0.090433	0.161299
0.090433	0.161299	0.093194	0.155155
0.093194	0.155155	0.094069	0.147951
0.094069	0.147951	0.092078	0.139818
0.092078	0.139818	0.088931	0.131820
0.088931	0.131820	0.084399	0.123091
0.084399	0.123091	0.080014	0.115047
0.080014	0.115047	0.074032	0.106889
0.074032	0.106889	0.068274	0.098985
0.068274	0.098985	0.062008	0.090425
0.062008	0.090425	0.056390	0.083386
0.056390	0.083386	0.051579	0.076776
0.051579	0.076776	0.046984	0.071192
0.046984	0.071192	0.042270	0.065750
0.042270	0.065750	0.037968	0.060644
0.037968	0.060644	0.034074	0.056608
0.034074	0.056608	0.030119	0.051958
0.030119	0.051958	0.027130	0.048388
0.027130	0.048388	0.023940	0.044636
0.023940	0.044636	0.021743	0.041810
0.021743	0.041810	0.019618	0.039606
0.019618	0.039606	0.017825	0.037664
0.017825	0.037664	0.015983	0.035097
0.015983	0.035097	0.013952	0.033069
0.013952	0.033069	0.012300	0.031298
0.012300	0.031298	0.010875	0.029674
0.010875	0.029674	0.009754	0.028148
0.009754	0.028148	0.008824	0.027206
0.008824	0.027206	0.007512	0.025408
0.007512	0.025408	0.006763	0.024851
0.006763	0.024851	0.006231	0.024005
0.006231	0.024005	0.005686	0.023474
0.005686	0.023474	0.004726	0.022558
0.004726	0.022558	0.004084	0.022090
0.004084	0.022090	0.003477	0.021689
0.003477	0.021689	0.002966	0.020780
0.002966	0.020780	0.002472	0.020340
0.002472	0.020340	0.002062	0.019967
0.002062	0.019967	0.001795	0.019169
0.001795	0.019169	0.001622	0.019136
0.001622	0.019136	0.001412	0.019118
0.001412	0.019118	0.001365	0.019094
0.001365	0.019094	0.001206	0.019354
0.001206	0.019354	0.001046	0.019383
0.001046	0.019383	0.000931	0.019392
0.000931	0.019392	0.000787	0.019247
0.000787	0.019247	0.000764	0.018724
0.000764	0.018724	0.000684	0.018730
0.000684	0.018730	0.000600	0.018852
0.000600	0.018852	0.000585	0.018219
0.000585	0.018219	0.000522	0.018103
0.000522	0.018103	0.000490	0.017773
0.000490	0.017773	0.000435	0.017668
0.000435	0.017668	0.000349	0.017477
0.000349	0.017477	0.000291	0.017653
0.000291	0.017653	0.000206	0.017235
0.000206	0.017235	0.000126	0.016868
0.000126	0.016868	0.000129	0.016696
0.000129	0.016696	0.000145	0.017253
0.000145	0.017253	0.000131	0.017419
0.000131	0.017419	0.000088	0.016974
0.000088	0.016974	0.000095	0.016691
0.000095	0.016691	0.000077	0.016387
0.000077	0.016387	0.000085	0.016212
0.000085	0.016212	0.000059	0.016264
0.000059	0.016264	0.000032	0.016007
0.000032	0.016007	0.000028	0.016145
0.000028	0.016145	0.000037	0.015884
0.000037	0.015884	0.000040	0.016010
0.000040	0.016010	0.000040	0.016238
0.000040	0.016238	0.000032	0.016136
0.000032	0.016136	0.000013	0.016033
0.000013	0.016033	0.000004	0.015590
0.000004	0.015590	0.000004	0.015831
0.000004	0.015831	0.000000	0.015115
0.000000	0.015115	0.000000	0.014946
0.000000	0.014946	0.000000	0.014986
0.000000	0.014986	0.000000	0.014772
0.000000	0.014772	0.000000	0.014788
0.000000	0.014788	0.000000	0.015098
0.000000	0.015098	0.000000	0.015056
0.000000	0.015056	0.000000	0.015386
0.000000	0.015386	0.000000	0.015965
0.000000	0.015965	0.000000	0.015951
0.000000	0.015951	0.000000	0.015868
0.000000	0.015868	0.000000	0.016014
0.000000	0.016014	0.000000	0.016214
0.000000	0.016214	0.000000	0.016199
0.000000	0.016199	0.000000	0.016567
0.000000	0.016567	0.000000	0.016793
0.000000	0.016793	0.000000	0.017057
0.000000	0.017057	0.000000	0.017078
0.000000	0.017078	0.000000	0.017449
0.000000	0.017449	0.000000	0.017283
0.000000	0.017283	0.000000	0.017357
0.000000	0.017357	0.000000	0.017053
0.000000	0.017053	0.000000	0.017103
0.000000	0.017103	0.000000	0.017119
0.000000	0.017119	0.000000	0.017187
0.000000	0.017187	0.000000	0.017283
0.000000	0.017283	0.000000	0.017298
0.000000	0.017298	0.000000	0.017322
0.000000	0.017322	0.000000	0.017173
0.000000	0.017173	0.000000	0.016795
0.000000	0.016795	0.000000	0.017217
0.000000	0.017217	0.000000	0.017362
0.000000	0.017362	0.000000	0.017379
0.000000	0.017379	0.000000	0.018094
0.000000	0.018094	0.000000	0.017998
0.000000	0.017998	0.000000	0.018155
0.000000	0.018155	0.000000	0.018104
0.000000	0.018104	0.000000	0.018574
0.000000	0.018574	0.000000	0.018531
0.000000	0.018531	0.000000	0.018810
0.000000	0.018810	0.000000	0.018551
0.000000	0.018551	0.000000	0.018485
0.000000	0.018485	0.000000	0.018448
0.000000	0.018448	0.000000	0.018289
0.000000	0.018289	0.000000	0.018314
0.000000	0.018314	0.000000	0.018540
0.000000	0.018540	0.000000	0.018146
0.000000	0.018146	0.000000	0.018285
0.000000	0.018285	0.000000	0.018228
0.000000	0.018228	0.000000	0.017758
0.000000	0.017758	0.000000	0.017334
0.000000	0.017334	0.000000	0.017723
0.000000	0.017723	0.000000	0.018356
0.000000	0.018356	0.000000	0.017855
0.000000	0.017855	0.000000	0.018238
0.000000	0.018238	0.000000	0.018069
0.000000	0.018069	0.000000	0.018458
0.000000	0.018458	0.000000	0.018098
0.000000	0.018098	0.000000	0.018129
0.000000	0.018129	0.000000	0.018040
0.000000	0.018040	0.000000	0.017909
0.000000	0.017909	0.000000	0.017810
0.000000	0.017810	0.000000	0.017793
0.000000	0.017793	0.000000	0.017747
0.000000	0.017747	0.000000	0.018418
0.000000	0.018418	0.000000	0.018663
0.000000	0.018663	0.000000	0.018739
0.000000	0.018739	0.000000	0.018851
0.000000	0.018851	0.000000	0.018670
0.000000	0.018670	0.000000	0.018381
0.000000	0.018381	0.000000	0.018233
0.000000	0.018233	0.000000	0.018300
0.000000	0.018300	0.000000	0.018439
0.000000	0.018439	0.000000	0.018567
0.000000	0.018567	0.000000	0.018948
0.000000	0.018948	0.000000	0.018560
0.000000	0.018560	0.000000	0.018870
0.000000	0.018870	0.000000	0.019046
0.000000	0.019046	0.000000	0.019605
0.000000	0.019605	0.000000	0.019567
0.000000	0.019567	0.000000	0.019368
0.000000	0.019368	0.000000	0.019527
0.000000	0.019527	0.000000	0.019222
0.000000	0.019222	0.000000	0.019276
0.000000	0.019276	0.000000	0.019673
0.000000	0.019673	0.000000	0.019441
0.000000	0.019441	0.000000	0.019569
0.000000	0.019569	0.000000	0.019381
0.000000	0.019381	0.000000	0.019465
0.000000	0.019465	0.000000	0.019014
0.000000	0.019014	0.000000	0.019140
0.000000	0.019140	0.000000	0.019086
0.000000	0.019086	0.000000	0.018800
0.000000	0.018800	0.000000	0.018239
0.000000	0.018239	0.000000	0.018660
0.000000	0.018660	0.000000	0.018526
0.000000	0.018526	0.000000	0.018173
0.000000	0.018173	0.000000	0.017858
0.000000	0.017858	0.000000	0.018062
0.000000	0.018062	0.000000	0.017706
0.000000	0.017706	0.000000	0.017758
0.000000	0.017758	0.000000	0.017888
0.000000	0.017888	0.000000	0.017787
0.000000	0.017787	0.000000	0.017655
0.000000	0.017655	0.000000	0.018061
0.000000	0.018061	0.000000	0.018374
0.000000	0.018374	0.000000	0.018639
0.000000	0.018639	0.000000	0.019229
0.000000	0.019229	0.000000	0.019371
0.000000	0.019371	0.000000	0.020081
0.000000	0.020081	0.000000	0.020388
0.000000	0.020388	0.000000	0.021009
0.000000	0.021009	0.000000	0.020508
0.000000	0.020508	0.000000	0.020298
0.000000	0.020298	0.000000	0.020099
0.000000	0.020099	0.000000	0.020590
0.000000	0.020590	0.000000	0.020698
0.000000	0.020698	0.000000	0.020769
0.000000	0.020769	0.000000	0.020994
0.000000	0.020994	0.000000	0.021028
0.000000	0.021028	0.000000	0.020727
0.000000	0.020727	0.000000	0.020621
0.350189	0.149929	0.088976	0.139678
0.088976	0.139678	0.045568	0.126225
0.045568	0.126225	0.038229	0.118383
0.038229	0.118383	0.036799	0.112719
0.036799	0.112719	0.036972	0.108738
0.036972	0.108738	0.037150	0.104478
0.037150	0.104478	0.036916	0.099825
0.036916	0.099825	0.035713	0.095254
0.035713	0.095254	0.034566	0.091286
0.034566	0.091286	0.033554	0.086761
0.033554	0.086761	0.031986	0.083683
0.031986	0.083683	0.029749	0.079423
0.029749	0.079423	0.027538	0.075831
0.027538	0.075831	0.025200	0.072272
0.025200	0.072272	0.023373	0.069638
0.023373	0.069638	0.021780	0.067686
0.021780	0.067686	0.019868	0.065218
0.019868	0.065218	0.018233	0.063199
0.018233	0.063199	0.016696	0.061624
0.016696	0.061624	0.015026	0.058566
0.015026	0.058566	0.013299	0.056509
0.013299	0.056509	0.011600	0.054515
0.011600	0.054515	0.010238	0.052913
0.010238	0.052913	0.009015	0.051797
0.009015	0.051797	0.007994	0.050161
0.007994	0.050161	0.007246	0.049273
0.007246	0.049273	0.006346	0.048413
0.006346	0.048413	0.005899	0.048347
0.005899	0.048347	0.005345	0.047330
0.005345	0.047330	0.004641	0.046461
0.004641	0.046461	0.004103	0.044774
0.004103	0.044774	0.003560	0.044555
0.003560	0.044555	0.003237	0.043613
0.003237	0.043613	0.002897	0.043136
0.002897	0.043136	0.002572	0.042865
0.002572	0.042865	0.002277	0.042490
0.002277	0.042490	0.001895	0.042381
0.001895	0.042381	0.001688	0.042597
0.001688	0.042597	0.001504	0.042293
0.001504	0.042293	0.001278	0.042075
0.001278	0.042075	0.001113	0.041442
0.001113	0.041442	0.001015	0.041440
0.001015	0.041440	0.000996	0.042283
0.000996	0.042283	0.001071	0.042336
0.001071	0.042336	0.001023	0.042088
0.001023	0.042088	0.000972	0.041921
0.000972	0.041921	0.000897	0.041983
0.000897	0.041983	0.000822	0.041778
0.000822	0.041778	0.000762	0.041644
0.000762	0.041644	0.000700	0.041413
0.000700	0.041413	0.000640	0.041080
0.000640	0.041080	0.000508	0.041350
0.000508	0.041350	0.000481	0.041491
0.000481	0.041491	0.000445	0.041781
0.000445	0.041781	0.000366	0.041825
0.000366	0.041825	0.000341	0.041805
0.000341	0.041805	0.000354	0.042153
0.000354	0.042153	0.000307	0.042663
0.000307	0.042663	0.000243	0.042442
0.000243	0.042442	0.000163	0.042601
0.000163	0.042601	0.000111	0.042592
0.000111	0.042592	0.000083	0.042307
0.000083	0.042307	0.000098	0.042515
0.000098	0.042515	0.000105	0.042535
0.000105	0.042535	0.000087	0.042565
0.000087	0.042565	0.000064	0.042975
0.000064	0.042975	0.000085	0.042846
0.000085	0.042846	0.000050	0.042931
0.000050	0.042931	0.000032	0.043497
0.000032	0.043497	0.000033	0.043327
0.000033	0.043327	0.000017	0.043403
0.000017	0.043403	0.000017	0.043905
0.000017	0.043905	0.000007	0.043502
0.000007	0.043502	0.000009	0.042823
0.000009	0.042823	0.000021	0.043295
0.000021	0.043295	0.000016	0.042956
0.000016	0.042956	0.000012	0.042549
0.000012	0.042549	0.000005	0.042454
0.000005	0.042454	0.000001	0.042731
0.000001	0.042731	0.000000	0.042613
0.000000	0.042613	0.000000	0.042447
0.000000	0.042447	0.000000	0.041916
0.000000	0.041916	0.000000	0.042083
0.000000	0.042083	0.000000	0.041595
0.000000	0.041595	0.000000	0.041775
0.000000	0.041775	0.000000	0.042588
0.000000	0.042588	0.000000	0.042584
0.000000	0.042584	0.000000	0.042400
0.000000	0.042400	0.000000	0.043015
0.000000	0.043015	0.000000	0.042022
0.000000	0.042022	0.000000	0.042186
0.000000	0.042186	0.000000	0.042108
0.000000	0.042108	0.000000	0.042195
0.000000	0.042195	0.000000	0.043159
0.000000	0.043159	0.000000	0.043349
0.000000	0.043349	0.000000	0.043187
0.000000	0.043187	0.000000	0.043363
0.000000	0.043363	0.000000	0.043164
0.000000	0.043164	0.000000	0.043648
0.000000	0.043648	0.000000	0.043263
0.000000	0.043263	0.000000	0.042519
0.000000	0.042519	0.000000	0.042472
0.000000	0.042472	0.000000	0.042530
0.000000	0.042530	0.000000	0.042185
0.000000	0.042185	0.000000	0.041921
0.000000	0.041921	0.000000	0.042271
0.000000	0.042271	0.000000	0.042693
0.000000	0.042693	0.000000	0.042264
0.000000	0.042264	0.000000	0.042704
0.000000	0.042704	0.000000	0.042404
0.000000	0.042404	0.000000	0.041805
0.000000	0.041805	0.000000	0.041600
0.000000	0.041600	0.000000	0.041159
0.000000	0.041159	0.000000	0.041292
0.000000	0.041292	0.000000	0.041351
0.000000	0.041351	0.000000	0.041792
0.000000	0.041792	0.000000	0.041955
0.000000	0.041955	0.000000	0.042108
0.000000	0.042108	0.000000	0.041141
0.000000	0.041141	0.000000	0.041299
0.000000	0.041299	0.000000	0.041234
0.000000	0.041234	0.000000	0.041021
0.000000	0.041021	0.000000	0.040665
0.000000	0.040665	0.000000	0.040989
0.000000	0.040989	0.000000	0.041686
0.000000	0.041686	0.000000	0.041369
0.000000	0.041369	0.000000	0.041369
0.000000	0.041369	0.000000	0.042037
0.000000	0.042037	0.000000	0.041978
0.000000	0.041978	0.000000	0.041784
0.000000	0.041784	0.000000	0.041582
0.000000	0.041582	0.000000	0.041854
0.000000	0.041854	0.000000	0.041982
0.000000	0.041982	0.000000	0.041555
0.000000	0.041555	0.000000	0.042013
0.000000	0.042013	0.000000	0.042701
0.000000	0.042701	0.000000	0.042959
0.000000	0.042959	0.000000	0.043536
0.000000	0.043536	0.000000	0.044006
0.000000	0.044006	0.000000	0.044059
0.000000	0.044059	0.000000	0.043788
0.000000	0.043788	0.000000	0.044187
0.000000	0.044187	0.000000	0.044333
0.000000	0.044333	0.000000	0.043873
0.000000	0.043873	0.000000	0.043861
0.000000	0.043861	0.000000	0.043656
0.000000	0.043656	0.000000	0.043785
0.000000	0.043785	0.000000	0.043738
0.000000	0.043738	0.000000	0.043582
0.000000	0.043582	0.000000	0.043912
0.000000	0.043912	0.000000	0.044016
0.000000	0.044016	0.000000	0.044156
0.000000	0.044156	0.000000	0.044348
0.000000	0.044348	0.000000	0.044007
0.000000	0.044007	0.000000	0.044665
0.000000	0.044665	0.000000	0.044924
0.000000	0.044924	0.000000	0.045678
0.000000	0.045678	0.000000	0.045824
0.000000	0.045824	0.000000	0.045385
0.000000	0.045385	0.000000	0.044959
0.000000	0.044959	0.000000	0.045066
0.000000	0.045066	0.000000	0.044714
0.000000	0.044714	0.000000	0.044598
0.000000	0.044598	0.000000	0.044506
0.000000	0.044506	0.000000	0.044813
0.000000	0.044813	0.000000	0.045221
0.000000	0.045221	0.000000	0.044723
0.000000	0.044723	0.000000	0.044956
0.000000	0.044956	0.000000	0.044946
0.000000	0.044946	0.000000	0.045228
0.000000	0.045228	0.000000	0.044815
0.000000	0.044815	0.000000	0.044647
0.000000	0.044647	0.000000	0.044930
0.000000	0.044930	0.000000	0.044745
0.000000	0.044745	0.000000	0.044658
0.000000	0.044658	0.000000	0.044997
0.000000	0.044997	0.000000	0.045407
0.000000	0.045407	0.000000	0.045565
0.000000	0.045565	0.000000	0.045253
0.000000	0.045253	0.000000	0.045066
0.000000	0.045066	0.000000	0.045961
0.000000	0.045961	0.000000	0.046120
0.000000	0.046120	0.000000	0.045510
0.000000	0.045510	0.000000	0.045898
0.000000	0.045898	0.000000	0.045875
0.000000	0.045875	0.000000	0.046307
0.000000	0.046307	0.000000	0.046024
0.000000	0.046024	0.000000	0.046159
0.000000	0.046159	0.000000	0.046173
0.000000	0.046173	0.000000	0.045879
0.000000	0.045879	0.000000	0.045034
0.000000	0.045034	0.000000	0.044738
0.000000	0.044738	0.000000	0.044555
0.000000	0.044555	0.000000	0.044208
0.000000	0.044208	0.000000	0.044845
0.000000	0.044845	0.000000	0.044830
0.000000	0.044830	0.000000	0.044891
0.000000	0.044891	0.000000	0.044784
0.000000	0.044784	0.000000	0.044789
0.350360	0.099845	0.050679	0.091666
0.050679	0.091666	0.017792	0.083370
0.017792	0.083370	0.012780	0.079090
0.012780	0.079090	0.011624	0.076461
0.011624	0.076461	0.010687	0.073795
0.010687	0.073795	0.010329	0.072595
0.010329	0.072595	0.009740	0.070665
0.009740	0.070665	0.009491	0.069740
0.009491	0.069740	0.009140	0.068308
0.009140	0.068308	0.008548	0.067720
0.008548	0.067720	0.007880	0.066065
0.007880	0.066065	0.007390	0.065474
0.007390	0.065474	0.006623	0.063042
0.006623	0.063042	0.006082	0.062468
0.006082	0.062468	0.005622	0.062047
0.005622	0.062047	0.005034	0.060796
0.005034	0.060796	0.004214	0.059982
0.004214	0.059982	0.003553	0.058566
0.003553	0.058566	0.003133	0.058390
0.003133	0.058390	0.002510	0.057384
0.002510	0.057384	0.002141	0.056891
0.002141	0.056891	0.001684	0.055939
0.001684	0.055939	0.001444	0.055817
0.001444	0.055817	0.001256	0.054998
0.001256	0.054998	0.001008	0.055737
0.001008	0.055737	0.000841	0.055724
0.000841	0.055724	0.000736	0.055302
0.000736	0.055302	0.000621	0.054684
0.000621	0.054684	0.000633	0.055559
0.000633	0.055559	0.000654	0.055730
0.000654	0.055730	0.000566	0.055772
0.000566	0.055772	0.000584	0.055595
0.000584	0.055595	0.000516	0.055746
0.000516	0.055746	0.000470	0.055569
0.000470	0.055569	0.000428	0.055390
0.000428	0.055390	0.000315	0.055458
0.000315	0.055458	0.000235	0.055152
0.000235	0.055152	0.000162	0.054449
0.000162	0.054449	0.000129	0.054588
0.000129	0.054588	0.000060	0.055137
0.000060	0.055137	0.000045	0.055294
0.000045	0.055294	0.000032	0.055630
0.000032	0.055630	0.000045	0.055606
0.000045	0.055606	0.000047	0.054941
0.000047	0.054941	0.000078	0.055141
0.000078	0.055141	0.000099	0.054792
0.000099	0.054792	0.000121	0.055311
0.000121	0.055311	0.000110	0.055882
0.000110	0.055882	0.000108	0.055266
0.000108	0.055266	0.000121	0.055382
0.000121	0.055382	0.000128	0.055207
0.000128	0.055207	0.000141	0.054847
0.000141	0.054847	0.000117	0.054501
0.000117	0.054501	0.000130	0.054179
0.000130	0.054179	0.000137	0.054530
0.000137	0.054530	0.000132	0.054509
0.000132	0.054509	0.000150	0.054252
0.000150	0.054252	0.000164	0.054279
0.000164	0.054279	0.000160	0.054874
0.000160	0.054874	0.000114	0.054713
0.000114	0.054713	0.000091	0.054361
0.000091	0.054361	0.000037	0.053484
0.000037	0.053484	0.000003	0.053846
0.000003	0.053846	0.000004	0.054261
0.000004	0.054261	0.000000	0.053981
0.000000	0.053981	0.000000	0.053796
0.000000	0.053796	0.000000	0.054414
0.000000	0.054414	0.000000	0.054430
0.000000	0.054430	0.000000	0.054179
0.000000	0.054179	0.000000	0.054865
0.000000	0.054865	0.000000	0.054851
0.000000	0.054851	0.000000	0.054973
0.000000	0.054973	0.000000	0.053986
0.000000	0.053986	0.000000	0.054690
0.000000	0.054690	0.000000	0.055141
0.000000	0.055141	0.000000	0.055235
0.000000	0.055235	0.000000	0.055254
0.000000	0.055254	0.000000	0.055445
0.000000	0.055445	0.000000	0.055129
0.000000	0.055129	0.000000	0.054908
0.000000	0.054908	0.000000	0.054967
0.000000	0.054967	0.000000	0.055254
0.000000	0.055254	0.000000	0.054273
0.000000	0.054273	0.000000	0.054579
0.000000	0.054579	0.000000	0.055141
0.000000	0.055141	0.000000	0.054786
0.000000	0.054786	0.000000	0.054723
0.000000	0.054723	0.000000	0.054107
0.000000	0.054107	0.000000	0.053451
0.000000	0.053451	0.000000	0.053377
0.000000	0.053377	0.000000	0.053408
0.000000	0.053408	0.000000	0.053659
0.000000	0.053659	0.000000	0.053138
0.000000	0.053138	0.000000	0.052679
0.000000	0.052679	0.000000	0.052499
0.000000	0.052499	0.000000	0.052736
0.000000	0.052736	0.000000	0.052654
0.000000	0.052654	0.000000	0.052756
0.000000	0.052756	0.000000	0.053416
0.000000	0.053416	0.000000	0.053045
0.000000	0.053045	0.000000	0.053300
0.000000	0.053300	0.000000	0.053405
0.000000	0.053405	0.000000	0.053048
0.000000	0.053048	0.000000	0.053464
0.000000	0.053464	0.000000	0.053661
0.000000	0.053661	0.000000	0.053622
0.000000	0.053622	0.000000	0.053448
0.000000	0.053448	0.000000	0.054243
0.000000	0.054243	0.000000	0.054452
0.000000	0.054452	0.000000	0.055145
0.000000	0.055145	0.000000	0.054862
0.000000	0.054862	0.000000	0.055688
0.000000	0.055688	0.000000	0.055829
0.000000	0.055829	0.000000	0.056074
0.000000	0.056074	0.000000	0.055799
0.000000	0.055799	0.000000	0.055395
0.000000	0.055395	0.000000	0.055457
0.000000	0.055457	0.000000	0.055784
0.000000	0.055784	0.000000	0.056072
0.000000	0.056072	0.000000	0.055802
0.000000	0.055802	0.000000	0.055510
0.000000	0.055510	0.000000	0.055298
0.000000	0.055298	0.000000	0.055016
0.000000	0.055016	0.000000	0.055274
0.000000	0.055274	0.000000	0.054770
0.000000	0.054770	0.000000	0.055303
0.000000	0.055303	0.000000	0.054793
0.000000	0.054793	0.000000	0.054643
0.000000	0.054643	0.000000	0.054970
0.000000	0.054970	0.000000	0.055197
0.000000	0.055197	0.000000	0.054717
0.000000	0.054717	0.000000	0.054316
0.000000	0.054316	0.000000	0.054984
0.000000	0.054984	0.000000	0.054319
0.000000	0.054319	0.000000	0.054393
0.000000	0.054393	0.000000	0.053818
0.000000	0.053818	0.000000	0.054049
0.000000	0.054049	0.000000	0.054133
0.000000	0.054133	0.000000	0.054003
0.000000	0.054003	0.000000	0.054079
0.000000	0.054079	0.000000	0.054336
0.000000	0.054336	0.000000	0.054987
0.000000	0.054987	0.000000	0.054136
0.000000	0.054136	0.000000	0.054077
0.000000	0.054077	0.000000	0.054091
0.000000	0.054091	0.000000	0.053591
0.000000	0.053591	0.000000	0.053460
0.000000	0.053460	0.000000	0.053153
0.000000	0.053153	0.000000	0.053565
0.000000	0.053565	0.000000	0.053562
0.000000	0.053562	0.000000	0.053390
0.000000	0.053390	0.000000	0.053433
0.000000	0.053433	0.000000	0.053206
0.000000	0.053206	0.000000	0.053125
0.000000	0.053125	0.000000	0.052969
0.000000	0.052969	0.000000	0.052873
0.000000	0.052873	0.000000	0.053379
0.000000	0.053379	0.000000	0.053020
0.000000	0.053020	0.000000	0.053345
0.000000	0.053345	0.000000	0.052885
0.000000	0.052885	0.000000	0.053578
0.000000	0.053578	0.000000	0.053352
0.000000	0.053352	0.000000	0.053346
0.000000	0.053346	0.000000	0.053542
0.000000	0.053542	0.000000	0.053747
0.000000	0.053747	0.000000	0.054215
0.000000	0.054215	0.000000	0.054289
0.000000	0.054289	0.000000	0.053751
0.000000	0.053751	0.000000	0.054315
0.000000	0.054315	0.000000	0.054330
0.000000	0.054330	0.000000	0.054261
0.000000	0.054261	0.000000	0.053684
0.000000	0.053684	0.000000	0.053556
0.000000	0.053556	0.000000	0.053730
0.000000	0.053730	0.000000	0.054220
0.000000	0.054220	0.000000	0.053981
0.000000	0.053981	0.000000	0.054510
0.000000	0.054510	0.000000	0.054767
0.000000	0.054767	0.000000	0.055037
0.000000	0.055037	0.000000	0.054930
0.000000	0.054930	0.000000	0.054515
0.000000	0.054515	0.000000	0.054468
0.000000	0.054468	0.000000	0.054401
0.000000	0.054401	0.000000	0.054650
0.000000	0.054650	0.000000	0.054517
0.000000	0.054517	0.000000	0.054594
0.000000	0.054594	0.000000	0.054733
0.000000	0.054733	0.000000	0.055327
0.000000	0.055327	0.000000	0.055255
0.000000	0.055255	0.000000	0.054394
0.000000	0.054394	0.000000	0.055192
0.000000	0.055192	0.000000	0.055274
0.000000	0.055274	0.000000	0.054991
0.000000	0.054991	0.000000	0.055065
0.000000	0.055065	0.000000	0.054770
0.000000	0.054770	0.000000	0.053714
0.000000	0.053714	0.000000	0.053672
0.000000	0.053672	0.000000	0.053674
0.000000	0.053674	0.000000	0.053201
0.350591	0.050331	0.024631	0.045947
0.024631	0.045947	0.004579	0.041795
0.004579	0.041795	0.002463	0.040176
0.002463	0.040176	0.001879	0.039734
0.001879	0.039734	0.001709	0.040161
0.001709	0.040161	0.001385	0.039984
0.001385	0.039984	0.001181	0.038861
0.001181	0.038861	0.001010	0.037921
0.001010	0.037921	0.000843	0.037936
0.000843	0.037936	0.000727	0.037936
0.000727	0.037936	0.000614	0.037218
0.000614	0.037218	0.000567	0.037025
0.000567	0.037025	0.000523	0.037476
0.000523	0.037476	0.000408	0.037052
0.000408	0.037052	0.000323	0.037129
0.000323	0.037129	0.000286	0.037036
0.000286	0.037036	0.000270	0.036843
0.000270	0.036843	0.000168	0.035784
0.000168	0.035784	0.000116	0.036229
0.000116	0.036229	0.000096	0.036587
0.000096	0.036587	0.000063	0.036721
0.000063	0.036721	0.000052	0.036861
0.000052	0.036861	0.000032	0.037028
0.000032	0.037028	0.000032	0.037476
0.000032	0.037476	0.000033	0.037828
0.000033	0.037828	0.000003	0.037791
0.000003	0.037791	0.000000	0.037976
0.000000	0.037976	0.000000	0.037770
0.000000	0.037770	0.000000	0.038115
0.000000	0.038115	0.000000	0.039008
0.000000	0.039008	0.000000	0.038741
0.000000	0.038741	0.000000	0.038811
0.000000	0.038811	0.000000	0.038955
0.000000	0.038955	0.000000	0.039558
0.000000	0.039558	0.000000	0.039055
0.000000	0.039055	0.000000	0.038933
0.000000	0.038933	0.000000	0.039186
0.000000	0.039186	0.000000	0.038814
0.000000	0.038814	0.000000	0.038483
0.000000	0.038483	0.000000	0.038379
0.000000	0.038379	0.000000	0.038064
0.000000	0.038064	0.000000	0.038788
0.000000	0.038788	0.000000	0.038728
0.000000	0.038728	0.000000	0.038970
0.000000	0.038970	0.000000	0.039153
0.000000	0.039153	0.000000	0.038943
0.000000	0.038943	0.000000	0.039388
0.000000	0.039388	0.000000	0.039569
0.000000	0.039569	0.000000	0.039349
0.000000	0.039349	0.000000	0.039181
0.000000	0.039181	0.000000	0.038999
0.000000	0.038999	0.000000	0.038201
0.000000	0.038201	0.000000	0.038270
0.000000	0.038270	0.000000	0.038845
0.000000	0.038845	0.000000	0.038921
0.000000	0.038921	0.000000	0.039351
0.000000	0.039351	0.000000	0.038775
0.000000	0.038775	0.000000	0.038453
0.000000	0.038453	0.000000	0.038583
0.000000	0.038583	0.000000	0.038543
0.000000	0.038543	0.000000	0.038871
0.000000	0.038871	0.000000	0.039239
0.000000	0.039239	0.000000	0.039851
0.000000	0.039851	0.000000	0.039922
0.000000	0.039922	0.000000	0.040466
0.000000	0.040466	0.000000	0.039720
0.000000	0.039720	0.000000	0.039826
0.000000	0.039826	0.000000	0.039616
0.000000	0.039616	0.000000	0.039516
0.000000	0.039516	0.000000	0.039823
0.000000	0.039823	0.000000	0.040262
0.000000	0.040262	0.000000	0.040565
0.000000	0.040565	0.000000	0.040280
0.000000	0.040280	0.000000	0.040404
0.000000	0.040404	0.000000	0.041053
0.000000	0.041053	0.000000	0.040882
0.000000	0.040882	0.000000	0.040793
0.000000	0.040793	0.000000	0.040774
0.000000	0.040774	0.000000	0.041426
0.000000	0.041426	0.000000	0.041469
0.000000	0.041469	0.000000	0.040980
0.000000	0.040980	0.000000	0.040842
0.000000	0.040842	0.000000	0.041263
0.000000	0.041263	0.000000	0.041262
0.000000	0.041262	0.000000	0.041387
0.000000	0.041387	0.000000	0.041399
0.000000	0.041399	0.000000	0.041423
0.000000	0.041423	0.000000	0.041388
0.000000	0.041388	0.000000	0.041172
0.000000	0.041172	0.000000	0.040762
0.000000	0.040762	0.000000	0.041171
0.000000	0.041171	0.000000	0.041277
0.000000	0.041277	0.000000	0.041567
0.000000	0.041567	0.000000	0.041408
0.000000	0.041408	0.000000	0.041740
0.000000	0.041740	0.000000	0.041776
0.000000	0.041776	0.000000	0.041710
0.000000	0.041710	0.000000	0.042078
0.000000	0.042078	0.000000	0.041922
0.000000	0.041922	0.000000	0.041520
0.000000	0.041520	0.000000	0.041586
0.000000	0.041586	0.000000	0.041777
0.000000	0.041777	0.000000	0.041921
0.000000	0.041921	0.000000	0.042693
0.000000	0.042693	0.000000	0.043058
0.000000	0.043058	0.000000	0.042642
0.000000	0.042642	0.000000	0.043352
0.000000	0.043352	0.000000	0.043538
0.000000	0.043538	0.000000	0.043220
0.000000	0.043220	0.000000	0.042720
0.000000	0.042720	0.000000	0.042472
0.000000	0.042472	0.000000	0.042819
0.000000	0.042819	0.000000	0.042096
0.000000	0.042096	0.000000	0.042415
0.000000	0.042415	0.000000	0.042377
0.000000	0.042377	0.000000	0.042844
0.000000	0.042844	0.000000	0.042988
0.000000	0.042988	0.000000	0.042500
0.000000	0.042500	0.000000	0.042587
0.000000	0.042587	0.000000	0.042408
0.000000	0.042408	0.000000	0.041573
0.000000	0.041573	0.000000	0.041701
0.000000	0.041701	0.000000	0.042092
0.000000	0.042092	0.000000	0.041699
0.000000	0.041699	0.000000	0.041124
0.000000	0.041124	0.000000	0.040955
0.000000	0.040955	0.000000	0.041191
0.000000	0.041191	0.000000	0.041342
0.000000	0.041342	0.000000	0.041737
0.000000	0.041737	0.000000	0.042048
0.000000	0.042048	0.000000	0.042154
0.000000	0.042154	0.000000	0.042179
0.000000	0.042179	0.000000	0.043268
0.000000	0.043268	0.000000	0.042909
0.000000	0.042909	0.000000	0.043122
0.000000	0.043122	0.000000	0.043710
0.000000	0.043710	0.000000	0.043528
0.000000	0.043528	0.000000	0.043390
0.000000	0.043390	0.000000	0.043482
0.000000	0.043482	0.000000	0.043833
0.000000	0.043833	0.000000	0.044173
0.000000	0.044173	0.000000	0.044340
0.000000	0.044340	0.000000	0.044306
0.000000	0.044306	0.000000	0.043831
0.000000	0.043831	0.000000	0.044427
0.000000	0.044427	0.000000	0.043872
0.000000	0.043872	0.000000	0.043899
0.000000	0.043899	0.000000	0.043552
0.000000	0.043552	0.000000	0.043209
0.000000	0.043209	0.000000	0.043453
0.000000	0.043453	0.000000	0.043040
0.000000	0.043040	0.000000	0.043549
0.000000	0.043549	0.000000	0.043097
0.000000	0.043097	0.000000	0.043642
0.000000	0.043642	0.000000	0.043219
0.000000	0.043219	0.000000	0.043139
0.000000	0.043139	0.000000	0.042905
0.000000	0.042905	0.000000	0.043179
0.000000	0.043179	0.000000	0.043458
0.000000	0.043458	0.000000	0.043202
0.000000	0.043202	0.000000	0.043712
0.000000	0.043712	0.000000	0.043237
0.000000	0.043237	0.000000	0.044112
0.000000	0.044112	0.000000	0.044072
0.000000	0.044072	0.000000	0.044440
0.000000	0.044440	0.000000	0.044977
0.000000	0.044977	0.000000	0.045305
0.000000	0.045305	0.000000	0.045137
0.000000	0.045137	0.000000	0.045166
0.000000	0.045166	0.000000	0.044663
0.000000	0.044663	0.000000	0.044131
0.000000	0.044131	0.000000	0.044394
0.000000	0.044394	0.000000	0.043691
0.000000	0.043691	0.000000	0.043414
0.000000	0.043414	0.000000	0.043179
0.000000	0.043179	0.000000	0.043602
0.000000	0.043602	0.000000	0.042794
0.000000	0.042794	0.000000	0.042182
0.000000	0.042182	0.000000	0.042639
0.000000	0.042639	0.000000	0.042752
0.000000	0.042752	0.000000	0.042771
0.000000	0.042771	0.000000	0.042920
0.000000	0.042920	0.000000	0.042881
0.000000	0.042881	0.000000	0.043093
0.000000	0.043093	0.000000	0.043097
0.000000	0.043097	0.000000	0.043107
0.000000	0.043107	0.000000	0.043246
0.000000	0.043246	0.000000	0.043158
0.000000	0.043158	0.000000	0.043345
0.000000	0.043345	0.000000	0.043131
0.000000	0.043131	0.000000	0.043141
0.000000	0.043141	0.000000	0.043535
0.000000	0.043535	0.000000	0.043033
0.000000	0.043033	0.000000	0.042466
0.000000	0.042466	0.000000	0.042763
0.000000	0.042763	0.000000	0.042599
0.000000	0.042599	0.000000	0.041900
0.000000	0.041900	0.000000	0.041800
0.000000	0.041800	0.000000	0.042452
