0.299422	0.100076	0.153094	0.098735
0.153094	0.098735	0.081832	0.099307
0.081832	0.099307	0.061305	0.099982
0.061305	0.099982	0.058450	0.101817
0.058450	0.101817	0.062307	0.105372
0.062307	0.105372	0.069198	0.109687
0.069198	0.109687	0.076457	0.114750
0.076457	0.114750	0.085005	0.120154
0.085005	0.120154	0.093692	0.125500
0.093692	0.125500	0.103300	0.132075
0.103300	0.132075	0.112972	0.138535
0.112972	0.138535	0.122259	0.145124
0.122259	0.145124	0.131928	0.152866
0.131928	0.152866	0.141044	0.160115
0.141044	0.160115	0.150766	0.168693
0.150766	0.168693	0.160668	0.176990
0.160668	0.176990	0.172280	0.186770
0.172280	0.186770	0.183546	0.196206
0.183546	0.196206	0.194623	0.206239
0.194623	0.206239	0.205644	0.216459
0.205644	0.216459	0.218556	0.228661
0.218556	0.228661	0.230065	0.239654
0.230065	0.239654	0.244391	0.253287
0.244391	0.253287	0.257392	0.265363
0.257392	0.265363	0.268746	0.276295
0.268746	0.276295	0.280389	0.287306
0.280389	0.287306	0.295017	0.301583
0.295017	0.301583	0.308250	0.314284
0.308250	0.314284	0.323540	0.329259
0.323540	0.329259	0.337348	0.342711
0.337348	0.342711	0.351751	0.356464
0.351751	0.356464	0.365529	0.369956
0.365529	0.369956	0.381941	0.385857
0.381941	0.385857	0.396371	0.399906
0.396371	0.399906	0.410583	0.414059
0.410583	0.414059	0.424831	0.427903
0.424831	0.427903	0.438921	0.441683
0.438921	0.441683	0.453502	0.456045
0.453502	0.456045	0.469171	0.471520
0.469171	0.471520	0.484602	0.486722
0.484602	0.486722	0.500132	0.502127
0.500132	0.502127	0.513945	0.515848
0.513945	0.515848	0.528404	0.530053
0.528404	0.530053	0.544273	0.545726
0.544273	0.545726	0.557868	0.559209
0.557868	0.559209	0.571562	0.572806
0.571562	0.572806	0.585891	0.586953
0.585891	0.586953	0.599761	0.600712
0.599761	0.600712	0.613648	0.614443
0.613648	0.614443	0.626986	0.627787
0.626986	0.627787	0.642011	0.642698
0.642011	0.642698	0.656217	0.656832
0.656217	0.656832	0.669250	0.669786
0.669250	0.669786	0.682630	0.683061
0.682630	0.683061	0.695209	0.695626
0.695209	0.695626	0.708488	0.708903
0.708488	0.708903	0.720878	0.721231
0.720878	0.721231	0.732881	0.733187
0.732881	0.733187	0.745659	0.745875
0.745659	0.745875	0.756449	0.756672
0.756449	0.756672	0.767421	0.767628
0.767421	0.767628	0.778448	0.778609
0.778448	0.778609	0.788956	0.789126
0.788956	0.789126	0.799009	0.799211
0.799009	0.799211	0.808005	0.808243
0.808005	0.808243	0.818214	0.818444
0.818214	0.818444	0.827891	0.828111
0.827891	0.828111	0.836423	0.836639
0.836423	0.836639	0.845381	0.845518
0.845381	0.845518	0.854275	0.854367
0.854275	0.854367	0.862366	0.862388
0.862366	0.862388	0.870482	0.870509
0.870482	0.870509	0.878513	0.878528
0.878513	0.878528	0.886154	0.886157
0.886154	0.886157	0.892943	0.892949
0.892943	0.892949	0.898774	0.898783
0.898774	0.898783	0.904733	0.904735
0.904733	0.904735	0.910657	0.910659
0.910657	0.910659	0.916154	0.916154
0.916154	0.916154	0.921173	0.921173
0.921173	0.921173	0.925745	0.925745
0.925745	0.925745	0.930187	0.930187
0.930187	0.930187	0.934185	0.934185
0.934185	0.934185	0.938436	0.938436
0.938436	0.938436	0.942346	0.942346
0.942346	0.942346	0.946157	0.946157
0.946157	0.946157	0.949440	0.949440
0.949440	0.949440	0.952983	0.952983
0.952983	0.952983	0.956631	0.956631
0.956631	0.956631	0.959940	0.959940
0.959940	0.959940	0.962793	0.962793
0.962793	0.962793	0.965767	0.965767
0.965767	0.965767	0.968264	0.968264
0.968264	0.968264	0.970901	0.970901
0.970901	0.970901	0.973499	0.973499
0.973499	0.973499	0.975713	0.975713
0.975713	0.975713	0.977576	0.977576
0.977576	0.977576	0.979554	0.979554
0.979554	0.979554	0.981336	0.981336
0.981336	0.981336	0.982868	0.982868
0.982868	0.982868	0.984287	0.984287
0.984287	0.984287	0.985671	0.985671
0.985671	0.985671	0.987176	0.987176
0.987176	0.987176	0.988233	0.988233
0.988233	0.988233	0.989311	0.989311
0.989311	0.989311	0.990416	0.990416
0.990416	0.990416	0.991413	0.991413
0.991413	0.991413	0.992116	0.992116
0.992116	0.992116	0.993032	0.993032
0.993032	0.993032	0.993684	0.993684
0.993684	0.993684	0.994630	0.994630
0.994630	0.994630	0.995279	0.995279
0.995279	0.995279	0.995913	0.995913
0.995913	0.995913	0.996452	0.996452
0.996452	0.996452	0.997014	0.997014
0.997014	0.997014	0.997404	0.997404
0.997404	0.997404	0.997739	0.997739
0.997739	0.997739	0.998005	0.998005
0.998005	0.998005	0.998228	0.998228
0.998228	0.998228	0.998581	0.998581
0.998581	0.998581	0.998829	0.998829
0.998829	0.998829	0.999048	0.999048
0.999048	0.999048	0.999289	0.999289
0.999289	0.999289	0.999374	0.999374
0.999374	0.999374	0.999436	0.999436
0.999436	0.999436	0.999510	0.999510
0.999510	0.999510	0.999581	0.999581
0.999581	0.999581	0.999689	0.999689
0.999689	0.999689	0.999752	0.999752
0.999752	0.999752	0.999788	0.999788
0.999788	0.999788	0.999819	0.999819
0.999819	0.999819	0.999875	0.999875
0.999875	0.999875	0.999889	0.999889
0.999889	0.999889	0.999931	0.999931
0.999931	0.999931	0.999947	0.999947
0.999947	0.999947	0.999939	0.999939
0.999939	0.999939	0.999955	0.999955
0.999955	0.999955	0.999956	0.999956
0.999956	0.999956	0.999956	0.999956
0.999956	0.999956	0.999977	0.999977
0.999977	0.999977	0.999974	0.999974
0.999974	0.999974	1.000000	1.000000
1.000000	1.000000	1.000000	1.000000
1.000000	1.000000	1.000000	1.000000
1.000000	1.000000	1.000000	1.000000
1.000000	1.000000	1.000000	1.000000
1.000000	1.000000	1.000000	1.000000
1.000000	1.000000	1.000000	1.000000
1.000000	1.000000	1.000000	1.000000
1.000000	1.000000	1.000000	1.000000
1.000000	1.000000	1.000000	1.000000
1.000000	1.000000	1.000000	1.000000
1.000000	1.000000	1.000000	1.000000
1.000000	1.000000	1.000000	1.000000
1.000000	1.000000	1.000000	1.000000
1.000000	1.000000	1.000000	1.000000
1.000000	1.000000	1.000000	1.000000
1.000000	1.000000	1.000000	1.000000
1.000000	1.000000	1.000000	1.000000
1.000000	1.000000	1.000000	1.000000
1.000000	1.000000	1.000000	1.000000
1.000000	1.000000	1.000000	1.000000
1.000000	1.000000	1.000000	1.000000
1.000000	1.000000	1.000000	1.000000
1.000000	1.000000	1.000000	1.000000
1.000000	1.000000	1.000000	1.000000
1.000000	1.000000	1.000000	1.000000
1.000000	1.000000	1.000000	1.000000
1.000000	1.000000	1.000000	1.000000
1.000000	1.000000	1.000000	1.000000
1.000000	1.000000	1.000000	1.000000
1.000000	1.000000	1.000000	1.000000
1.000000	1.000000	1.000000	1.000000
1.000000	1.000000	1.000000	1.000000
1.000000	1.000000	1.000000	1.000000
1.000000	1.000000	1.000000	1.000000
1.000000	1.000000	1.000000	1.000000
1.000000	1.000000	1.000000	1.000000
1.000000	1.000000	1.000000	1.000000
1.000000	1.000000	1.000000	1.000000
1.000000	1.000000	1.000000	1.000000
1.000000	1.000000	1.000000	1.000000
1.000000	1.000000	1.000000	1.000000
1.000000	1.000000	1.000000	1.000000
1.000000	1.000000	1.000000	1.000000
1.000000	1.000000	1.000000	1.000000
1.000000	1.000000	1.000000	1.000000
1.000000	1.000000	1.000000	1.000000
1.000000	1.000000	1.000000	1.000000
1.000000	1.000000	1.000000	1.000000
1.000000	1.000000	1.000000	1.000000
1.000000	1.000000	1.000000	1.000000
1.000000	1.000000	1.000000	1.000000
1.000000	1.000000	1.000000	1.000000
1.000000	1.000000	1.000000	1.000000
1.000000	1.000000	1.000000	1.000000
1.000000	1.000000	1.000000	1.000000
1.000000	1.000000	1.000000	1.000000
1.000000	1.000000	1.000000	1.000000
0.300065	0.200655	0.250318	0.202250
0.250318	0.202250	0.196797	0.206046
0.196797	0.206046	0.181370	0.211371
0.181370	0.211371	0.186161	0.220922
0.186161	0.220922	0.201723	0.233702
0.201723	0.233702	0.221062	0.249024
0.221062	0.249024	0.244404	0.267128
0.244404	0.267128	0.268739	0.286904
0.268739	0.286904	0.291613	0.305269
0.291613	0.305269	0.313502	0.324138
0.313502	0.324138	0.335842	0.343607
0.335842	0.343607	0.358742	0.364585
0.358742	0.364585	0.381687	0.386119
0.381687	0.386119	0.404096	0.407263
0.404096	0.407263	0.428617	0.430963
0.428617	0.430963	0.452475	0.454289
0.452475	0.454289	0.475672	0.477120
0.475672	0.477120	0.498247	0.499384
0.498247	0.499384	0.521772	0.522556
0.521772	0.522556	0.544529	0.545019
0.544529	0.545019	0.568065	0.568440
0.568065	0.568440	0.590418	0.590658
0.590418	0.590658	0.613006	0.613142
0.613006	0.613142	0.635760	0.635863
0.635760	0.635863	0.656524	0.656636
0.656524	0.656636	0.677338	0.677475
0.677338	0.677475	0.698783	0.698813
0.698783	0.698813	0.718825	0.718884
0.718825	0.718884	0.736466	0.736426
0.736466	0.736426	0.755616	0.755577
0.755616	0.755577	0.773298	0.773287
0.773298	0.773287	0.790891	0.790880
0.790891	0.790880	0.806932	0.806909
0.806932	0.806909	0.821716	0.821674
0.821716	0.821674	0.835932	0.835895
0.835932	0.835895	0.850099	0.850035
0.850099	0.850035	0.862920	0.862864
0.862920	0.862864	0.873996	0.873903
0.873996	0.873903	0.885422	0.885340
0.885422	0.885340	0.896027	0.895944
0.896027	0.895944	0.906008	0.905954
0.906008	0.905954	0.915438	0.915406
0.915438	0.915406	0.924043	0.924013
0.924043	0.924013	0.932245	0.932234
0.932245	0.932234	0.939116	0.939116
0.939116	0.939116	0.945348	0.945348
0.945348	0.945348	0.951567	0.951567
0.951567	0.951567	0.956257	0.956257
0.956257	0.956257	0.960695	0.960695
0.960695	0.960695	0.965090	0.965090
0.965090	0.965090	0.969520	0.969520
0.969520	0.969520	0.973039	0.973039
0.973039	0.973039	0.975946	0.975946
0.975946	0.975946	0.978402	0.978402
0.978402	0.978402	0.981234	0.981234
0.981234	0.981234	0.983755	0.983755
0.983755	0.983755	0.985837	0.985837
0.985837	0.985837	0.987413	0.987413
0.987413	0.987413	0.989036	0.989036
0.989036	0.989036	0.990465	0.990465
0.990465	0.990465	0.991682	0.991682
0.991682	0.991682	0.992717	0.992717
0.992717	0.992717	0.993707	0.993707
0.993707	0.993707	0.994486	0.994486
0.994486	0.994486	0.995240	0.995240
0.995240	0.995240	0.996046	0.996046
0.996046	0.996046	0.996612	0.996612
0.996612	0.996612	0.997139	0.997139
0.997139	0.997139	0.997644	0.997644
0.997644	0.997644	0.997989	0.997989
0.997989	0.997989	0.998316	0.998316
0.998316	0.998316	0.998674	0.998674
0.998674	0.998674	0.998829	0.998829
0.998829	0.998829	0.998952	0.998952
0.998952	0.998952	0.999072	0.999072
0.999072	0.999072	0.999284	0.999284
0.999284	0.999284	0.999435	0.999435
0.999435	0.999435	0.999520	0.999520
0.999520	0.999520	0.999570	0.999570
0.999570	0.999570	0.999659	0.999659
0.999659	0.999659	0.999735	0.999735
0.999735	0.999735	0.999792	0.999792
0.999792	0.999792	0.999812	0.999812
0.999812	0.999812	0.999854	0.999854
0.999854	0.999854	0.999880	0.999880
0.999880	0.999880	0.999920	0.999920
0.999920	0.999920	0.999935	0.999935
0.999935	0.999935	0.999963	0.999963
0.999963	0.999963	0.999985	0.999985
0.999985	0.999985	0.999995	0.999995
0.999995	0.999995	1.000000	1.000000
1.000000	1.000000	1.000000	1.000000
1.000000	1.000000	1.000000	1.000000
1.000000	1.000000	1.000000	1.000000
1.000000	1.000000	1.000000	1.000000
1.000000	1.000000	1.000000	1.000000
1.000000	1.000000	1.000000	1.000000
1.000000	1.000000	1.000000	1.000000
1.000000	1.000000	1.000000	1.000000
1.000000	1.000000	1.000000	1.000000
1.000000	1.000000	1.000000	1.000000
1.000000	1.000000	1.000000	1.000000
1.000000	1.000000	1.000000	1.000000
1.000000	1.000000	1.000000	1.000000
1.000000	1.000000	1.000000	1.000000
1.000000	1.000000	1.000000	1.000000
1.000000	1.000000	1.000000	1.000000
1.000000	1.000000	1.000000	1.000000
1.000000	1.000000	1.000000	1.000000
1.000000	1.000000	1.000000	1.000000
1.000000	1.000000	1.000000	1.000000
1.000000	1.000000	1.000000	1.000000
1.000000	1.000000	1.000000	1.000000
1.000000	1.000000	1.000000	1.000000
1.000000	1.000000	1.000000	1.000000
1.000000	1.000000	1.000000	1.000000
1.000000	1.000000	1.000000	1.000000
1.000000	1.000000	1.000000	1.000000
1.000000	1.000000	1.000000	1.000000
1.000000	1.000000	1.000000	1.000000
1.000000	1.000000	1.000000	1.000000
1.000000	1.000000	1.000000	1.000000
1.000000	1.000000	1.000000	1.000000
1.000000	1.000000	1.000000	1.000000
1.000000	1.000000	1.000000	1.000000
1.000000	1.000000	1.000000	1.000000
1.000000	1.000000	1.000000	1.000000
1.000000	1.000000	1.000000	1.000000
1.000000	1.000000	1.000000	1.000000
1.000000	1.000000	1.000000	1.000000
1.000000	1.000000	1.000000	1.000000
1.000000	1.000000	1.000000	1.000000
1.000000	1.000000	1.000000	1.000000
1.000000	1.000000	1.000000	1.000000
1.000000	1.000000	1.000000	1.000000
1.000000	1.000000	1.000000	1.000000
1.000000	1.000000	1.000000	1.000000
1.000000	1.000000	1.000000	1.000000
1.000000	1.000000	1.000000	1.000000
1.000000	1.000000	1.000000	1.000000
1.000000	1.000000	1.000000	1.000000
1.000000	1.000000	1.000000	1.000000
1.000000	1.000000	1.000000	1.000000
1.000000	1.000000	1.000000	1.000000
1.000000	1.000000	1.000000	1.000000
1.000000	1.000000	1.000000	1.000000
1.000000	1.000000	1.000000	1.000000
1.000000	1.000000	1.000000	1.000000
1.000000	1.000000	1.000000	1.000000
1.000000	1.000000	1.000000	1.000000
1.000000	1.000000	1.000000	1.000000
1.000000	1.000000	1.000000	1.000000
1.000000	1.000000	1.000000	1.000000
1.000000	1.000000	1.000000	1.000000
1.000000	1.000000	1.000000	1.000000
1.000000	1.000000	1.000000	1.000000
1.000000	1.000000	1.000000	1.000000
1.000000	1.000000	1.000000	1.000000
1.000000	1.000000	1.000000	1.000000
1.000000	1.000000	1.000000	1.000000
1.000000	1.000000	1.000000	1.000000
1.000000	1.000000	1.000000	1.000000
1.000000	1.000000	1.000000	1.000000
1.000000	1.000000	1.000000	1.000000
1.000000	1.000000	1.000000	1.000000
1.000000	1.000000	1.000000	1.000000
1.000000	1.000000	1.000000	1.000000
1.000000	1.000000	1.000000	1.000000
1.000000	1.000000	1.000000	1.000000
1.000000	1.000000	1.000000	1.000000
1.000000	1.000000	1.000000	1.000000
1.000000	1.000000	1.000000	1.000000
1.000000	1.000000	1.000000	1.000000
1.000000	1.000000	1.000000	1.000000
1.000000	1.000000	1.000000	1.000000
1.000000	1.000000	1.000000	1.000000
1.000000	1.000000	1.000000	1.000000
1.000000	1.000000	1.000000	1.000000
1.000000	1.000000	1.000000	1.000000
1.000000	1.000000	1.000000	1.000000
1.000000	1.000000	1.000000	1.000000
1.000000	1.000000	1.000000	1.000000
1.000000	1.000000	1.000000	1.000000
1.000000	1.000000	1.000000	1.000000
1.000000	1.000000	1.000000	1.000000
1.000000	1.000000	1.000000	1.000000
1.000000	1.000000	1.000000	1.000000
1.000000	1.000000	1.000000	1.000000
1.000000	1.000000	1.000000	1.000000
1.000000	1.000000	1.000000	1.000000
1.000000	1.000000	1.000000	1.000000
1.000000	1.000000	1.000000	1.000000
1.000000	1.000000	1.000000	1.000000
1.000000	1.000000	1.000000	1.000000
1.000000	1.000000	1.000000	1.000000
1.000000	1.000000	1.000000	1.000000
1.000000	1.000000	1.000000	1.000000
1.000000	1.000000	1.000000	1.000000
1.000000	1.000000	1.000000	1.000000
0.299420	0.299383	0.355634	0.304484
0.355634	0.304484	0.337003	0.314511
0.337003	0.314511	0.331947	0.325673
0.331947	0.325673	0.339349	0.341350
0.339349	0.341350	0.357104	0.361037
0.357104	0.361037	0.381037	0.384609
0.381037	0.384609	0.406326	0.409230
0.406326	0.409230	0.433368	0.435063
0.433368	0.435063	0.462604	0.463417
0.462604	0.463417	0.493450	0.493694
0.493450	0.493694	0.523059	0.522732
0.523059	0.522732	0.553169	0.552547
0.553169	0.552547	0.581879	0.581008
0.581879	0.581008	0.611787	0.610881
0.611787	0.610881	0.639989	0.639223
0.639989	0.639223	0.667864	0.667198
0.667864	0.667198	0.695399	0.694698
0.695399	0.694698	0.722157	0.721605
0.722157	0.721605	0.749419	0.748935
0.749419	0.748935	0.773343	0.772860
0.773343	0.772860	0.796040	0.795628
0.796040	0.795628	0.817557	0.817110
0.817557	0.817110	0.837021	0.836693
0.837021	0.836693	0.855528	0.855264
0.855528	0.855264	0.873274	0.873000
0.873274	0.873000	0.888884	0.888665
0.888884	0.888665	0.902541	0.902335
0.902541	0.902335	0.915132	0.914994
0.915132	0.914994	0.926783	0.926646
0.926783	0.926646	0.937032	0.936885
0.937032	0.936885	0.946060	0.945897
0.946060	0.945897	0.953512	0.953339
0.953512	0.953339	0.960662	0.960462
0.960662	0.960462	0.966653	0.966488
0.966653	0.966488	0.972032	0.971858
0.972032	0.971858	0.977097	0.976920
0.977097	0.976920	0.981117	0.980940
0.981117	0.980940	0.984575	0.984369
0.984575	0.984369	0.987161	0.986933
0.987161	0.986933	0.989743	0.989544
0.989743	0.989544	0.991611	0.991409
0.991611	0.991409	0.993376	0.993147
0.993376	0.993147	0.994838	0.994588
0.994838	0.994588	0.995764	0.995475
0.995764	0.995475	0.996630	0.996367
0.996630	0.996367	0.997322	0.997088
0.997322	0.997088	0.997850	0.997572
0.997850	0.997572	0.998070	0.997829
0.998070	0.997829	0.998343	0.998091
0.998343	0.998091	0.998760	0.998540
0.998760	0.998540	0.999055	0.998833
0.999055	0.998833	0.999333	0.999180
0.999333	0.999180	0.999494	0.999364
0.999494	0.999364	0.999607	0.999484
0.999607	0.999484	0.999693	0.999600
0.999693	0.999600	0.999813	0.999730
0.999813	0.999730	0.999921	0.999822
0.999921	0.999822	0.999939	0.999807
0.999939	0.999807	0.999964	0.999799
0.999964	0.999799	0.999973	0.999806
0.999973	0.999806	0.999976	0.999789
0.999976	0.999789	0.999983	0.999783
0.999983	0.999783	0.999988	0.999785
0.999988	0.999785	0.999995	0.999802
0.999995	0.999802	1.000000	0.999815
1.000000	0.999815	1.000000	0.999807
1.000000	0.999807	1.000000	0.999834
1.000000	0.999834	1.000000	0.999854
1.000000	0.999854	1.000000	0.999870
1.000000	0.999870	1.000000	0.999838
1.000000	0.999838	1.000000	0.999892
1.000000	0.999892	1.000000	0.999897
1.000000	0.999897	1.000000	0.999863
1.000000	0.999863	1.000000	0.999838
1.000000	0.999838	1.000000	0.999889
1.000000	0.999889	1.000000	0.999893
1.000000	0.999893	1.000000	0.999898
1.000000	0.999898	1.000000	0.999875
1.000000	0.999875	1.000000	0.999891
1.000000	0.999891	1.000000	0.999871
1.000000	0.999871	1.000000	0.999874
1.000000	0.999874	1.000000	0.999881
1.000000	0.999881	1.000000	0.999900
1.000000	0.999900	1.000000	0.999913
1.000000	0.999913	1.000000	0.999933
1.000000	0.999933	1.000000	0.999920
1.000000	0.999920	1.000000	0.999919
1.000000	0.999919	1.000000	0.999929
1.000000	0.999929	1.000000	0.999955
1.000000	0.999955	1.000000	0.999969
1.000000	0.999969	1.000000	0.999972
1.000000	0.999972	1.000000	0.999978
1.000000	0.999978	1.000000	0.999985
1.000000	0.999985	1.000000	0.999996
1.000000	0.999996	1.000000	0.999997
1.000000	0.999997	1.000000	1.000000
1.000000	1.000000	1.000000	1.000000
1.000000	1.000000	1.000000	1.000000
1.000000	1.000000	1.000000	1.000000
1.000000	1.000000	1.000000	1.000000
1.000000	1.000000	1.000000	1.000000
1.000000	1.000000	1.000000	1.000000
1.000000	1.000000	1.000000	1.000000
1.000000	1.000000	1.000000	1.000000
1.000000	1.000000	1.000000	1.000000
1.000000	1.000000	1.000000	1.000000
1.000000	1.000000	1.000000	1.000000
1.000000	1.000000	1.000000	1.000000
1.000000	1.000000	1.000000	1.000000
1.000000	1.000000	1.000000	1.000000
1.000000	1.000000	1.000000	1.000000
1.000000	1.000000	1.000000	1.000000
1.000000	1.000000	1.000000	1.000000
1.000000	1.000000	1.000000	1.000000
1.000000	1.000000	1.000000	1.000000
1.000000	1.000000	1.000000	1.000000
1.000000	1.000000	1.000000	1.000000
1.000000	1.000000	1.000000	1.000000
1.000000	1.000000	1.000000	1.000000
1.000000	1.000000	1.000000	1.000000
1.000000	1.000000	1.000000	1.000000
1.000000	1.000000	1.000000	1.000000
1.000000	1.000000	1.000000	1.000000
1.000000	1.000000	1.000000	1.000000
1.000000	1.000000	1.000000	1.000000
1.000000	1.000000	1.000000	1.000000
1.000000	1.000000	1.000000	1.000000
1.000000	1.000000	1.000000	1.000000
1.000000	1.000000	1.000000	1.000000
1.000000	1.000000	1.000000	1.000000
1.000000	1.000000	1.000000	1.000000
1.000000	1.000000	1.000000	1.000000
1.000000	1.000000	1.000000	1.000000
1.000000	1.000000	1.000000	1.000000
1.000000	1.000000	1.000000	1.000000
1.000000	1.000000	1.000000	1.000000
1.000000	1.000000	1.000000	1.000000
1.000000	1.000000	1.000000	1.000000
1.000000	1.000000	1.000000	1.000000
1.000000	1.000000	1.000000	1.000000
1.000000	1.000000	1.000000	1.000000
1.000000	1.000000	1.000000	1.000000
1.000000	1.000000	1.000000	1.000000
1.000000	1.000000	1.000000	1.000000
1.000000	1.000000	1.000000	1.000000
1.000000	1.000000	1.000000	1.000000
1.000000	1.000000	1.000000	1.000000
1.000000	1.000000	1.000000	1.000000
1.000000	1.000000	1.000000	1.000000
1.000000	1.000000	1.000000	1.000000
1.000000	1.000000	1.000000	1.000000
1.000000	1.000000	1.000000	1.000000
1.000000	1.000000	1.000000	1.000000
1.000000	1.000000	1.000000	1.000000
1.000000	1.000000	1.000000	1.000000
1.000000	1.000000	1.000000	1.000000
1.000000	1.000000	1.000000	1.000000
1.000000	1.000000	1.000000	1.000000
1.000000	1.000000	1.000000	1.000000
1.000000	1.000000	1.000000	1.000000
1.000000	1.000000	1.000000	1.000000
1.000000	1.000000	1.000000	1.000000
1.000000	1.000000	1.000000	1.000000
1.000000	1.000000	1.000000	1.000000
1.000000	1.000000	1.000000	1.000000
1.000000	1.000000	1.000000	1.000000
1.000000	1.000000	1.000000	1.000000
1.000000	1.000000	1.000000	1.000000
1.000000	1.000000	1.000000	1.000000
1.000000	1.000000	1.000000	1.000000
1.000000	1.000000	1.000000	1.000000
1.000000	1.000000	1.000000	1.000000
1.000000	1.000000	1.000000	1.000000
1.000000	1.000000	1.000000	1.000000
1.000000	1.000000	1.000000	1.000000
1.000000	1.000000	1.000000	1.000000
1.000000	1.000000	1.000000	1.000000
1.000000	1.000000	1.000000	1.000000
1.000000	1.000000	1.000000	1.000000
1.000000	1.000000	1.000000	1.000000
1.000000	1.000000	1.000000	1.000000
1.000000	1.000000	1.000000	1.000000
1.000000	1.000000	1.000000	1.000000
1.000000	1.000000	1.000000	1.000000
1.000000	1.000000	1.000000	1.000000
1.000000	1.000000	1.000000	1.000000
1.000000	1.000000	1.000000	1.000000
1.000000	1.000000	1.000000	1.000000
1.000000	1.000000	1.000000	1.000000
1.000000	1.000000	1.000000	1.000000
1.000000	1.000000	1.000000	1.000000
1.000000	1.000000	1.000000	1.000000
1.000000	1.000000	1.000000	1.000000
1.000000	1.000000	1.000000	1.000000
1.000000	1.000000	1.000000	1.000000
1.000000	1.000000	1.000000	1.000000
1.000000	1.000000	1.000000	1.000000
1.000000	1.000000	1.000000	1.000000
1.000000	1.000000	1.000000	1.000000
0.299865	0.399628	0.464020	0.409840
0.464020	0.409840	0.483679	0.421087
0.483679	0.421087	0.485771	0.433017
0.485771	0.433017	0.491291	0.450936
0.491291	0.450936	0.502749	0.470942
0.502749	0.470942	0.521394	0.497197
0.521394	0.497197	0.543131	0.524260
0.543131	0.524260	0.569190	0.554072
0.569190	0.554072	0.597000	0.584715
0.597000	0.584715	0.625733	0.616049
0.625733	0.616049	0.658604	0.650745
0.658604	0.650745	0.690642	0.684414
0.690642	0.684414	0.722757	0.717310
0.722757	0.717310	0.751958	0.747047
0.751958	0.747047	0.779954	0.775455
0.779954	0.775455	0.805921	0.801904
0.805921	0.801904	0.830760	0.827070
0.830760	0.827070	0.853119	0.849833
0.853119	0.849833	0.873845	0.871010
0.873845	0.871010	0.893407	0.890697
0.893407	0.890697	0.910523	0.907830
0.910523	0.907830	0.925216	0.922503
0.925216	0.922503	0.937359	0.934605
0.937359	0.934605	0.948112	0.945499
0.948112	0.945499	0.956043	0.953447
0.956043	0.953447	0.964016	0.961542
0.964016	0.961542	0.970545	0.968037
0.970545	0.968037	0.976005	0.973693
0.976005	0.973693	0.980344	0.977906
0.980344	0.977906	0.984103	0.981851
0.984103	0.981851	0.987268	0.984845
0.987268	0.984845	0.990042	0.987740
0.990042	0.987740	0.992174	0.990042
0.992174	0.990042	0.993829	0.991677
0.993829	0.991677	0.995246	0.993153
0.995246	0.993153	0.996280	0.994124
0.996280	0.994124	0.997258	0.995085
0.997258	0.995085	0.997859	0.995840
0.997859	0.995840	0.998523	0.996413
0.998523	0.996413	0.998829	0.996700
0.998829	0.996700	0.999166	0.997059
0.999166	0.997059	0.999391	0.997441
0.999391	0.997441	0.999577	0.997781
0.999577	0.997781	0.999794	0.997872
0.999794	0.997872	0.999857	0.997864
0.999857	0.997864	0.999882	0.998141
0.999882	0.998141	0.999923	0.998169
0.999923	0.998169	0.999964	0.998096
0.999964	0.998096	0.999970	0.998234
0.999970	0.998234	0.999991	0.998130
0.999991	0.998130	0.999998	0.998149
0.999998	0.998149	0.999989	0.998124
0.999989	0.998124	0.999994	0.998252
0.999994	0.998252	0.999997	0.998269
0.999997	0.998269	1.000000	0.998279
1.000000	0.998279	1.000000	0.998337
1.000000	0.998337	1.000000	0.998383
1.000000	0.998383	1.000000	0.998379
1.000000	0.998379	1.000000	0.998324
1.000000	0.998324	1.000000	0.998209
1.000000	0.998209	1.000000	0.998236
1.000000	0.998236	1.000000	0.998298
1.000000	0.998298	1.000000	0.998125
1.000000	0.998125	1.000000	0.998160
1.000000	0.998160	1.000000	0.998142
1.000000	0.998142	1.000000	0.997912
1.000000	0.997912	1.000000	0.997963
1.000000	0.997963	1.000000	0.998021
1.000000	0.998021	1.000000	0.997957
1.000000	0.997957	1.000000	0.998031
1.000000	0.998031	1.000000	0.997816
1.000000	0.997816	1.000000	0.997808
1.000000	0.997808	1.000000	0.997787
1.000000	0.997787	1.000000	0.997915
1.000000	0.997915	1.000000	0.997941
1.000000	0.997941	1.000000	0.997954
1.000000	0.997954	1.000000	0.998015
1.000000	0.998015	1.000000	0.998164
1.000000	0.998164	1.000000	0.998060
1.000000	0.998060	1.000000	0.997940
1.000000	0.997940	1.000000	0.998001
1.000000	0.998001	1.000000	0.998068
1.000000	0.998068	1.000000	0.998197
1.000000	0.998197	1.000000	0.998139
1.000000	0.998139	1.000000	0.998229
1.000000	0.998229	1.000000	0.998150
1.000000	0.998150	1.000000	0.998250
1.000000	0.998250	1.000000	0.998353
1.000000	0.998353	1.000000	0.998321
1.000000	0.998321	1.000000	0.998204
1.000000	0.998204	1.000000	0.998311
1.000000	0.998311	1.000000	0.998288
1.000000	0.998288	1.000000	0.998273
1.000000	0.998273	1.000000	0.998342
1.000000	0.998342	1.000000	0.998358
1.000000	0.998358	1.000000	0.998322
1.000000	0.998322	1.000000	0.998266
1.000000	0.998266	1.000000	0.998315
1.000000	0.998315	1.000000	0.998235
1.000000	0.998235	1.000000	0.998293
1.000000	0.998293	1.000000	0.998325
1.000000	0.998325	1.000000	0.998288
1.000000	0.998288	1.000000	0.998232
1.000000	0.998232	1.000000	0.998211
1.000000	0.998211	1.000000	0.998158
1.000000	0.998158	1.000000	0.998210
1.000000	0.998210	1.000000	0.998300
1.000000	0.998300	1.000000	0.998322
1.000000	0.998322	1.000000	0.998339
1.000000	0.998339	1.000000	0.998277
1.000000	0.998277	1.000000	0.998099
1.000000	0.998099	1.000000	0.998181
1.000000	0.998181	1.000000	0.998245
1.000000	0.998245	1.000000	0.998311
1.000000	0.998311	1.000000	0.998412
1.000000	0.998412	1.000000	0.998395
1.000000	0.998395	1.000000	0.998515
1.000000	0.998515	1.000000	0.998426
1.000000	0.998426	1.000000	0.998394
1.000000	0.998394	1.000000	0.998458
1.000000	0.998458	1.000000	0.998497
1.000000	0.998497	1.000000	0.998442
1.000000	0.998442	1.000000	0.998344
1.000000	0.998344	1.000000	0.998411
1.000000	0.998411	1.000000	0.998421
1.000000	0.998421	1.000000	0.998511
1.000000	0.998511	1.000000	0.998555
1.000000	0.998555	1.000000	0.998470
1.000000	0.998470	1.000000	0.998428
1.000000	0.998428	1.000000	0.998390
1.000000	0.998390	1.000000	0.998298
1.000000	0.998298	1.000000	0.998202
1.000000	0.998202	1.000000	0.998256
1.000000	0.998256	1.000000	0.998306
1.000000	0.998306	1.000000	0.998266
1.000000	0.998266	1.000000	0.998205
1.000000	0.998205	1.000000	0.998256
1.000000	0.998256	1.000000	0.998165
1.000000	0.998165	1.000000	0.998195
1.000000	0.998195	1.000000	0.998112
1.000000	0.998112	1.000000	0.998149
1.000000	0.998149	1.000000	0.998248
1.000000	0.998248	1.000000	0.998126
1.000000	0.998126	1.000000	0.998259
1.000000	0.998259	1.000000	0.998184
1.000000	0.998184	1.000000	0.998256
1.000000	0.998256	1.000000	0.998312
1.000000	0.998312	1.000000	0.998287
1.000000	0.998287	1.000000	0.998238
1.000000	0.998238	1.000000	0.998161
1.000000	0.998161	1.000000	0.998140
1.000000	0.998140	1.000000	0.998149
1.000000	0.998149	1.000000	0.998019
1.000000	0.998019	1.000000	0.997998
1.000000	0.997998	1.000000	0.998083
1.000000	0.998083	1.000000	0.998141
1.000000	0.998141	1.000000	0.998137
1.000000	0.998137	1.000000	0.998281
1.000000	0.998281	1.000000	0.998270
1.000000	0.998270	1.000000	0.998253
1.000000	0.998253	1.000000	0.998276
1.000000	0.998276	1.000000	0.998307
1.000000	0.998307	1.000000	0.998363
1.000000	0.998363	1.000000	0.998315
1.000000	0.998315	1.000000	0.998226
1.000000	0.998226	1.000000	0.998248
1.000000	0.998248	1.000000	0.998311
1.000000	0.998311	1.000000	0.998324
1.000000	0.998324	1.000000	0.998183
1.000000	0.998183	1.000000	0.998174
1.000000	0.998174	1.000000	0.998088
1.000000	0.998088	1.000000	0.997885
1.000000	0.997885	1.000000	0.997778
1.000000	0.997778	1.000000	0.997785
1.000000	0.997785	1.000000	0.997830
1.000000	0.997830	1.000000	0.997930
1.000000	0.997930	1.000000	0.997960
1.000000	0.997960	1.000000	0.997697
1.000000	0.997697	1.000000	0.997727
1.000000	0.997727	1.000000	0.997752
1.000000	0.997752	1.000000	0.997591
1.000000	0.997591	1.000000	0.997578
1.000000	0.997578	1.000000	0.997407
1.000000	0.997407	1.000000	0.997412
1.000000	0.997412	1.000000	0.997318
1.000000	0.997318	1.000000	0.997358
1.000000	0.997358	1.000000	0.997193
1.000000	0.997193	1.000000	0.997194
1.000000	0.997194	1.000000	0.997129
1.000000	0.997129	1.000000	0.997127
1.000000	0.997127	1.000000	0.997124
1.000000	0.997124	1.000000	0.997151
1.000000	0.997151	1.000000	0.997212
1.000000	0.997212	1.000000	0.997180
1.000000	0.997180	1.000000	0.997270
1.000000	0.997270	1.000000	0.997191
1.000000	0.997191	1.000000	0.997055
1.000000	0.997055	1.000000	0.997091
1.000000	0.997091	1.000000	0.997113
0.300054	0.500162	0.567219	0.511121
0.567219	0.511121	0.618826	0.524053
0.618826	0.524053	0.630637	0.538803
0.630637	0.538803	0.636358	0.555810
0.636358	0.555810	0.641322	0.574485
0.641322	0.574485	0.651432	0.598267
0.651432	0.598267	0.666985	0.623396
0.666985	0.623396	0.686416	0.651195
0.686416	0.651195	0.708968	0.679792
0.708968	0.679792	0.733804	0.709202
0.733804	0.709202	0.758522	0.737617
0.758522	0.737617	0.784840	0.766650
0.784840	0.766650	0.809198	0.793299
0.809198	0.793299	0.833174	0.818733
0.833174	0.818733	0.855828	0.842779
0.855828	0.842779	0.877652	0.865911
0.877652	0.865911	0.896540	0.885810
0.896540	0.885810	0.912890	0.903122
0.912890	0.903122	0.926626	0.917180
0.926626	0.917180	0.938999	0.930329
0.938999	0.930329	0.950571	0.941737
0.950571	0.941737	0.959191	0.950751
0.959191	0.950751	0.967545	0.959457
0.967545	0.959457	0.973643	0.965667
0.973643	0.965667	0.979051	0.971148
0.979051	0.971148	0.983900	0.976198
0.983900	0.976198	0.987240	0.979654
0.987240	0.979654	0.989900	0.982495
0.989900	0.982495	0.992297	0.984902
0.992297	0.984902	0.994049	0.986627
0.994049	0.986627	0.995587	0.988029
0.995587	0.988029	0.996723	0.989054
0.996723	0.989054	0.997520	0.990371
0.997520	0.990371	0.998003	0.990804
0.998003	0.990804	0.998472	0.991330
0.998472	0.991330	0.998863	0.991523
0.998863	0.991523	0.999104	0.991812
0.999104	0.991812	0.999268	0.991782
0.999268	0.991782	0.999423	0.991781
0.999423	0.991781	0.999614	0.992027
0.999614	0.992027	0.999711	0.992148
0.999711	0.992148	0.999753	0.991968
0.999753	0.991968	0.999773	0.991762
0.999773	0.991762	0.999794	0.991779
0.999794	0.991779	0.999866	0.991960
0.999866	0.991960	0.999910	0.991913
0.999910	0.991913	0.999920	0.991949
0.999920	0.991949	0.999935	0.991629
0.999935	0.991629	0.999936	0.991660
0.999936	0.991660	0.999960	0.991524
0.999960	0.991524	0.999991	0.991218
0.999991	0.991218	1.000000	0.991250
1.000000	0.991250	1.000000	0.990860
1.000000	0.990860	1.000000	0.991162
1.000000	0.991162	1.000000	0.991061
1.000000	0.991061	1.000000	0.991097
1.000000	0.991097	1.000000	0.991220
1.000000	0.991220	1.000000	0.991084
1.000000	0.991084	1.000000	0.990970
1.000000	0.990970	1.000000	0.991012
1.000000	0.991012	1.000000	0.990785
1.000000	0.990785	1.000000	0.990652
1.000000	0.990652	1.000000	0.990321
1.000000	0.990321	1.000000	0.990270
1.000000	0.990270	1.000000	0.990169
1.000000	0.990169	1.000000	0.990363
1.000000	0.990363	1.000000	0.990547
1.000000	0.990547	1.000000	0.990793
1.000000	0.990793	1.000000	0.990807
1.000000	0.990807	1.000000	0.990921
1.000000	0.990921	1.000000	0.991081
1.000000	0.991081	1.000000	0.991146
1.000000	0.991146	1.000000	0.991350
1.000000	0.991350	1.000000	0.991293
1.000000	0.991293	1.000000	0.991024
1.000000	0.991024	1.000000	0.990740
1.000000	0.990740	1.000000	0.990903
1.000000	0.990903	1.000000	0.990769
1.000000	0.990769	1.000000	0.990937
1.000000	0.990937	1.000000	0.990894
1.000000	0.990894	1.000000	0.990982
1.000000	0.990982	1.000000	0.990999
1.000000	0.990999	1.000000	0.990826
1.000000	0.990826	1.000000	0.991181
1.000000	0.991181	1.000000	0.991166
1.000000	0.991166	1.000000	0.991451
1.000000	0.991451	1.000000	0.991533
1.000000	0.991533	1.000000	0.991194
1.000000	0.991194	1.000000	0.991343
1.000000	0.991343	1.000000	0.990990
1.000000	0.990990	1.000000	0.991010
1.000000	0.991010	1.000000	0.990725
1.000000	0.990725	1.000000	0.990605
1.000000	0.990605	1.000000	0.990462
1.000000	0.990462	1.000000	0.990477
1.000000	0.990477	1.000000	0.990231
1.000000	0.990231	1.000000	0.990084
1.000000	0.990084	1.000000	0.989883
1.000000	0.989883	1.000000	0.989940
1.000000	0.989940	1.000000	0.990096
1.000000	0.990096	1.000000	0.989817
1.000000	0.989817	1.000000	0.990139
1.000000	0.990139	1.000000	0.989833
1.000000	0.989833	1.000000	0.990235
1.000000	0.990235	1.000000	0.989976
1.000000	0.989976	1.000000	0.989929
1.000000	0.989929	1.000000	0.990127
1.000000	0.990127	1.000000	0.990181
1.000000	0.990181	1.000000	0.990235
1.000000	0.990235	1.000000	0.990342
1.000000	0.990342	1.000000	0.990312
1.000000	0.990312	1.000000	0.990194
1.000000	0.990194	1.000000	0.990435
1.000000	0.990435	1.000000	0.990257
1.000000	0.990257	1.000000	0.989830
1.000000	0.989830	1.000000	0.989929
1.000000	0.989929	1.000000	0.989938
1.000000	0.989938	1.000000	0.989865
1.000000	0.989865	1.000000	0.989519
1.000000	0.989519	1.000000	0.989356
1.000000	0.989356	1.000000	0.989654
1.000000	0.989654	1.000000	0.990033
1.000000	0.990033	1.000000	0.990046
1.000000	0.990046	1.000000	0.990168
1.000000	0.990168	1.000000	0.990267
1.000000	0.990267	1.000000	0.990271
1.000000	0.990271	1.000000	0.990275
1.000000	0.990275	1.000000	0.990267
1.000000	0.990267	1.000000	0.990380
1.000000	0.990380	1.000000	0.990359
1.000000	0.990359	1.000000	0.990431
1.000000	0.990431	1.000000	0.990201
1.000000	0.990201	1.000000	0.990313
1.000000	0.990313	1.000000	0.990073
1.000000	0.990073	1.000000	0.990097
1.000000	0.990097	1.000000	0.990193
1.000000	0.990193	1.000000	0.990135
1.000000	0.990135	1.000000	0.990015
1.000000	0.990015	1.000000	0.990023
1.000000	0.990023	1.000000	0.990238
1.000000	0.990238	1.000000	0.990250
1.000000	0.990250	1.000000	0.990535
1.000000	0.990535	1.000000	0.990450
1.000000	0.990450	1.000000	0.990535
1.000000	0.990535	1.000000	0.990589
1.000000	0.990589	1.000000	0.990308
1.000000	0.990308	1.000000	0.990412
1.000000	0.990412	1.000000	0.990194
1.000000	0.990194	1.000000	0.990131
1.000000	0.990131	1.000000	0.989869
1.000000	0.989869	1.000000	0.989832
1.000000	0.989832	1.000000	0.989927
1.000000	0.989927	1.000000	0.990057
1.000000	0.990057	1.000000	0.989642
1.000000	0.989642	1.000000	0.989436
1.000000	0.989436	1.000000	0.989315
1.000000	0.989315	1.000000	0.989571
1.000000	0.989571	1.000000	0.989559
1.000000	0.989559	1.000000	0.989733
1.000000	0.989733	1.000000	0.989617
1.000000	0.989617	1.000000	0.989798
1.000000	0.989798	1.000000	0.989745
1.000000	0.989745	1.000000	0.990075
1.000000	0.990075	1.000000	0.990288
1.000000	0.990288	1.000000	0.990294
1.000000	0.990294	1.000000	0.990229
1.000000	0.990229	1.000000	0.990191
1.000000	0.990191	1.000000	0.990283
1.000000	0.990283	1.000000	0.990307
1.000000	0.990307	1.000000	0.990582
1.000000	0.990582	1.000000	0.990760
1.000000	0.990760	1.000000	0.990874
1.000000	0.990874	1.000000	0.991019
1.000000	0.991019	1.000000	0.991062
1.000000	0.991062	1.000000	0.991143
1.000000	0.991143	1.000000	0.991189
1.000000	0.991189	1.000000	0.991223
1.000000	0.991223	1.000000	0.990985
1.000000	0.990985	1.000000	0.991192
1.000000	0.991192	1.000000	0.991454
1.000000	0.991454	1.000000	0.991478
1.000000	0.991478	1.000000	0.991782
1.000000	0.991782	1.000000	0.991864
1.000000	0.991864	1.000000	0.991811
1.000000	0.991811	1.000000	0.991853
1.000000	0.991853	1.000000	0.991792
1.000000	0.991792	1.000000	0.991588
1.000000	0.991588	1.000000	0.991532
1.000000	0.991532	1.000000	0.991512
1.000000	0.991512	1.000000	0.991092
1.000000	0.991092	1.000000	0.991018
1.000000	0.991018	1.000000	0.991310
1.000000	0.991310	1.000000	0.991004
1.000000	0.991004	1.000000	0.991057
1.000000	0.991057	1.000000	0.990771
1.000000	0.990771	1.000000	0.990760
1.000000	0.990760	1.000000	0.990659
1.000000	0.990659	1.000000	0.990852
1.000000	0.990852	1.000000	0.991205
0.299349	0.599539	0.659566	0.613925
0.659566	0.613925	0.735877	0.630003
0.735877	0.630003	0.758026	0.641686
0.758026	0.641686	0.766007	0.654867
0.766007	0.654867	0.768192	0.669982
0.768192	0.669982	0.769511	0.684924
0.769511	0.684924	0.776746	0.705224
0.776746	0.705224	0.785363	0.723417
0.785363	0.723417	0.797173	0.744560
0.797173	0.744560	0.812864	0.767128
0.812864	0.767128	0.829241	0.789012
0.829241	0.789012	0.846164	0.810545
0.846164	0.810545	0.864075	0.832966
0.864075	0.832966	0.880837	0.852801
0.880837	0.852801	0.896027	0.870103
0.896027	0.870103	0.910803	0.886903
0.910803	0.886903	0.923226	0.900664
0.923226	0.900664	0.935039	0.913796
0.935039	0.913796	0.946098	0.925783
0.946098	0.925783	0.954847	0.935276
0.954847	0.935276	0.962964	0.944278
0.962964	0.944278	0.970134	0.951811
0.970134	0.951811	0.975565	0.957625
0.975565	0.957625	0.980230	0.962900
0.980230	0.962900	0.984121	0.967111
0.984121	0.967111	0.987577	0.970928
0.987577	0.970928	0.990143	0.973379
0.990143	0.973379	0.991811	0.975058
0.991811	0.975058	0.993395	0.976549
0.993395	0.976549	0.994583	0.978164
0.994583	0.978164	0.995627	0.979090
0.995627	0.979090	0.996719	0.980386
0.996719	0.980386	0.997637	0.981516
0.997637	0.981516	0.998061	0.982368
0.998061	0.982368	0.998535	0.982997
0.998535	0.982997	0.998915	0.983528
0.998915	0.983528	0.999158	0.983341
0.999158	0.983341	0.999301	0.983279
0.999301	0.983279	0.999374	0.983299
0.999374	0.983299	0.999517	0.983470
0.999517	0.983470	0.999657	0.983523
0.999657	0.983523	0.999761	0.983753
0.999761	0.983753	0.999806	0.983678
0.999806	0.983678	0.999892	0.983899
0.999892	0.983899	0.999940	0.983876
0.999940	0.983876	0.999980	0.983759
0.999980	0.983759	0.999984	0.983382
0.999984	0.983382	0.999988	0.983385
0.999988	0.983385	0.999989	0.983450
0.999989	0.983450	0.999992	0.983294
0.999992	0.983294	0.999984	0.983462
0.999984	0.983462	0.999984	0.983411
0.999984	0.983411	0.999981	0.983687
0.999981	0.983687	0.999986	0.983428
0.999986	0.983428	0.999993	0.984097
0.999993	0.984097	0.999998	0.983715
0.999998	0.983715	0.999994	0.983782
0.999994	0.983782	0.999998	0.983078
0.999998	0.983078	1.000000	0.982829
1.000000	0.982829	1.000000	0.982439
1.000000	0.982439	1.000000	0.982433
1.000000	0.982433	1.000000	0.982441
1.000000	0.982441	1.000000	0.982450
1.000000	0.982450	1.000000	0.982188
1.000000	0.982188	1.000000	0.982237
1.000000	0.982237	1.000000	0.982334
1.000000	0.982334	1.000000	0.982546
1.000000	0.982546	1.000000	0.982845
1.000000	0.982845	1.000000	0.983043
1.000000	0.983043	1.000000	0.982778
1.000000	0.982778	1.000000	0.982688
1.000000	0.982688	1.000000	0.982961
1.000000	0.982961	1.000000	0.982981
1.000000	0.982981	1.000000	0.983035
1.000000	0.983035	1.000000	0.983465
1.000000	0.983465	1.000000	0.983404
1.000000	0.983404	1.000000	0.983191
1.000000	0.983191	1.000000	0.983020
1.000000	0.983020	1.000000	0.982820
1.000000	0.982820	1.000000	0.982914
1.000000	0.982914	1.000000	0.982983
1.000000	0.982983	1.000000	0.982949
1.000000	0.982949	1.000000	0.983228
1.000000	0.983228	1.000000	0.983434
1.000000	0.983434	1.000000	0.982926
1.000000	0.982926	1.000000	0.982949
1.000000	0.982949	1.000000	0.982994
1.000000	0.982994	1.000000	0.983309
1.000000	0.983309	1.000000	0.982919
1.000000	0.982919	1.000000	0.983359
1.000000	0.983359	1.000000	0.983356
1.000000	0.983356	1.000000	0.983611
1.000000	0.983611	1.000000	0.983301
1.000000	0.983301	1.000000	0.983577
1.000000	0.983577	1.000000	0.983226
1.000000	0.983226	1.000000	0.983207
1.000000	0.983207	1.000000	0.983378
1.000000	0.983378	1.000000	0.983440
1.000000	0.983440	1.000000	0.983365
1.000000	0.983365	1.000000	0.983548
1.000000	0.983548	1.000000	0.983359
1.000000	0.983359	1.000000	0.983216
1.000000	0.983216	1.000000	0.983171
1.000000	0.983171	1.000000	0.983138
1.000000	0.983138	1.000000	0.983194
1.000000	0.983194	1.000000	0.983273
1.000000	0.983273	1.000000	0.983246
1.000000	0.983246	1.000000	0.983370
1.000000	0.983370	1.000000	0.983918
1.000000	0.983918	1.000000	0.984060
1.000000	0.984060	1.000000	0.983929
1.000000	0.983929	1.000000	0.983780
1.000000	0.983780	1.000000	0.984300
1.000000	0.984300	1.000000	0.984291
1.000000	0.984291	1.000000	0.984416
1.000000	0.984416	1.000000	0.984810
1.000000	0.984810	1.000000	0.985018
1.000000	0.985018	1.000000	0.984959
1.000000	0.984959	1.000000	0.985081
1.000000	0.985081	1.000000	0.985284
1.000000	0.985284	1.000000	0.985326
1.000000	0.985326	1.000000	0.985311
1.000000	0.985311	1.000000	0.985217
1.000000	0.985217	1.000000	0.985162
1.000000	0.985162	1.000000	0.985612
1.000000	0.985612	1.000000	0.985504
1.000000	0.985504	1.000000	0.985075
1.000000	0.985075	1.000000	0.985525
1.000000	0.985525	1.000000	0.985555
1.000000	0.985555	1.000000	0.985404
1.000000	0.985404	1.000000	0.985736
1.000000	0.985736	1.000000	0.986011
1.000000	0.986011	1.000000	0.985968
1.000000	0.985968	1.000000	0.986125
1.000000	0.986125	1.000000	0.986415
1.000000	0.986415	1.000000	0.986340
1.000000	0.986340	1.000000	0.986471
1.000000	0.986471	1.000000	0.986378
1.000000	0.986378	1.000000	0.986218
1.000000	0.986218	1.000000	0.986232
1.000000	0.986232	1.000000	0.986468
1.000000	0.986468	1.000000	0.986247
1.000000	0.986247	1.000000	0.986405
1.000000	0.986405	1.000000	0.986718
1.000000	0.986718	1.000000	0.986917
1.000000	0.986917	1.000000	0.986825
1.000000	0.986825	1.000000	0.987295
1.000000	0.987295	1.000000	0.987293
1.000000	0.987293	1.000000	0.987255
1.000000	0.987255	1.000000	0.987208
1.000000	0.987208	1.000000	0.987310
1.000000	0.987310	1.000000	0.987174
1.000000	0.987174	1.000000	0.987117
1.000000	0.987117	1.000000	0.987215
1.000000	0.987215	1.000000	0.987537
1.000000	0.987537	1.000000	0.987480
1.000000	0.987480	1.000000	0.987118
1.000000	0.987118	1.000000	0.986934
1.000000	0.986934	1.000000	0.986942
1.000000	0.986942	1.000000	0.986674
1.000000	0.986674	1.000000	0.986616
1.000000	0.986616	1.000000	0.986652
1.000000	0.986652	1.000000	0.986663
1.000000	0.986663	1.000000	0.986938
1.000000	0.986938	1.000000	0.986875
1.000000	0.986875	1.000000	0.987011
1.000000	0.987011	1.000000	0.987205
1.000000	0.987205	1.000000	0.987539
1.000000	0.987539	1.000000	0.987197
1.000000	0.987197	1.000000	0.987548
1.000000	0.987548	1.000000	0.987479
1.000000	0.987479	1.000000	0.987493
1.000000	0.987493	1.000000	0.987396
1.000000	0.987396	1.000000	0.987594
1.000000	0.987594	1.000000	0.987198
1.000000	0.987198	1.000000	0.987342
1.000000	0.987342	1.000000	0.987331
1.000000	0.987331	1.000000	0.987430
1.000000	0.987430	1.000000	0.987099
1.000000	0.987099	1.000000	0.987181
1.000000	0.987181	1.000000	0.987178
1.000000	0.987178	1.000000	0.987522
1.000000	0.987522	1.000000	0.987463
1.000000	0.987463	1.000000	0.987510
1.000000	0.987510	1.000000	0.987282
1.000000	0.987282	1.000000	0.987658
1.000000	0.987658	1.000000	0.987054
1.000000	0.987054	1.000000	0.987163
1.000000	0.987163	1.000000	0.987222
1.000000	0.987222	1.000000	0.987373
1.000000	0.987373	1.000000	0.987349
1.000000	0.987349	1.000000	0.987170
1.000000	0.987170	1.000000	0.987028
1.000000	0.987028	1.000000	0.987063
1.000000	0.987063	1.000000	0.986857
1.000000	0.986857	1.000000	0.987064
1.000000	0.987064	1.000000	0.986834
1.000000	0.986834	1.000000	0.986776
1.000000	0.986776	1.000000	0.986748
0.300271	0.699392	0.741347	0.711305
0.741347	0.711305	0.831978	0.723407
0.831978	0.723407	0.861066	0.733592
0.861066	0.733592	0.870917	0.743997
0.870917	0.743997	0.871385	0.751566
0.871385	0.751566	0.871800	0.760086
0.871800	0.760086	0.871476	0.770301
0.871476	0.770301	0.872922	0.781656
0.872922	0.781656	0.877626	0.795100
0.877626	0.795100	0.883792	0.807965
0.883792	0.807965	0.890741	0.820555
0.890741	0.820555	0.897430	0.832888
0.897430	0.832888	0.904975	0.844584
0.904975	0.844584	0.912845	0.855790
0.912845	0.855790	0.920500	0.867423
0.920500	0.867423	0.928485	0.878777
0.928485	0.878777	0.936088	0.889499
0.936088	0.889499	0.943199	0.898632
0.943199	0.898632	0.950483	0.907651
0.950483	0.907651	0.957281	0.915889
0.957281	0.915889	0.962929	0.922436
0.962929	0.922436	0.968750	0.929669
0.968750	0.929669	0.972746	0.933788
0.972746	0.933788	0.976496	0.938853
0.976496	0.938853	0.979431	0.942330
0.979431	0.942330	0.982560	0.946580
0.982560	0.946580	0.984975	0.949492
0.984975	0.949492	0.986870	0.951001
0.986870	0.951001	0.988964	0.953673
0.988964	0.953673	0.990628	0.956158
0.990628	0.956158	0.991887	0.957738
0.991887	0.957738	0.993081	0.959266
0.993081	0.959266	0.994245	0.960849
0.994245	0.960849	0.995188	0.961836
0.995188	0.961836	0.995701	0.962086
0.995701	0.962086	0.996293	0.962315
0.996293	0.962315	0.996742	0.962802
0.996742	0.962802	0.997093	0.962709
0.997093	0.962709	0.997605	0.963202
0.997605	0.963202	0.998044	0.964202
0.998044	0.964202	0.998271	0.964862
0.998271	0.964862	0.998406	0.965244
0.998406	0.965244	0.998657	0.965685
0.998657	0.965685	0.998735	0.966083
0.998735	0.966083	0.998912	0.966671
0.998912	0.966671	0.999055	0.967117
0.999055	0.967117	0.999084	0.967476
0.999084	0.967476	0.999086	0.967486
0.999086	0.967486	0.999131	0.968161
0.999131	0.968161	0.999188	0.968316
0.999188	0.968316	0.999258	0.968594
0.999258	0.968594	0.999344	0.968674
0.999344	0.968674	0.999475	0.968703
0.999475	0.968703	0.999543	0.969308
0.999543	0.969308	0.999600	0.969333
0.999600	0.969333	0.999673	0.969893
0.999673	0.969893	0.999717	0.970725
0.999717	0.970725	0.999740	0.970429
0.999740	0.970429	0.999758	0.970727
0.999758	0.970727	0.999819	0.970510
0.999819	0.970510	0.999836	0.970399
0.999836	0.970399	0.999895	0.970924
0.999895	0.970924	0.999904	0.970556
0.999904	0.970556	0.999894	0.970509
0.999894	0.970509	0.999879	0.970660
0.999879	0.970660	0.999929	0.970785
0.999929	0.970785	0.999953	0.971142
0.999953	0.971142	0.999973	0.971555
0.999973	0.971555	0.999972	0.971185
0.999972	0.971185	0.999988	0.971281
0.999988	0.971281	0.999992	0.971488
0.999992	0.971488	0.999996	0.971791
0.999996	0.971791	1.000000	0.972252
1.000000	0.972252	1.000000	0.971828
1.000000	0.971828	1.000000	0.971870
1.000000	0.971870	1.000000	0.971705
1.000000	0.971705	1.000000	0.972371
1.000000	0.972371	1.000000	0.972396
1.000000	0.972396	1.000000	0.972594
1.000000	0.972594	1.000000	0.973033
1.000000	0.973033	1.000000	0.973595
1.000000	0.973595	1.000000	0.973501
1.000000	0.973501	1.000000	0.973273
1.000000	0.973273	1.000000	0.973388
1.000000	0.973388	1.000000	0.973091
1.000000	0.973091	1.000000	0.972862
1.000000	0.972862	1.000000	0.972312
1.000000	0.972312	1.000000	0.971815
1.000000	0.971815	1.000000	0.971819
1.000000	0.971819	1.000000	0.971978
1.000000	0.971978	1.000000	0.972076
1.000000	0.972076	1.000000	0.972045
1.000000	0.972045	1.000000	0.972314
1.000000	0.972314	1.000000	0.972297
1.000000	0.972297	1.000000	0.972483
1.000000	0.972483	1.000000	0.972653
1.000000	0.972653	1.000000	0.972914
1.000000	0.972914	1.000000	0.972967
1.000000	0.972967	1.000000	0.972779
1.000000	0.972779	1.000000	0.973094
1.000000	0.973094	1.000000	0.973481
1.000000	0.973481	1.000000	0.973246
1.000000	0.973246	1.000000	0.972607
1.000000	0.972607	1.000000	0.972895
1.000000	0.972895	1.000000	0.973570
1.000000	0.973570	1.000000	0.973566
1.000000	0.973566	1.000000	0.973823
1.000000	0.973823	1.000000	0.973480
1.000000	0.973480	1.000000	0.973078
1.000000	0.973078	1.000000	0.972457
1.000000	0.972457	1.000000	0.972089
1.000000	0.972089	1.000000	0.972142
1.000000	0.972142	1.000000	0.972678
1.000000	0.972678	1.000000	0.972884
1.000000	0.972884	1.000000	0.973129
1.000000	0.973129	1.000000	0.972760
1.000000	0.972760	1.000000	0.972937
1.000000	0.972937	1.000000	0.973309
1.000000	0.973309	1.000000	0.972843
1.000000	0.972843	1.000000	0.972732
1.000000	0.972732	1.000000	0.972264
1.000000	0.972264	1.000000	0.972556
1.000000	0.972556	1.000000	0.972934
1.000000	0.972934	1.000000	0.973184
1.000000	0.973184	1.000000	0.972780
1.000000	0.972780	1.000000	0.972952
1.000000	0.972952	1.000000	0.972477
1.000000	0.972477	1.000000	0.972086
1.000000	0.972086	1.000000	0.972027
1.000000	0.972027	1.000000	0.971877
1.000000	0.971877	1.000000	0.971759
1.000000	0.971759	1.000000	0.971866
1.000000	0.971866	1.000000	0.971623
1.000000	0.971623	1.000000	0.971780
1.000000	0.971780	1.000000	0.972011
1.000000	0.972011	1.000000	0.972081
1.000000	0.972081	1.000000	0.972239
1.000000	0.972239	1.000000	0.972459
1.000000	0.972459	1.000000	0.972075
1.000000	0.972075	1.000000	0.972086
1.000000	0.972086	1.000000	0.971925
1.000000	0.971925	1.000000	0.971737
1.000000	0.971737	1.000000	0.971324
1.000000	0.971324	1.000000	0.971472
1.000000	0.971472	1.000000	0.971539
1.000000	0.971539	1.000000	0.971173
1.000000	0.971173	1.000000	0.971057
1.000000	0.971057	1.000000	0.971795
1.000000	0.971795	1.000000	0.971165
1.000000	0.971165	1.000000	0.971221
1.000000	0.971221	1.000000	0.970944
1.000000	0.970944	1.000000	0.970833
1.000000	0.970833	1.000000	0.970604
1.000000	0.970604	1.000000	0.970754
1.000000	0.970754	1.000000	0.970793
1.000000	0.970793	1.000000	0.970738
1.000000	0.970738	1.000000	0.971180
1.000000	0.971180	1.000000	0.971140
1.000000	0.971140	1.000000	0.971633
1.000000	0.971633	1.000000	0.971732
1.000000	0.971732	1.000000	0.971793
1.000000	0.971793	1.000000	0.971396
1.000000	0.971396	1.000000	0.971586
1.000000	0.971586	1.000000	0.972287
1.000000	0.972287	1.000000	0.972385
1.000000	0.972385	1.000000	0.972456
1.000000	0.972456	1.000000	0.972352
1.000000	0.972352	1.000000	0.972761
1.000000	0.972761	1.000000	0.973417
1.000000	0.973417	1.000000	0.973385
1.000000	0.973385	1.000000	0.973839
1.000000	0.973839	1.000000	0.973253
1.000000	0.973253	1.000000	0.973458
1.000000	0.973458	1.000000	0.973407
1.000000	0.973407	1.000000	0.973293
1.000000	0.973293	1.000000	0.973455
1.000000	0.973455	1.000000	0.974068
1.000000	0.974068	1.000000	0.974136
1.000000	0.974136	1.000000	0.973515
1.000000	0.973515	1.000000	0.973462
1.000000	0.973462	1.000000	0.973589
1.000000	0.973589	1.000000	0.973674
1.000000	0.973674	1.000000	0.973400
1.000000	0.973400	1.000000	0.973213
1.000000	0.973213	1.000000	0.973170
1.000000	0.973170	1.000000	0.973787
1.000000	0.973787	1.000000	0.973499
1.000000	0.973499	1.000000	0.973693
1.000000	0.973693	1.000000	0.974186
1.000000	0.974186	1.000000	0.974152
1.000000	0.974152	1.000000	0.974287
1.000000	0.974287	1.000000	0.974949
1.000000	0.974949	1.000000	0.975178
1.000000	0.975178	1.000000	0.975013
1.000000	0.975013	1.000000	0.974494
1.000000	0.974494	1.000000	0.974157
1.000000	0.974157	1.000000	0.974183
1.000000	0.974183	1.000000	0.974577
1.000000	0.974577	1.000000	0.974955
0.299163	0.800854	0.811724	0.810098
0.811724	0.810098	0.903739	0.819294
0.903739	0.819294	0.933133	0.825787
0.933133	0.825787	0.944649	0.833111
0.944649	0.833111	0.948735	0.838357
0.948735	0.838357	0.950674	0.843879
0.950674	0.843879	0.951528	0.848251
0.951528	0.848251	0.952769	0.854238
0.952769	0.854238	0.953622	0.860507
0.953622	0.860507	0.955169	0.866189
0.955169	0.866189	0.957199	0.872752
0.957199	0.872752	0.959653	0.878982
0.959653	0.878982	0.961722	0.883741
0.961722	0.883741	0.964083	0.888667
0.964083	0.888667	0.965784	0.892495
0.965784	0.892495	0.967890	0.897262
0.967890	0.897262	0.970290	0.901015
0.970290	0.901015	0.972161	0.904729
0.972161	0.904729	0.974341	0.908230
0.974341	0.908230	0.976548	0.911433
0.976548	0.911433	0.978701	0.915104
0.978701	0.915104	0.980191	0.917221
0.980191	0.917221	0.981887	0.920263
0.981887	0.920263	0.983164	0.922197
0.983164	0.922197	0.984649	0.923537
0.984649	0.923537	0.985818	0.924628
0.985818	0.924628	0.987071	0.926795
0.987071	0.926795	0.988236	0.928180
0.988236	0.928180	0.989227	0.929691
0.989227	0.929691	0.990052	0.931157
0.990052	0.931157	0.990601	0.931280
0.990601	0.931280	0.991444	0.932852
0.991444	0.932852	0.992221	0.934309
0.992221	0.934309	0.992757	0.935291
0.992757	0.935291	0.993231	0.936259
0.993231	0.936259	0.993609	0.936978
0.993609	0.936978	0.994531	0.938572
0.994531	0.938572	0.994695	0.939381
0.994695	0.939381	0.995250	0.939768
0.995250	0.939768	0.995626	0.940511
0.995626	0.940511	0.996016	0.940994
0.996016	0.940994	0.996543	0.941831
0.996543	0.941831	0.996981	0.942698
0.996981	0.942698	0.997356	0.943262
0.997356	0.943262	0.997757	0.944100
0.997757	0.944100	0.997949	0.944024
0.997949	0.944024	0.998215	0.944015
0.998215	0.944015	0.998431	0.944694
0.998431	0.944694	0.998733	0.945665
0.998733	0.945665	0.998726	0.945448
0.998726	0.945448	0.998978	0.946043
0.998978	0.946043	0.999113	0.946325
0.999113	0.946325	0.999208	0.945878
0.999208	0.945878	0.999211	0.945757
0.999211	0.945757	0.999308	0.946162
0.999308	0.946162	0.999427	0.945806
0.999427	0.945806	0.999417	0.946074
0.999417	0.946074	0.999495	0.946319
0.999495	0.946319	0.999572	0.945463
0.999572	0.945463	0.999629	0.944674
0.999629	0.944674	0.999583	0.944273
0.999583	0.944273	0.999613	0.944750
0.999613	0.944750	0.999586	0.944860
0.999586	0.944860	0.999566	0.944322
0.999566	0.944322	0.999573	0.944743
0.999573	0.944743	0.999496	0.943816
0.999496	0.943816	0.999453	0.944315
0.999453	0.944315	0.999493	0.944167
0.999493	0.944167	0.999437	0.944400
0.999437	0.944400	0.999450	0.945482
0.999450	0.945482	0.999489	0.945435
0.999489	0.945435	0.999545	0.945718
0.999545	0.945718	0.999605	0.945943
0.999605	0.945943	0.999717	0.946199
0.999717	0.946199	0.999676	0.945971
0.999676	0.945971	0.999706	0.946533
0.999706	0.946533	0.999759	0.946933
0.999759	0.946933	0.999745	0.947227
0.999745	0.947227	0.999778	0.946832
0.999778	0.946832	0.999831	0.947215
0.999831	0.947215	0.999834	0.946358
0.999834	0.946358	0.999863	0.945928
0.999863	0.945928	0.999896	0.946616
0.999896	0.946616	0.999895	0.946486
0.999895	0.946486	0.999945	0.946625
0.999945	0.946625	0.999975	0.947240
0.999975	0.947240	0.999987	0.947707
0.999987	0.947707	0.999988	0.947608
0.999988	0.947608	0.999991	0.947978
0.999991	0.947978	0.999999	0.948195
0.999999	0.948195	1.000000	0.947588
1.000000	0.947588	1.000000	0.947335
1.000000	0.947335	1.000000	0.947254
1.000000	0.947254	1.000000	0.947445
1.000000	0.947445	1.000000	0.947882
1.000000	0.947882	1.000000	0.948116
1.000000	0.948116	1.000000	0.947716
1.000000	0.947716	1.000000	0.947375
1.000000	0.947375	1.000000	0.947458
1.000000	0.947458	1.000000	0.947194
1.000000	0.947194	1.000000	0.946873
1.000000	0.946873	1.000000	0.946383
1.000000	0.946383	1.000000	0.946131
1.000000	0.946131	1.000000	0.946398
1.000000	0.946398	1.000000	0.946017
1.000000	0.946017	1.000000	0.945588
1.000000	0.945588	1.000000	0.945612
1.000000	0.945612	1.000000	0.945220
1.000000	0.945220	1.000000	0.945935
1.000000	0.945935	1.000000	0.945738
1.000000	0.945738	1.000000	0.945543
1.000000	0.945543	1.000000	0.945375
1.000000	0.945375	1.000000	0.945643
1.000000	0.945643	1.000000	0.945764
1.000000	0.945764	1.000000	0.944684
1.000000	0.944684	1.000000	0.944482
1.000000	0.944482	1.000000	0.944227
1.000000	0.944227	1.000000	0.943811
1.000000	0.943811	1.000000	0.943071
1.000000	0.943071	1.000000	0.943295
1.000000	0.943295	1.000000	0.942711
1.000000	0.942711	1.000000	0.943326
1.000000	0.943326	1.000000	0.943341
1.000000	0.943341	1.000000	0.943502
1.000000	0.943502	1.000000	0.942858
1.000000	0.942858	1.000000	0.942486
1.000000	0.942486	1.000000	0.941226
1.000000	0.941226	1.000000	0.941093
1.000000	0.941093	1.000000	0.941268
1.000000	0.941268	1.000000	0.942015
1.000000	0.942015	1.000000	0.941942
1.000000	0.941942	1.000000	0.941603
1.000000	0.941603	1.000000	0.941841
1.000000	0.941841	1.000000	0.941912
1.000000	0.941912	1.000000	0.942458
1.000000	0.942458	1.000000	0.943279
1.000000	0.943279	1.000000	0.943865
1.000000	0.943865	1.000000	0.944069
1.000000	0.944069	1.000000	0.943949
1.000000	0.943949	1.000000	0.943923
1.000000	0.943923	1.000000	0.944601
1.000000	0.944601	1.000000	0.944607
1.000000	0.944607	1.000000	0.944981
1.000000	0.944981	1.000000	0.945122
1.000000	0.945122	1.000000	0.946083
1.000000	0.946083	1.000000	0.946091
1.000000	0.946091	1.000000	0.946158
1.000000	0.946158	1.000000	0.946550
1.000000	0.946550	1.000000	0.946234
1.000000	0.946234	1.000000	0.945874
1.000000	0.945874	1.000000	0.945853
1.000000	0.945853	1.000000	0.945663
1.000000	0.945663	1.000000	0.944953
1.000000	0.944953	1.000000	0.945958
1.000000	0.945958	1.000000	0.946990
1.000000	0.946990	1.000000	0.947023
1.000000	0.947023	1.000000	0.947422
1.000000	0.947422	1.000000	0.947154
1.000000	0.947154	1.000000	0.946638
1.000000	0.946638	1.000000	0.946330
1.000000	0.946330	1.000000	0.946873
1.000000	0.946873	1.000000	0.947315
1.000000	0.947315	1.000000	0.947251
1.000000	0.947251	1.000000	0.946861
1.000000	0.946861	1.000000	0.947037
1.000000	0.947037	1.000000	0.946873
1.000000	0.946873	1.000000	0.946716
1.000000	0.946716	1.000000	0.946772
1.000000	0.946772	1.000000	0.946459
1.000000	0.946459	1.000000	0.946346
1.000000	0.946346	1.000000	0.946654
1.000000	0.946654	1.000000	0.946064
1.000000	0.946064	1.000000	0.946170
1.000000	0.946170	1.000000	0.946027
1.000000	0.946027	1.000000	0.945637
1.000000	0.945637	1.000000	0.945757
1.000000	0.945757	1.000000	0.945738
1.000000	0.945738	1.000000	0.945552
1.000000	0.945552	1.000000	0.946004
1.000000	0.946004	1.000000	0.946355
1.000000	0.946355	1.000000	0.945772
1.000000	0.945772	1.000000	0.945252
1.000000	0.945252	1.000000	0.945457
1.000000	0.945457	1.000000	0.945444
1.000000	0.945444	1.000000	0.946002
1.000000	0.946002	1.000000	0.945922
1.000000	0.945922	1.000000	0.946244
1.000000	0.946244	1.000000	0.945903
1.000000	0.945903	1.000000	0.945696
1.000000	0.945696	1.000000	0.945808
1.000000	0.945808	1.000000	0.945373
1.000000	0.945373	1.000000	0.945965
1.000000	0.945965	1.000000	0.946111
1.000000	0.946111	1.000000	0.945904
1.000000	0.945904	1.000000	0.945582
1.000000	0.945582	1.000000	0.945948
1.000000	0.945948	1.000000	0.946099
1.000000	0.946099	1.000000	0.946549
1.000000	0.946549	1.000000	0.946743
0.300327	0.900101	0.866265	0.905760
0.866265	0.905760	0.953624	0.910793
0.953624	0.910793	0.977369	0.915887
0.977369	0.915887	0.985867	0.918268
0.985867	0.918268	0.988883	0.919542
0.988883	0.919542	0.990676	0.921576
0.990676	0.921576	0.991876	0.922576
0.991876	0.922576	0.992692	0.924618
0.992692	0.924618	0.993313	0.925337
0.993313	0.925337	0.993980	0.926544
0.993980	0.926544	0.994442	0.927835
0.994442	0.927835	0.994952	0.927743
0.994952	0.927743	0.995437	0.928832
0.995437	0.928832	0.995807	0.929061
0.995807	0.929061	0.996128	0.930492
0.996128	0.930492	0.996404	0.931096
0.996404	0.931096	0.996883	0.932004
0.996883	0.932004	0.996901	0.931387
0.996901	0.931387	0.996977	0.932029
0.996977	0.932029	0.997159	0.933036
0.997159	0.933036	0.997368	0.932610
0.997368	0.932610	0.997480	0.933121
0.997480	0.933121	0.997627	0.933310
0.997627	0.933310	0.997768	0.933302
0.997768	0.933302	0.997869	0.933081
0.997869	0.933081	0.998103	0.933227
0.998103	0.933227	0.998257	0.933892
0.998257	0.933892	0.998330	0.934736
0.998330	0.934736	0.998444	0.935105
0.998444	0.935105	0.998596	0.935962
0.998596	0.935962	0.998665	0.935459
0.998665	0.935459	0.998676	0.935040
0.998676	0.935040	0.998633	0.934740
0.998633	0.934740	0.998804	0.933802
0.998804	0.933802	0.998942	0.934004
0.998942	0.934004	0.999061	0.933924
0.999061	0.933924	0.999182	0.934654
0.999182	0.934654	0.999331	0.934996
0.999331	0.934996	0.999332	0.936212
0.999332	0.936212	0.999403	0.936662
0.999403	0.936662	0.999389	0.936402
0.999389	0.936402	0.999394	0.936430
0.999394	0.936430	0.999447	0.936873
0.999447	0.936873	0.999497	0.936938
0.999497	0.936938	0.999580	0.937658
0.999580	0.937658	0.999559	0.938327
0.999559	0.938327	0.999618	0.937664
0.999618	0.937664	0.999680	0.938175
0.999680	0.938175	0.999724	0.938062
0.999724	0.938062	0.999741	0.938306
0.999741	0.938306	0.999753	0.938857
0.999753	0.938857	0.999768	0.938694
0.999768	0.938694	0.999847	0.939061
0.999847	0.939061	0.999885	0.939655
0.999885	0.939655	0.999882	0.939765
0.999882	0.939765	0.999878	0.939858
0.999878	0.939858	0.999890	0.938700
0.999890	0.938700	0.999885	0.938012
0.999885	0.938012	0.999920	0.937367
0.999920	0.937367	0.999944	0.937413
0.999944	0.937413	0.999942	0.937975
0.999942	0.937975	0.999949	0.937298
0.999949	0.937298	0.999956	0.937770
0.999956	0.937770	0.999951	0.937957
0.999951	0.937957	0.999939	0.937324
0.999939	0.937324	0.999946	0.938094
0.999946	0.938094	0.999964	0.938131
0.999964	0.938131	0.999968	0.937890
0.999968	0.937890	0.999959	0.937641
0.999959	0.937641	0.999976	0.937302
0.999976	0.937302	0.999972	0.937608
0.999972	0.937608	0.999974	0.937849
0.999974	0.937849	0.999967	0.938219
0.999967	0.938219	0.999991	0.937750
0.999991	0.937750	0.999994	0.938488
0.999994	0.938488	1.000000	0.938683
1.000000	0.938683	1.000000	0.938985
1.000000	0.938985	1.000000	0.938862
1.000000	0.938862	1.000000	0.939084
1.000000	0.939084	1.000000	0.939370
1.000000	0.939370	1.000000	0.939369
1.000000	0.939369	1.000000	0.939508
1.000000	0.939508	1.000000	0.938915
1.000000	0.938915	1.000000	0.939907
1.000000	0.939907	1.000000	0.940115
1.000000	0.940115	1.000000	0.940932
1.000000	0.940932	1.000000	0.941062
1.000000	0.941062	1.000000	0.941643
1.000000	0.941643	1.000000	0.942599
1.000000	0.942599	1.000000	0.942302
1.000000	0.942302	1.000000	0.942284
1.000000	0.942284	1.000000	0.942176
1.000000	0.942176	1.000000	0.942222
1.000000	0.942222	1.000000	0.943004
1.000000	0.943004	1.000000	0.942554
1.000000	0.942554	1.000000	0.943086
1.000000	0.943086	1.000000	0.943082
1.000000	0.943082	1.000000	0.943234
1.000000	0.943234	1.000000	0.942844
1.000000	0.942844	1.000000	0.943057
1.000000	0.943057	1.000000	0.942768
1.000000	0.942768	1.000000	0.943759
1.000000	0.943759	1.000000	0.943924
1.000000	0.943924	1.000000	0.943556
1.000000	0.943556	1.000000	0.943666
1.000000	0.943666	1.000000	0.944170
1.000000	0.944170	1.000000	0.943879
1.000000	0.943879	1.000000	0.943942
1.000000	0.943942	1.000000	0.943679
1.000000	0.943679	1.000000	0.944674
1.000000	0.944674	1.000000	0.944681
1.000000	0.944681	1.000000	0.945547
1.000000	0.945547	1.000000	0.945813
1.000000	0.945813	1.000000	0.945763
1.000000	0.945763	1.000000	0.946328
1.000000	0.946328	1.000000	0.946831
1.000000	0.946831	1.000000	0.946428
1.000000	0.946428	1.000000	0.946406
1.000000	0.946406	1.000000	0.946339
1.000000	0.946339	1.000000	0.946106
1.000000	0.946106	1.000000	0.946055
1.000000	0.946055	1.000000	0.946069
1.000000	0.946069	1.000000	0.946419
1.000000	0.946419	1.000000	0.947399
1.000000	0.947399	1.000000	0.947303
1.000000	0.947303	1.000000	0.947433
1.000000	0.947433	1.000000	0.947910
1.000000	0.947910	1.000000	0.948105
1.000000	0.948105	1.000000	0.948397
1.000000	0.948397	1.000000	0.947829
1.000000	0.947829	1.000000	0.947452
1.000000	0.947452	1.000000	0.947782
1.000000	0.947782	1.000000	0.947105
1.000000	0.947105	1.000000	0.947604
1.000000	0.947604	1.000000	0.947670
1.000000	0.947670	1.000000	0.947832
1.000000	0.947832	1.000000	0.947459
1.000000	0.947459	1.000000	0.947581
1.000000	0.947581	1.000000	0.947607
1.000000	0.947607	1.000000	0.947815
1.000000	0.947815	1.000000	0.947029
1.000000	0.947029	1.000000	0.947691
1.000000	0.947691	1.000000	0.948220
1.000000	0.948220	1.000000	0.948335
1.000000	0.948335	1.000000	0.948140
1.000000	0.948140	1.000000	0.948147
1.000000	0.948147	1.000000	0.948884
1.000000	0.948884	1.000000	0.948661
1.000000	0.948661	1.000000	0.948532
1.000000	0.948532	1.000000	0.948924
1.000000	0.948924	1.000000	0.949148
1.000000	0.949148	1.000000	0.949158
1.000000	0.949158	1.000000	0.948291
1.000000	0.948291	1.000000	0.948842
1.000000	0.948842	1.000000	0.948563
1.000000	0.948563	1.000000	0.948725
1.000000	0.948725	1.000000	0.948385
1.000000	0.948385	1.000000	0.949203
1.000000	0.949203	1.000000	0.948978
1.000000	0.948978	1.000000	0.948995
1.000000	0.948995	1.000000	0.950018
1.000000	0.950018	1.000000	0.949975
1.000000	0.949975	1.000000	0.950077
1.000000	0.950077	1.000000	0.949783
1.000000	0.949783	1.000000	0.950054
1.000000	0.950054	1.000000	0.949986
1.000000	0.949986	1.000000	0.949952
1.000000	0.949952	1.000000	0.949769
1.000000	0.949769	1.000000	0.949692
1.000000	0.949692	1.000000	0.949448
1.000000	0.949448	1.000000	0.949185
1.000000	0.949185	1.000000	0.949477
1.000000	0.949477	1.000000	0.949419
1.000000	0.949419	1.000000	0.949210
1.000000	0.949210	1.000000	0.949369
1.000000	0.949369	1.000000	0.949800
1.000000	0.949800	1.000000	0.950062
1.000000	0.950062	1.000000	0.949502
1.000000	0.949502	1.000000	0.949655
1.000000	0.949655	1.000000	0.949674
1.000000	0.949674	1.000000	0.949877
1.000000	0.949877	1.000000	0.949701
1.000000	0.949701	1.000000	0.949471
1.000000	0.949471	1.000000	0.949341
1.000000	0.949341	1.000000	0.949297
1.000000	0.949297	1.000000	0.949381
1.000000	0.949381	1.000000	0.949519
1.000000	0.949519	1.000000	0.949299
1.000000	0.949299	1.000000	0.948947
1.000000	0.948947	1.000000	0.949304
1.000000	0.949304	1.000000	0.949029
1.000000	0.949029	1.000000	0.948977
1.000000	0.948977	1.000000	0.948973
1.000000	0.948973	1.000000	0.948747
1.000000	0.948747	1.000000	0.949096
1.000000	0.949096	1.000000	0.949220
1.000000	0.949220	1.000000	0.949181
1.000000	0.949181	1.000000	0.948918
1.000000	0.948918	1.000000	0.948100
