0.299422	0.100076	0.163658	0.100531
0.163658	0.100531	0.091798	0.105195
0.091798	0.105195	0.064944	0.111742
0.064944	0.111742	0.058793	0.118370
0.058793	0.118370	0.060727	0.125250
0.060727	0.125250	0.066494	0.133426
0.066494	0.133426	0.073566	0.141010
0.073566	0.141010	0.081699	0.148059
0.081699	0.148059	0.090738	0.154745
0.090738	0.154745	0.099364	0.159954
0.099364	0.159954	0.108789	0.165966
0.108789	0.165966	0.116982	0.170863
0.116982	0.170863	0.125870	0.176127
0.125870	0.176127	0.133707	0.181699
0.133707	0.181699	0.142672	0.188392
0.142672	0.188392	0.151348	0.194052
0.151348	0.194052	0.159467	0.199269
0.159467	0.199269	0.167376	0.204986
0.167376	0.204986	0.175831	0.211131
0.175831	0.211131	0.185428	0.218644
0.185428	0.218644	0.193122	0.224403
0.193122	0.224403	0.201809	0.231327
0.201809	0.231327	0.210138	0.238483
0.210138	0.238483	0.218796	0.245527
0.218796	0.245527	0.228199	0.253994
0.228199	0.253994	0.237829	0.261977
0.237829	0.261977	0.246604	0.269293
0.246604	0.269293	0.256224	0.277773
0.256224	0.277773	0.265694	0.286074
0.265694	0.286074	0.275213	0.293912
0.275213	0.293912	0.284515	0.302401
0.284515	0.302401	0.293733	0.310428
0.293733	0.310428	0.302550	0.318260
0.302550	0.318260	0.312545	0.327573
0.312545	0.327573	0.321238	0.335630
0.321238	0.335630	0.330584	0.344256
0.330584	0.344256	0.340542	0.353387
0.340542	0.353387	0.349833	0.362112
0.349833	0.362112	0.359518	0.371396
0.359518	0.371396	0.369917	0.380995
0.369917	0.380995	0.379375	0.389891
0.379375	0.389891	0.388659	0.398862
0.388659	0.398862	0.397982	0.407668
0.397982	0.407668	0.408028	0.417429
0.408028	0.417429	0.417384	0.426269
0.417384	0.426269	0.427073	0.435835
0.427073	0.435835	0.436548	0.445027
0.436548	0.445027	0.446114	0.453951
0.446114	0.453951	0.455182	0.462774
0.455182	0.462774	0.465338	0.472352
0.465338	0.472352	0.475477	0.482309
0.475477	0.482309	0.485820	0.492389
0.485820	0.492389	0.496570	0.502405
0.496570	0.502405	0.507083	0.512694
0.507083	0.512694	0.516613	0.521855
0.516613	0.521855	0.526064	0.531139
0.526064	0.531139	0.536284	0.541121
0.536284	0.541121	0.546362	0.550999
0.546362	0.550999	0.556195	0.560643
0.556195	0.560643	0.564798	0.568983
0.564798	0.568983	0.574344	0.578260
0.574344	0.578260	0.583609	0.587270
0.583609	0.587270	0.592363	0.595878
0.592363	0.595878	0.601233	0.604557
0.601233	0.604557	0.610871	0.614237
0.610871	0.614237	0.620293	0.623451
0.620293	0.623451	0.628104	0.631099
0.628104	0.631099	0.636609	0.639536
0.636609	0.639536	0.645962	0.648754
0.645962	0.648754	0.654470	0.656883
0.654470	0.656883	0.662391	0.664577
0.662391	0.664577	0.670239	0.672079
0.670239	0.672079	0.677872	0.679696
0.677872	0.679696	0.686575	0.688388
0.686575	0.688388	0.694652	0.696308
0.694652	0.696308	0.703173	0.704737
0.703173	0.704737	0.710495	0.711890
0.710495	0.711890	0.718244	0.719340
0.718244	0.719340	0.726734	0.727732
0.726734	0.727732	0.733000	0.734038
0.733000	0.734038	0.740834	0.741727
0.740834	0.741727	0.747749	0.748587
0.747749	0.748587	0.754802	0.755653
0.754802	0.755653	0.761246	0.762025
0.761246	0.762025	0.768441	0.769215
0.768441	0.769215	0.775238	0.775894
0.775238	0.775894	0.781427	0.782025
0.781427	0.782025	0.787917	0.788471
0.787917	0.788471	0.794396	0.794899
0.794396	0.794899	0.800558	0.801084
0.800558	0.801084	0.806248	0.806723
0.806248	0.806723	0.812292	0.812774
0.812292	0.812774	0.818307	0.818741
0.818307	0.818741	0.824541	0.824963
0.824541	0.824963	0.830338	0.830705
0.830338	0.830705	0.835182	0.835540
0.835182	0.835540	0.840001	0.840296
0.840001	0.840296	0.845048	0.845291
0.845048	0.845291	0.850533	0.850751
0.850533	0.850751	0.855716	0.855912
0.855716	0.855912	0.860165	0.860348
0.860165	0.860348	0.865084	0.865266
0.865084	0.865266	0.870045	0.870252
0.870045	0.870252	0.874802	0.875051
0.874802	0.875051	0.878926	0.879196
0.878926	0.879196	0.882970	0.883254
0.882970	0.883254	0.886649	0.886923
0.886649	0.886923	0.891192	0.891477
0.891192	0.891477	0.894724	0.894991
0.894724	0.894991	0.898852	0.899090
0.898852	0.899090	0.902962	0.903186
0.902962	0.903186	0.906315	0.906513
0.906315	0.906513	0.910564	0.910763
0.910564	0.910763	0.914887	0.915125
0.914887	0.915125	0.918170	0.918433
0.918170	0.918433	0.921822	0.922078
0.921822	0.922078	0.925662	0.925893
0.925662	0.925893	0.928722	0.928941
0.928722	0.928941	0.931830	0.931990
0.931830	0.931990	0.934618	0.934780
0.934618	0.934780	0.937427	0.937584
0.937427	0.937584	0.940038	0.940204
0.940038	0.940204	0.942895	0.943049
0.942895	0.943049	0.945314	0.945466
0.945314	0.945466	0.947950	0.948077
0.947950	0.948077	0.950312	0.950448
0.950312	0.950448	0.952791	0.952952
0.952791	0.952952	0.955090	0.955227
0.955090	0.955227	0.956770	0.956889
0.956770	0.956889	0.958901	0.959039
0.958901	0.959039	0.960895	0.961049
0.960895	0.961049	0.963254	0.963394
0.963254	0.963394	0.964511	0.964607
0.964511	0.964607	0.966126	0.966208
0.966126	0.966208	0.967876	0.967936
0.967876	0.967936	0.969275	0.969327
0.969275	0.969327	0.970571	0.970624
0.970571	0.970624	0.972134	0.972166
0.972134	0.972166	0.973739	0.973778
0.973739	0.973778	0.974769	0.974825
0.974769	0.974825	0.975972	0.976013
0.975972	0.976013	0.977475	0.977526
0.977475	0.977526	0.978598	0.978635
0.978598	0.978635	0.979615	0.979653
0.979615	0.979653	0.980665	0.980694
0.980665	0.980694	0.981790	0.981816
0.981790	0.981816	0.982808	0.982841
0.982808	0.982841	0.983920	0.983961
0.983920	0.983961	0.984973	0.985000
0.984973	0.985000	0.985959	0.985993
0.985959	0.985993	0.986750	0.986765
0.986750	0.986765	0.987203	0.987208
0.987203	0.987208	0.987793	0.987793
0.987793	0.987793	0.988477	0.988477
0.988477	0.988477	0.989088	0.989088
0.989088	0.989088	0.989755	0.989755
0.989755	0.989755	0.990161	0.990161
0.990161	0.990161	0.990766	0.990766
0.990766	0.990766	0.991064	0.991064
0.991064	0.991064	0.991455	0.991455
0.991455	0.991455	0.991897	0.991897
0.991897	0.991897	0.992273	0.992273
0.992273	0.992273	0.992465	0.992465
0.992465	0.992465	0.992806	0.992806
0.992806	0.992806	0.993061	0.993061
0.993061	0.993061	0.993385	0.993385
0.993385	0.993385	0.993697	0.993697
0.993697	0.993697	0.993968	0.993968
0.993968	0.993968	0.994460	0.994460
0.994460	0.994460	0.994833	0.994833
0.994833	0.994833	0.995210	0.995210
0.995210	0.995210	0.995311	0.995311
0.995311	0.995311	0.995617	0.995617
0.995617	0.995617	0.995825	0.995825
0.995825	0.995825	0.995968	0.995968
0.995968	0.995968	0.995997	0.995997
0.995997	0.995997	0.996292	0.996292
0.996292	0.996292	0.996620	0.996620
0.996620	0.996620	0.996895	0.996895
0.996895	0.996895	0.997108	0.997108
0.997108	0.997108	0.997249	0.997249
0.997249	0.997249	0.997444	0.997444
0.997444	0.997444	0.997641	0.997641
0.997641	0.997641	0.997867	0.997867
0.997867	0.997867	0.997979	0.997979
0.997979	0.997979	0.998131	0.998131
0.998131	0.998131	0.998331	0.998331
0.998331	0.998331	0.998482	0.998482
0.998482	0.998482	0.998639	0.998639
0.998639	0.998639	0.998794	0.998794
0.998794	0.998794	0.998942	0.998942
0.998942	0.998942	0.999063	0.999063
0.999063	0.999063	0.999120	0.999120
0.999120	0.999120	0.999266	0.999266
0.999266	0.999266	0.999307	0.999307
0.999307	0.999307	0.999428	0.999428
0.999428	0.999428	0.999425	0.999425
0.999425	0.999425	0.999448	0.999448
0.999448	0.999448	0.999521	0.999521
0.299752	0.200137	0.242579	0.203551
0.242579	0.203551	0.192725	0.211468
0.192725	0.211468	0.173008	0.223347
0.173008	0.223347	0.175328	0.238331
0.175328	0.238331	0.190669	0.253776
0.190669	0.253776	0.211003	0.271136
0.211003	0.271136	0.234457	0.288395
0.234457	0.288395	0.259412	0.306608
0.259412	0.306608	0.284498	0.324807
0.284498	0.324807	0.308909	0.342297
0.308909	0.342297	0.333243	0.361115
0.333243	0.361115	0.354396	0.378259
0.354396	0.378259	0.376469	0.395918
0.376469	0.395918	0.396686	0.412868
0.396686	0.412868	0.416522	0.430151
0.416522	0.430151	0.436796	0.448037
0.436796	0.448037	0.456411	0.465158
0.456411	0.465158	0.476454	0.483898
0.476454	0.483898	0.495022	0.501432
0.495022	0.501432	0.513345	0.518921
0.513345	0.518921	0.532516	0.537259
0.532516	0.537259	0.550946	0.554717
0.550946	0.554717	0.569119	0.572455
0.569119	0.572455	0.586267	0.589240
0.586267	0.589240	0.603724	0.606264
0.603724	0.606264	0.619931	0.622191
0.619931	0.622191	0.636179	0.638034
0.636179	0.638034	0.653253	0.654884
0.653253	0.654884	0.668979	0.670162
0.668979	0.670162	0.683488	0.684578
0.683488	0.684578	0.697627	0.698554
0.697627	0.698554	0.711043	0.711625
0.711043	0.711625	0.723639	0.724003
0.723639	0.724003	0.736826	0.737064
0.736826	0.737064	0.749692	0.749870
0.749692	0.749870	0.761877	0.761916
0.761877	0.761916	0.773654	0.773709
0.773654	0.773709	0.784384	0.784298
0.784384	0.784298	0.795692	0.795557
0.795692	0.795557	0.805966	0.805802
0.805966	0.805802	0.816293	0.816083
0.816293	0.816083	0.825810	0.825629
0.825810	0.825629	0.835572	0.835430
0.835572	0.835430	0.844730	0.844532
0.844730	0.844532	0.852932	0.852736
0.852932	0.852736	0.861523	0.861323
0.861523	0.861323	0.869756	0.869591
0.869756	0.869591	0.877596	0.877372
0.877596	0.877372	0.884611	0.884376
0.884611	0.884376	0.892254	0.892005
0.892254	0.892005	0.899688	0.899439
0.899688	0.899439	0.906018	0.905723
0.906018	0.905723	0.911632	0.911310
0.911632	0.911310	0.917282	0.916956
0.917282	0.916956	0.923011	0.922655
0.923011	0.922655	0.928598	0.928287
0.928598	0.928287	0.933516	0.933178
0.933516	0.933178	0.938472	0.938140
0.938472	0.938140	0.942859	0.942526
0.942859	0.942526	0.946790	0.946475
0.946790	0.946475	0.950803	0.950525
0.950803	0.950525	0.954730	0.954455
0.954730	0.954455	0.958791	0.958507
0.958791	0.958507	0.962001	0.961752
0.962001	0.961752	0.964869	0.964638
0.964869	0.964638	0.967495	0.967272
0.967495	0.967272	0.970264	0.969960
0.970264	0.969960	0.972889	0.972593
0.972889	0.972593	0.975621	0.975324
0.975621	0.975324	0.977715	0.977398
0.977715	0.977398	0.979612	0.979326
0.979612	0.979326	0.981524	0.981222
0.981524	0.981222	0.983177	0.982792
0.983177	0.982792	0.984831	0.984509
0.984831	0.984509	0.986227	0.985836
0.986227	0.985836	0.987489	0.987122
0.987489	0.987122	0.988844	0.988517
0.988844	0.988517	0.989936	0.989606
0.989936	0.989606	0.990804	0.990516
0.990804	0.990516	0.991979	0.991675
0.991979	0.991675	0.992791	0.992481
0.992791	0.992481	0.993513	0.993155
0.993513	0.993155	0.994243	0.993897
0.994243	0.993897	0.994824	0.994507
0.994824	0.994507	0.995403	0.995060
0.995403	0.995060	0.995867	0.995488
0.995867	0.995488	0.996288	0.995948
0.996288	0.995948	0.996824	0.996448
0.996824	0.996448	0.997172	0.996725
0.997172	0.996725	0.997553	0.997098
0.997553	0.997098	0.997871	0.997349
0.997871	0.997349	0.998193	0.997728
0.998193	0.997728	0.998429	0.997997
0.998429	0.997997	0.998559	0.998179
0.998559	0.998179	0.998710	0.998307
0.998710	0.998307	0.998941	0.998598
0.998941	0.998598	0.999028	0.998650
0.999028	0.998650	0.999158	0.998806
0.999158	0.998806	0.999260	0.998854
0.999260	0.998854	0.999357	0.998916
0.999357	0.998916	0.999486	0.999040
0.999486	0.999040	0.999597	0.999104
0.999597	0.999104	0.999676	0.999210
0.999676	0.999210	0.999714	0.999198
0.999714	0.999198	0.999760	0.999230
0.999760	0.999230	0.999761	0.999295
0.999761	0.999295	0.999779	0.999267
0.999779	0.999267	0.999790	0.999264
0.999790	0.999264	0.999849	0.999377
0.999849	0.999377	0.999867	0.999368
0.999867	0.999368	0.999884	0.999360
0.999884	0.999360	0.999905	0.999387
0.999905	0.999387	0.999927	0.999391
0.999927	0.999391	0.999936	0.999411
0.999936	0.999411	0.999962	0.999492
0.999962	0.999492	0.999982	0.999435
0.999982	0.999435	0.999999	0.999434
0.999999	0.999434	1.000000	0.999355
1.000000	0.999355	1.000000	0.999392
1.000000	0.999392	1.000000	0.999337
1.000000	0.999337	1.000000	0.999296
1.000000	0.999296	1.000000	0.999264
1.000000	0.999264	1.000000	0.999294
1.000000	0.999294	1.000000	0.999268
1.000000	0.999268	1.000000	0.999314
1.000000	0.999314	1.000000	0.999280
1.000000	0.999280	1.000000	0.999348
1.000000	0.999348	1.000000	0.999389
1.000000	0.999389	1.000000	0.999398
1.000000	0.999398	1.000000	0.999403
1.000000	0.999403	1.000000	0.999384
1.000000	0.999384	1.000000	0.999347
1.000000	0.999347	1.000000	0.999237
1.000000	0.999237	1.000000	0.999233
1.000000	0.999233	1.000000	0.999256
1.000000	0.999256	1.000000	0.999265
1.000000	0.999265	1.000000	0.999319
1.000000	0.999319	1.000000	0.999412
1.000000	0.999412	1.000000	0.999366
1.000000	0.999366	1.000000	0.999385
1.000000	0.999385	1.000000	0.999347
1.000000	0.999347	1.000000	0.999307
1.000000	0.999307	1.000000	0.999321
1.000000	0.999321	1.000000	0.999290
1.000000	0.999290	1.000000	0.999348
1.000000	0.999348	1.000000	0.999249
1.000000	0.999249	1.000000	0.999259
1.000000	0.999259	1.000000	0.999260
1.000000	0.999260	1.000000	0.999223
1.000000	0.999223	1.000000	0.999224
1.000000	0.999224	1.000000	0.999279
1.000000	0.999279	1.000000	0.999266
1.000000	0.999266	1.000000	0.999234
1.000000	0.999234	1.000000	0.999248
1.000000	0.999248	1.000000	0.999205
1.000000	0.999205	1.000000	0.999248
1.000000	0.999248	1.000000	0.999251
1.000000	0.999251	1.000000	0.999284
1.000000	0.999284	1.000000	0.999349
1.000000	0.999349	1.000000	0.999346
1.000000	0.999346	1.000000	0.999379
1.000000	0.999379	1.000000	0.999431
1.000000	0.999431	1.000000	0.999428
1.000000	0.999428	1.000000	0.999461
1.000000	0.999461	1.000000	0.999487
1.000000	0.999487	1.000000	0.999553
1.000000	0.999553	1.000000	0.999506
1.000000	0.999506	1.000000	0.999486
1.000000	0.999486	1.000000	0.999545
1.000000	0.999545	1.000000	0.999582
1.000000	0.999582	1.000000	0.999572
1.000000	0.999572	1.000000	0.999540
1.000000	0.999540	1.000000	0.999583
1.000000	0.999583	1.000000	0.999591
1.000000	0.999591	1.000000	0.999594
1.000000	0.999594	1.000000	0.999572
1.000000	0.999572	1.000000	0.999532
1.000000	0.999532	1.000000	0.999493
1.000000	0.999493	1.000000	0.999438
1.000000	0.999438	1.000000	0.999491
1.000000	0.999491	1.000000	0.999481
1.000000	0.999481	1.000000	0.999438
1.000000	0.999438	1.000000	0.999468
1.000000	0.999468	1.000000	0.999512
1.000000	0.999512	1.000000	0.999491
1.000000	0.999491	1.000000	0.999478
1.000000	0.999478	1.000000	0.999477
1.000000	0.999477	1.000000	0.999522
1.000000	0.999522	1.000000	0.999584
1.000000	0.999584	1.000000	0.999638
1.000000	0.999638	1.000000	0.999613
1.000000	0.999613	1.000000	0.999657
1.000000	0.999657	1.000000	0.999681
1.000000	0.999681	1.000000	0.999624
1.000000	0.999624	1.000000	0.999683
1.000000	0.999683	1.000000	0.999703
1.000000	0.999703	1.000000	0.999705
1.000000	0.999705	1.000000	0.999678
1.000000	0.999678	1.000000	0.999632
0.300339	0.299704	0.327809	0.306231
0.327809	0.306231	0.316563	0.322219
0.316563	0.322219	0.320218	0.339835
0.320218	0.339835	0.336364	0.360928
0.336364	0.360928	0.360240	0.384738
0.360240	0.384738	0.390962	0.410785
0.390962	0.410785	0.422390	0.436767
0.422390	0.436767	0.453361	0.462790
0.453361	0.462790	0.484883	0.490647
0.484883	0.490647	0.515142	0.518214
0.515142	0.518214	0.542711	0.543262
0.542711	0.543262	0.570245	0.569436
0.570245	0.569436	0.597148	0.595378
0.597148	0.595378	0.623335	0.620228
0.623335	0.620228	0.648400	0.644798
0.648400	0.644798	0.672872	0.668998
0.672872	0.668998	0.695226	0.691336
0.695226	0.691336	0.716559	0.712841
0.716559	0.712841	0.737110	0.733518
0.737110	0.733518	0.756836	0.753258
0.756836	0.753258	0.776279	0.772732
0.776279	0.772732	0.793149	0.789657
0.793149	0.789657	0.809627	0.806298
0.809627	0.806298	0.824979	0.821658
0.824979	0.821658	0.838934	0.835605
0.838934	0.835605	0.852178	0.849061
0.852178	0.849061	0.865103	0.862136
0.865103	0.862136	0.877508	0.874574
0.877508	0.874574	0.888889	0.886008
0.888889	0.886008	0.898923	0.896063
0.898923	0.896063	0.908606	0.905715
0.908606	0.905715	0.917557	0.914931
0.917557	0.914931	0.925548	0.923051
0.925548	0.923051	0.932432	0.930034
0.932432	0.930034	0.939784	0.937316
0.939784	0.937316	0.946536	0.944114
0.946536	0.944114	0.952240	0.949865
0.952240	0.949865	0.957255	0.954831
0.957255	0.954831	0.961924	0.959544
0.961924	0.959544	0.966173	0.963779
0.966173	0.963779	0.970164	0.967621
0.970164	0.967621	0.974152	0.971656
0.974152	0.971656	0.977961	0.975451
0.977961	0.975451	0.981139	0.978645
0.981139	0.978645	0.983685	0.981253
0.983685	0.981253	0.986089	0.983704
0.986089	0.983704	0.988143	0.985747
0.988143	0.985747	0.989722	0.987384
0.989722	0.987384	0.991017	0.988651
0.991017	0.988651	0.992497	0.990217
0.992497	0.990217	0.993558	0.991445
0.993558	0.991445	0.994367	0.992237
0.994367	0.992237	0.995200	0.993122
0.995200	0.993122	0.995994	0.993944
0.995994	0.993944	0.996441	0.994361
0.996441	0.994361	0.997000	0.995145
0.997000	0.995145	0.997450	0.995531
0.997450	0.995531	0.997643	0.995729
0.997643	0.995729	0.998147	0.996220
0.998147	0.996220	0.998414	0.996667
0.998414	0.996667	0.998764	0.997076
0.998764	0.997076	0.998952	0.997240
0.998952	0.997240	0.999119	0.997409
0.999119	0.997409	0.999288	0.997708
0.999288	0.997708	0.999470	0.997973
0.999470	0.997973	0.999599	0.998106
0.999599	0.998106	0.999690	0.998174
0.999690	0.998174	0.999782	0.998118
0.999782	0.998118	0.999824	0.998208
0.999824	0.998208	0.999842	0.998259
0.999842	0.998259	0.999838	0.998170
0.999838	0.998170	0.999851	0.998141
0.999851	0.998141	0.999858	0.998349
0.999858	0.998349	0.999892	0.998339
0.999892	0.998339	0.999934	0.998263
0.999934	0.998263	0.999959	0.998466
0.999959	0.998466	0.999965	0.998453
0.999965	0.998453	0.999961	0.998365
0.999961	0.998365	0.999978	0.998441
0.999978	0.998441	0.999983	0.998432
0.999983	0.998432	0.999995	0.998475
0.999995	0.998475	0.999999	0.998386
0.999999	0.998386	1.000000	0.998430
1.000000	0.998430	1.000000	0.998372
1.000000	0.998372	1.000000	0.998285
1.000000	0.998285	1.000000	0.998232
1.000000	0.998232	1.000000	0.998279
1.000000	0.998279	1.000000	0.998232
1.000000	0.998232	1.000000	0.998183
1.000000	0.998183	1.000000	0.998205
1.000000	0.998205	1.000000	0.998255
1.000000	0.998255	1.000000	0.998298
1.000000	0.998298	1.000000	0.998396
1.000000	0.998396	1.000000	0.998349
1.000000	0.998349	1.000000	0.998448
1.000000	0.998448	1.000000	0.998366
1.000000	0.998366	1.000000	0.998322
1.000000	0.998322	1.000000	0.998433
1.000000	0.998433	1.000000	0.998405
1.000000	0.998405	1.000000	0.998482
1.000000	0.998482	1.000000	0.998546
1.000000	0.998546	1.000000	0.998569
1.000000	0.998569	1.000000	0.998621
1.000000	0.998621	1.000000	0.998497
1.000000	0.998497	1.000000	0.998593
1.000000	0.998593	1.000000	0.998565
1.000000	0.998565	1.000000	0.998622
1.000000	0.998622	1.000000	0.998654
1.000000	0.998654	1.000000	0.998608
1.000000	0.998608	1.000000	0.998545
1.000000	0.998545	1.000000	0.998518
1.000000	0.998518	1.000000	0.998543
1.000000	0.998543	1.000000	0.998560
1.000000	0.998560	1.000000	0.998513
1.000000	0.998513	1.000000	0.998509
1.000000	0.998509	1.000000	0.998605
1.000000	0.998605	1.000000	0.998594
1.000000	0.998594	1.000000	0.998653
1.000000	0.998653	1.000000	0.998695
1.000000	0.998695	1.000000	0.998637
1.000000	0.998637	1.000000	0.998629
1.000000	0.998629	1.000000	0.998709
1.000000	0.998709	1.000000	0.998695
1.000000	0.998695	1.000000	0.998709
1.000000	0.998709	1.000000	0.998671
1.000000	0.998671	1.000000	0.998727
1.000000	0.998727	1.000000	0.998698
1.000000	0.998698	1.000000	0.998768
1.000000	0.998768	1.000000	0.998779
1.000000	0.998779	1.000000	0.998806
1.000000	0.998806	1.000000	0.998914
1.000000	0.998914	1.000000	0.998944
1.000000	0.998944	1.000000	0.998885
1.000000	0.998885	1.000000	0.998839
1.000000	0.998839	1.000000	0.998853
1.000000	0.998853	1.000000	0.998674
1.000000	0.998674	1.000000	0.998732
1.000000	0.998732	1.000000	0.998695
1.000000	0.998695	1.000000	0.998827
1.000000	0.998827	1.000000	0.998845
1.000000	0.998845	1.000000	0.998890
1.000000	0.998890	1.000000	0.998827
1.000000	0.998827	1.000000	0.998920
1.000000	0.998920	1.000000	0.998959
1.000000	0.998959	1.000000	0.998919
1.000000	0.998919	1.000000	0.999006
1.000000	0.999006	1.000000	0.999017
1.000000	0.999017	1.000000	0.999093
1.000000	0.999093	1.000000	0.999058
1.000000	0.999058	1.000000	0.999039
1.000000	0.999039	1.000000	0.999045
1.000000	0.999045	1.000000	0.999029
1.000000	0.999029	1.000000	0.998953
1.000000	0.998953	1.000000	0.998842
1.000000	0.998842	1.000000	0.998873
1.000000	0.998873	1.000000	0.998759
1.000000	0.998759	1.000000	0.998765
1.000000	0.998765	1.000000	0.998852
1.000000	0.998852	1.000000	0.998827
1.000000	0.998827	1.000000	0.998770
1.000000	0.998770	1.000000	0.998764
1.000000	0.998764	1.000000	0.998782
1.000000	0.998782	1.000000	0.998869
1.000000	0.998869	1.000000	0.998835
1.000000	0.998835	1.000000	0.998960
1.000000	0.998960	1.000000	0.999066
1.000000	0.999066	1.000000	0.999101
1.000000	0.999101	1.000000	0.999166
1.000000	0.999166	1.000000	0.999206
1.000000	0.999206	1.000000	0.999174
1.000000	0.999174	1.000000	0.999137
1.000000	0.999137	1.000000	0.999186
1.000000	0.999186	1.000000	0.999241
1.000000	0.999241	1.000000	0.999285
1.000000	0.999285	1.000000	0.999185
1.000000	0.999185	1.000000	0.999282
1.000000	0.999282	1.000000	0.999324
1.000000	0.999324	1.000000	0.999365
1.000000	0.999365	1.000000	0.999326
1.000000	0.999326	1.000000	0.999322
1.000000	0.999322	1.000000	0.999380
1.000000	0.999380	1.000000	0.999387
1.000000	0.999387	1.000000	0.999315
1.000000	0.999315	1.000000	0.999366
1.000000	0.999366	1.000000	0.999375
1.000000	0.999375	1.000000	0.999322
1.000000	0.999322	1.000000	0.999315
1.000000	0.999315	1.000000	0.999396
1.000000	0.999396	1.000000	0.999390
1.000000	0.999390	1.000000	0.999497
1.000000	0.999497	1.000000	0.999517
1.000000	0.999517	1.000000	0.999534
1.000000	0.999534	1.000000	0.999576
1.000000	0.999576	1.000000	0.999589
1.000000	0.999589	1.000000	0.999605
1.000000	0.999605	1.000000	0.999607
1.000000	0.999607	1.000000	0.999677
1.000000	0.999677	1.000000	0.999621
1.000000	0.999621	1.000000	0.999535
0.299935	0.400358	0.418439	0.408274
0.418439	0.408274	0.450707	0.424562
0.450707	0.424562	0.475510	0.445822
0.475510	0.445822	0.497797	0.467447
0.497797	0.467447	0.521613	0.492141
0.521613	0.492141	0.548100	0.520100
0.548100	0.520100	0.576354	0.549199
0.576354	0.549199	0.605133	0.579667
0.605133	0.579667	0.633417	0.609362
0.633417	0.609362	0.660918	0.638186
0.660918	0.638186	0.687385	0.666428
0.687385	0.666428	0.713210	0.693393
0.713210	0.693393	0.738033	0.720211
0.738033	0.720211	0.762824	0.745582
0.762824	0.745582	0.785478	0.769393
0.785478	0.769393	0.805206	0.789700
0.805206	0.789700	0.826070	0.811182
0.826070	0.811182	0.844530	0.830285
0.844530	0.830285	0.861187	0.847634
0.861187	0.847634	0.877575	0.864627
0.877575	0.864627	0.891300	0.878741
0.891300	0.878741	0.905061	0.893140
0.905061	0.893140	0.917799	0.906300
0.917799	0.906300	0.928075	0.916738
0.928075	0.916738	0.938332	0.926990
0.938332	0.926990	0.946409	0.935423
0.946409	0.935423	0.953731	0.942990
0.953731	0.942990	0.960151	0.949309
0.960151	0.949309	0.965618	0.955198
0.965618	0.955198	0.970411	0.959907
0.970411	0.959907	0.974924	0.964793
0.974924	0.964793	0.978783	0.969031
0.978783	0.969031	0.981713	0.972180
0.981713	0.972180	0.984547	0.975249
0.984547	0.975249	0.986832	0.977568
0.986832	0.977568	0.988546	0.979413
0.988546	0.979413	0.990322	0.980844
0.990322	0.980844	0.991895	0.982259
0.991895	0.982259	0.993537	0.983961
0.993537	0.983961	0.994717	0.985150
0.994717	0.985150	0.995743	0.986135
0.995743	0.986135	0.996578	0.987007
0.996578	0.987007	0.997243	0.987658
0.997243	0.987658	0.997619	0.988051
0.997619	0.988051	0.997994	0.988258
0.997994	0.988258	0.998353	0.988611
0.998353	0.988611	0.998699	0.988773
0.998699	0.988773	0.998922	0.988870
0.998922	0.988870	0.999222	0.988908
0.999222	0.988908	0.999456	0.988853
0.999456	0.988853	0.999695	0.989320
0.999695	0.989320	0.999830	0.989724
0.999830	0.989724	0.999880	0.989856
0.999880	0.989856	0.999922	0.989782
0.999922	0.989782	0.999954	0.989851
0.999954	0.989851	0.999985	0.989670
0.999985	0.989670	0.999994	0.989782
0.999994	0.989782	1.000000	0.989782
1.000000	0.989782	1.000000	0.989637
1.000000	0.989637	1.000000	0.989412
1.000000	0.989412	1.000000	0.989475
1.000000	0.989475	1.000000	0.989304
1.000000	0.989304	1.000000	0.989278
1.000000	0.989278	1.000000	0.989267
1.000000	0.989267	1.000000	0.988905
1.000000	0.988905	1.000000	0.989050
1.000000	0.989050	1.000000	0.989167
1.000000	0.989167	1.000000	0.989519
1.000000	0.989519	1.000000	0.989605
1.000000	0.989605	1.000000	0.989541
1.000000	0.989541	1.000000	0.989621
1.000000	0.989621	1.000000	0.989620
1.000000	0.989620	1.000000	0.989429
1.000000	0.989429	1.000000	0.989602
1.000000	0.989602	1.000000	0.989592
1.000000	0.989592	1.000000	0.989433
1.000000	0.989433	1.000000	0.989372
1.000000	0.989372	1.000000	0.989572
1.000000	0.989572	1.000000	0.989378
1.000000	0.989378	1.000000	0.989209
1.000000	0.989209	1.000000	0.989011
1.000000	0.989011	1.000000	0.988896
1.000000	0.988896	1.000000	0.988897
1.000000	0.988897	1.000000	0.989026
1.000000	0.989026	1.000000	0.989108
1.000000	0.989108	1.000000	0.988935
1.000000	0.988935	1.000000	0.989037
1.000000	0.989037	1.000000	0.988718
1.000000	0.988718	1.000000	0.988594
1.000000	0.988594	1.000000	0.988975
1.000000	0.988975	1.000000	0.988954
1.000000	0.988954	1.000000	0.988960
1.000000	0.988960	1.000000	0.989157
1.000000	0.989157	1.000000	0.989010
1.000000	0.989010	1.000000	0.989032
1.000000	0.989032	1.000000	0.988594
1.000000	0.988594	1.000000	0.988552
1.000000	0.988552	1.000000	0.988974
1.000000	0.988974	1.000000	0.988782
1.000000	0.988782	1.000000	0.988856
1.000000	0.988856	1.000000	0.988787
1.000000	0.988787	1.000000	0.988599
1.000000	0.988599	1.000000	0.988536
1.000000	0.988536	1.000000	0.988446
1.000000	0.988446	1.000000	0.988261
1.000000	0.988261	1.000000	0.988463
1.000000	0.988463	1.000000	0.988544
1.000000	0.988544	1.000000	0.988592
1.000000	0.988592	1.000000	0.988903
1.000000	0.988903	1.000000	0.989072
1.000000	0.989072	1.000000	0.989286
1.000000	0.989286	1.000000	0.989272
1.000000	0.989272	1.000000	0.989031
1.000000	0.989031	1.000000	0.989062
1.000000	0.989062	1.000000	0.988966
1.000000	0.988966	1.000000	0.988782
1.000000	0.988782	1.000000	0.988975
1.000000	0.988975	1.000000	0.989158
1.000000	0.989158	1.000000	0.989706
1.000000	0.989706	1.000000	0.989506
1.000000	0.989506	1.000000	0.989477
1.000000	0.989477	1.000000	0.989631
1.000000	0.989631	1.000000	0.989633
1.000000	0.989633	1.000000	0.989338
1.000000	0.989338	1.000000	0.989756
1.000000	0.989756	1.000000	0.990088
1.000000	0.990088	1.000000	0.990103
1.000000	0.990103	1.000000	0.989951
1.000000	0.989951	1.000000	0.990138
1.000000	0.990138	1.000000	0.990110
1.000000	0.990110	1.000000	0.990545
1.000000	0.990545	1.000000	0.990334
1.000000	0.990334	1.000000	0.990390
1.000000	0.990390	1.000000	0.990551
1.000000	0.990551	1.000000	0.990316
1.000000	0.990316	1.000000	0.990612
1.000000	0.990612	1.000000	0.990881
1.000000	0.990881	1.000000	0.990854
1.000000	0.990854	1.000000	0.990892
1.000000	0.990892	1.000000	0.991103
1.000000	0.991103	1.000000	0.991315
1.000000	0.991315	1.000000	0.991659
1.000000	0.991659	1.000000	0.991480
1.000000	0.991480	1.000000	0.991427
1.000000	0.991427	1.000000	0.991203
1.000000	0.991203	1.000000	0.991500
1.000000	0.991500	1.000000	0.991690
1.000000	0.991690	1.000000	0.991783
1.000000	0.991783	1.000000	0.991796
1.000000	0.991796	1.000000	0.991825
1.000000	0.991825	1.000000	0.991738
1.000000	0.991738	1.000000	0.991698
1.000000	0.991698	1.000000	0.991549
1.000000	0.991549	1.000000	0.991382
1.000000	0.991382	1.000000	0.991240
1.000000	0.991240	1.000000	0.991061
1.000000	0.991061	1.000000	0.990986
1.000000	0.990986	1.000000	0.990869
1.000000	0.990869	1.000000	0.991028
1.000000	0.991028	1.000000	0.990876
1.000000	0.990876	1.000000	0.991102
1.000000	0.991102	1.000000	0.991088
1.000000	0.991088	1.000000	0.990946
1.000000	0.990946	1.000000	0.990659
1.000000	0.990659	1.000000	0.990619
1.000000	0.990619	1.000000	0.990913
1.000000	0.990913	1.000000	0.990838
1.000000	0.990838	1.000000	0.990936
1.000000	0.990936	1.000000	0.990665
1.000000	0.990665	1.000000	0.990594
1.000000	0.990594	1.000000	0.990746
1.000000	0.990746	1.000000	0.990689
1.000000	0.990689	1.000000	0.990708
1.000000	0.990708	1.000000	0.990836
1.000000	0.990836	1.000000	0.990655
1.000000	0.990655	1.000000	0.990657
1.000000	0.990657	1.000000	0.990940
1.000000	0.990940	1.000000	0.990720
1.000000	0.990720	1.000000	0.990593
1.000000	0.990593	1.000000	0.990937
1.000000	0.990937	1.000000	0.990828
1.000000	0.990828	1.000000	0.990542
1.000000	0.990542	1.000000	0.990789
1.000000	0.990789	1.000000	0.990596
1.000000	0.990596	1.000000	0.990490
1.000000	0.990490	1.000000	0.990551
1.000000	0.990551	1.000000	0.990815
1.000000	0.990815	1.000000	0.991042
1.000000	0.991042	1.000000	0.991057
1.000000	0.991057	1.000000	0.990949
1.000000	0.990949	1.000000	0.991092
1.000000	0.991092	1.000000	0.991251
1.000000	0.991251	1.000000	0.991573
1.000000	0.991573	1.000000	0.991439
1.000000	0.991439	1.000000	0.991364
1.000000	0.991364	1.000000	0.991491
1.000000	0.991491	1.000000	0.991514
1.000000	0.991514	1.000000	0.991361
1.000000	0.991361	1.000000	0.991585
0.299556	0.499916	0.513466	0.513107
0.513466	0.513107	0.590863	0.534351
0.590863	0.534351	0.631788	0.554159
0.631788	0.554159	0.659589	0.576180
0.659589	0.576180	0.681865	0.600444
0.681865	0.600444	0.700334	0.624033
0.700334	0.624033	0.718354	0.648692
0.718354	0.648692	0.737607	0.674343
0.737607	0.674343	0.755551	0.698215
0.755551	0.698215	0.775013	0.723708
0.775013	0.723708	0.794380	0.748198
0.794380	0.748198	0.814192	0.771840
0.814192	0.771840	0.832659	0.794258
0.832659	0.794258	0.850290	0.813874
0.850290	0.813874	0.866085	0.831754
0.866085	0.831754	0.881801	0.849265
0.881801	0.849265	0.895648	0.864928
0.895648	0.864928	0.909259	0.879941
0.909259	0.879941	0.920346	0.891842
0.920346	0.891842	0.929688	0.902058
0.929688	0.902058	0.938225	0.911101
0.938225	0.911101	0.946225	0.919751
0.946225	0.919751	0.953961	0.928195
0.953961	0.928195	0.960733	0.936106
0.960733	0.936106	0.966519	0.942251
0.966519	0.942251	0.971853	0.948272
0.971853	0.948272	0.976356	0.953574
0.976356	0.953574	0.980248	0.957735
0.980248	0.957735	0.983375	0.960953
0.983375	0.960953	0.986145	0.963734
0.986145	0.963734	0.988318	0.966144
0.988318	0.966144	0.990258	0.968903
0.990258	0.968903	0.991662	0.970179
0.991662	0.970179	0.993077	0.971461
0.993077	0.971461	0.994144	0.972902
0.994144	0.972902	0.994992	0.974104
0.994992	0.974104	0.995509	0.974682
0.995509	0.974682	0.996232	0.975483
0.996232	0.975483	0.996742	0.976080
0.996742	0.976080	0.997161	0.976716
0.997161	0.976716	0.997658	0.977536
0.997658	0.977536	0.997813	0.977630
0.997813	0.977630	0.998040	0.977955
0.998040	0.977955	0.998410	0.978243
0.998410	0.978243	0.998714	0.978779
0.998714	0.978779	0.998833	0.979147
0.998833	0.979147	0.999050	0.978478
0.999050	0.978478	0.999164	0.978609
0.999164	0.978609	0.999311	0.978761
0.999311	0.978761	0.999440	0.979185
0.999440	0.979185	0.999530	0.979290
0.999530	0.979290	0.999540	0.979338
0.999540	0.979338	0.999562	0.978909
0.999562	0.978909	0.999576	0.979187
0.999576	0.979187	0.999616	0.979308
0.999616	0.979308	0.999588	0.979457
0.999588	0.979457	0.999554	0.979608
0.999554	0.979608	0.999526	0.979965
0.999526	0.979965	0.999492	0.979907
0.999492	0.979907	0.999486	0.979991
0.999486	0.979991	0.999547	0.980337
0.999547	0.980337	0.999548	0.980704
0.999548	0.980704	0.999629	0.980935
0.999629	0.980935	0.999670	0.981389
0.999670	0.981389	0.999732	0.981433
0.999732	0.981433	0.999745	0.981632
0.999745	0.981632	0.999793	0.982151
0.999793	0.982151	0.999843	0.982014
0.999843	0.982014	0.999869	0.982096
0.999869	0.982096	0.999895	0.981880
0.999895	0.981880	0.999911	0.981770
0.999911	0.981770	0.999920	0.981457
0.999920	0.981457	0.999886	0.981646
0.999886	0.981646	0.999903	0.981323
0.999903	0.981323	0.999942	0.981321
0.999942	0.981321	0.999979	0.981821
0.999979	0.981821	0.999988	0.981724
0.999988	0.981724	1.000000	0.981378
1.000000	0.981378	1.000000	0.981335
1.000000	0.981335	1.000000	0.981421
1.000000	0.981421	1.000000	0.981299
1.000000	0.981299	1.000000	0.981434
1.000000	0.981434	1.000000	0.981466
1.000000	0.981466	1.000000	0.981245
1.000000	0.981245	1.000000	0.981847
1.000000	0.981847	1.000000	0.981561
1.000000	0.981561	1.000000	0.981239
1.000000	0.981239	1.000000	0.980818
1.000000	0.980818	1.000000	0.981082
1.000000	0.981082	1.000000	0.981086
1.000000	0.981086	1.000000	0.981300
1.000000	0.981300	1.000000	0.981089
1.000000	0.981089	1.000000	0.980861
1.000000	0.980861	1.000000	0.980954
1.000000	0.980954	1.000000	0.980664
1.000000	0.980664	1.000000	0.980781
1.000000	0.980781	1.000000	0.980817
1.000000	0.980817	1.000000	0.981023
1.000000	0.981023	1.000000	0.980820
1.000000	0.980820	1.000000	0.980496
1.000000	0.980496	1.000000	0.980460
1.000000	0.980460	1.000000	0.980319
1.000000	0.980319	1.000000	0.980113
1.000000	0.980113	1.000000	0.980170
1.000000	0.980170	1.000000	0.980396
1.000000	0.980396	1.000000	0.980206
1.000000	0.980206	1.000000	0.980163
1.000000	0.980163	1.000000	0.980137
1.000000	0.980137	1.000000	0.980369
1.000000	0.980369	1.000000	0.979954
1.000000	0.979954	1.000000	0.980065
1.000000	0.980065	1.000000	0.980209
1.000000	0.980209	1.000000	0.980186
1.000000	0.980186	1.000000	0.980108
1.000000	0.980108	1.000000	0.980010
1.000000	0.980010	1.000000	0.979974
1.000000	0.979974	1.000000	0.980250
1.000000	0.980250	1.000000	0.979902
1.000000	0.979902	1.000000	0.979759
1.000000	0.979759	1.000000	0.979678
1.000000	0.979678	1.000000	0.979634
1.000000	0.979634	1.000000	0.979692
1.000000	0.979692	1.000000	0.979939
1.000000	0.979939	1.000000	0.979665
1.000000	0.979665	1.000000	0.980122
1.000000	0.980122	1.000000	0.979475
1.000000	0.979475	1.000000	0.979362
1.000000	0.979362	1.000000	0.979377
1.000000	0.979377	1.000000	0.979612
1.000000	0.979612	1.000000	0.980081
1.000000	0.980081	1.000000	0.979783
1.000000	0.979783	1.000000	0.979954
1.000000	0.979954	1.000000	0.979682
1.000000	0.979682	1.000000	0.979395
1.000000	0.979395	1.000000	0.979261
1.000000	0.979261	1.000000	0.979362
1.000000	0.979362	1.000000	0.978972
1.000000	0.978972	1.000000	0.978983
1.000000	0.978983	1.000000	0.978738
1.000000	0.978738	1.000000	0.978657
1.000000	0.978657	1.000000	0.978374
1.000000	0.978374	1.000000	0.977359
1.000000	0.977359	1.000000	0.977319
1.000000	0.977319	1.000000	0.976917
1.000000	0.976917	1.000000	0.976754
1.000000	0.976754	1.000000	0.976767
1.000000	0.976767	1.000000	0.976610
1.000000	0.976610	1.000000	0.976261
1.000000	0.976261	1.000000	0.976532
1.000000	0.976532	1.000000	0.976100
1.000000	0.976100	1.000000	0.975914
1.000000	0.975914	1.000000	0.975936
1.000000	0.975936	1.000000	0.976200
1.000000	0.976200	1.000000	0.976199
1.000000	0.976199	1.000000	0.976080
1.000000	0.976080	1.000000	0.976149
1.000000	0.976149	1.000000	0.976400
1.000000	0.976400	1.000000	0.976435
1.000000	0.976435	1.000000	0.977146
1.000000	0.977146	1.000000	0.976552
1.000000	0.976552	1.000000	0.976222
1.000000	0.976222	1.000000	0.976243
1.000000	0.976243	1.000000	0.975780
1.000000	0.975780	1.000000	0.976514
1.000000	0.976514	1.000000	0.976213
1.000000	0.976213	1.000000	0.976578
1.000000	0.976578	1.000000	0.975978
1.000000	0.975978	1.000000	0.976660
1.000000	0.976660	1.000000	0.976186
1.000000	0.976186	1.000000	0.976299
1.000000	0.976299	1.000000	0.976445
1.000000	0.976445	1.000000	0.976300
1.000000	0.976300	1.000000	0.976350
1.000000	0.976350	1.000000	0.976174
1.000000	0.976174	1.000000	0.976488
1.000000	0.976488	1.000000	0.977176
1.000000	0.977176	1.000000	0.977423
1.000000	0.977423	1.000000	0.977429
1.000000	0.977429	1.000000	0.977386
1.000000	0.977386	1.000000	0.977266
1.000000	0.977266	1.000000	0.977017
1.000000	0.977017	1.000000	0.977262
1.000000	0.977262	1.000000	0.976889
1.000000	0.976889	1.000000	0.976807
1.000000	0.976807	1.000000	0.976695
1.000000	0.976695	1.000000	0.977024
1.000000	0.977024	1.000000	0.977077
1.000000	0.977077	1.000000	0.977220
1.000000	0.977220	1.000000	0.976522
1.000000	0.976522	1.000000	0.976500
1.000000	0.976500	1.000000	0.976519
1.000000	0.976519	1.000000	0.975862
1.000000	0.975862	1.000000	0.975916
1.000000	0.975916	1.000000	0.975824
1.000000	0.975824	1.000000	0.975310
1.000000	0.975310	1.000000	0.975452
1.000000	0.975452	1.000000	0.974945
1.000000	0.974945	1.000000	0.975356
1.000000	0.975356	1.000000	0.975309
0.299633	0.599273	0.598425	0.612013
0.598425	0.612013	0.708847	0.632534
0.708847	0.632534	0.760840	0.650350
0.760840	0.650350	0.788838	0.669408
0.788838	0.669408	0.806576	0.686073
0.806576	0.686073	0.819298	0.704983
0.819298	0.704983	0.827463	0.721159
0.827463	0.721159	0.836503	0.737133
0.836503	0.737133	0.845767	0.753274
0.845767	0.753274	0.855736	0.769387
0.855736	0.769387	0.866614	0.786023
0.866614	0.786023	0.876439	0.799770
0.876439	0.799770	0.886045	0.814816
0.886045	0.814816	0.896411	0.828799
0.896411	0.828799	0.906831	0.843090
0.906831	0.843090	0.916580	0.855319
0.916580	0.855319	0.925028	0.865505
0.925028	0.865505	0.933389	0.875602
0.933389	0.875602	0.940874	0.884783
0.940874	0.884783	0.947701	0.893580
0.947701	0.893580	0.953637	0.901055
0.953637	0.901055	0.959468	0.906791
0.959468	0.906791	0.964660	0.912581
0.964660	0.912581	0.969393	0.917732
0.969393	0.917732	0.972595	0.921500
0.972595	0.921500	0.976151	0.924894
0.976151	0.924894	0.979150	0.929148
0.979150	0.929148	0.981911	0.932371
0.981911	0.932371	0.984437	0.935186
0.984437	0.935186	0.986711	0.938373
0.986711	0.938373	0.988503	0.940635
0.988503	0.940635	0.990561	0.944151
0.990561	0.944151	0.991808	0.946248
0.991808	0.946248	0.992882	0.947911
0.992882	0.947911	0.993946	0.948871
0.993946	0.948871	0.995019	0.950958
0.995019	0.950958	0.995944	0.952028
0.995944	0.952028	0.996499	0.952201
0.996499	0.952201	0.996848	0.952128
0.996848	0.952128	0.997386	0.953906
0.997386	0.953906	0.997732	0.955041
0.997732	0.955041	0.998012	0.954639
0.998012	0.954639	0.998177	0.954883
0.998177	0.954883	0.998507	0.955624
0.998507	0.955624	0.998537	0.955910
0.998537	0.955910	0.998685	0.956490
0.998685	0.956490	0.998776	0.956764
0.998776	0.956764	0.998944	0.956687
0.998944	0.956687	0.999039	0.956948
0.999039	0.956948	0.999210	0.957177
0.999210	0.957177	0.999279	0.957624
0.999279	0.957624	0.999378	0.957749
0.999378	0.957749	0.999488	0.958370
0.999488	0.958370	0.999545	0.958378
0.999545	0.958378	0.999507	0.957846
0.999507	0.957846	0.999561	0.957670
0.999561	0.957670	0.999560	0.957177
0.999560	0.957177	0.999572	0.957620
0.999572	0.957620	0.999629	0.958151
0.999629	0.958151	0.999685	0.957426
0.999685	0.957426	0.999681	0.957506
0.999681	0.957506	0.999754	0.957522
0.999754	0.957522	0.999837	0.957226
0.999837	0.957226	0.999851	0.956878
0.999851	0.956878	0.999853	0.957898
0.999853	0.957898	0.999885	0.957758
0.999885	0.957758	0.999908	0.957390
0.999908	0.957390	0.999935	0.957430
0.999935	0.957430	0.999947	0.957040
0.999947	0.957040	0.999970	0.956927
0.999970	0.956927	0.999993	0.957618
0.999993	0.957618	1.000000	0.957762
1.000000	0.957762	1.000000	0.958260
1.000000	0.958260	1.000000	0.958187
1.000000	0.958187	1.000000	0.957677
1.000000	0.957677	1.000000	0.957731
1.000000	0.957731	1.000000	0.957628
1.000000	0.957628	1.000000	0.956819
1.000000	0.956819	1.000000	0.956548
1.000000	0.956548	1.000000	0.956093
1.000000	0.956093	1.000000	0.957053
1.000000	0.957053	1.000000	0.956604
1.000000	0.956604	1.000000	0.956809
1.000000	0.956809	1.000000	0.957204
1.000000	0.957204	1.000000	0.956796
1.000000	0.956796	1.000000	0.956408
1.000000	0.956408	1.000000	0.956075
1.000000	0.956075	1.000000	0.955303
1.000000	0.955303	1.000000	0.954848
1.000000	0.954848	1.000000	0.954606
1.000000	0.954606	1.000000	0.954822
1.000000	0.954822	1.000000	0.955284
1.000000	0.955284	1.000000	0.955010
1.000000	0.955010	1.000000	0.955259
1.000000	0.955259	1.000000	0.956196
1.000000	0.956196	1.000000	0.956278
1.000000	0.956278	1.000000	0.956719
1.000000	0.956719	1.000000	0.957272
1.000000	0.957272	1.000000	0.957228
1.000000	0.957228	1.000000	0.956592
1.000000	0.956592	1.000000	0.956106
1.000000	0.956106	1.000000	0.955541
1.000000	0.955541	1.000000	0.955364
1.000000	0.955364	1.000000	0.956274
1.000000	0.956274	1.000000	0.955751
1.000000	0.955751	1.000000	0.955435
1.000000	0.955435	1.000000	0.955576
1.000000	0.955576	1.000000	0.955973
1.000000	0.955973	1.000000	0.955637
1.000000	0.955637	1.000000	0.956017
1.000000	0.956017	1.000000	0.955365
1.000000	0.955365	1.000000	0.954973
1.000000	0.954973	1.000000	0.955009
1.000000	0.955009	1.000000	0.955451
1.000000	0.955451	1.000000	0.956130
1.000000	0.956130	1.000000	0.956542
1.000000	0.956542	1.000000	0.956394
1.000000	0.956394	1.000000	0.956170
1.000000	0.956170	1.000000	0.955527
1.000000	0.955527	1.000000	0.955702
1.000000	0.955702	1.000000	0.955586
1.000000	0.955586	1.000000	0.955458
1.000000	0.955458	1.000000	0.954851
1.000000	0.954851	1.000000	0.955022
1.000000	0.955022	1.000000	0.955541
1.000000	0.955541	1.000000	0.955529
1.000000	0.955529	1.000000	0.955701
1.000000	0.955701	1.000000	0.955776
1.000000	0.955776	1.000000	0.955859
1.000000	0.955859	1.000000	0.956022
1.000000	0.956022	1.000000	0.955338
1.000000	0.955338	1.000000	0.955528
1.000000	0.955528	1.000000	0.955699
1.000000	0.955699	1.000000	0.956378
1.000000	0.956378	1.000000	0.956288
1.000000	0.956288	1.000000	0.955784
1.000000	0.955784	1.000000	0.955767
1.000000	0.955767	1.000000	0.955172
1.000000	0.955172	1.000000	0.955424
1.000000	0.955424	1.000000	0.955756
1.000000	0.955756	1.000000	0.955559
1.000000	0.955559	1.000000	0.956046
1.000000	0.956046	1.000000	0.954737
1.000000	0.954737	1.000000	0.954648
1.000000	0.954648	1.000000	0.954541
1.000000	0.954541	1.000000	0.954677
1.000000	0.954677	1.000000	0.954516
1.000000	0.954516	1.000000	0.954514
1.000000	0.954514	1.000000	0.955761
1.000000	0.955761	1.000000	0.956074
1.000000	0.956074	1.000000	0.955555
1.000000	0.955555	1.000000	0.955631
1.000000	0.955631	1.000000	0.955575
1.000000	0.955575	1.000000	0.956203
1.000000	0.956203	1.000000	0.956643
1.000000	0.956643	1.000000	0.956486
1.000000	0.956486	1.000000	0.956467
1.000000	0.956467	1.000000	0.956515
1.000000	0.956515	1.000000	0.955650
1.000000	0.955650	1.000000	0.955926
1.000000	0.955926	1.000000	0.955302
1.000000	0.955302	1.000000	0.954862
1.000000	0.954862	1.000000	0.955946
1.000000	0.955946	1.000000	0.956108
1.000000	0.956108	1.000000	0.956244
1.000000	0.956244	1.000000	0.956759
1.000000	0.956759	1.000000	0.957071
1.000000	0.957071	1.000000	0.956521
1.000000	0.956521	1.000000	0.955920
1.000000	0.955920	1.000000	0.955613
1.000000	0.955613	1.000000	0.955146
1.000000	0.955146	1.000000	0.955173
1.000000	0.955173	1.000000	0.955251
1.000000	0.955251	1.000000	0.955310
1.000000	0.955310	1.000000	0.955156
1.000000	0.955156	1.000000	0.955984
1.000000	0.955984	1.000000	0.956044
1.000000	0.956044	1.000000	0.956735
1.000000	0.956735	1.000000	0.956112
1.000000	0.956112	1.000000	0.956058
1.000000	0.956058	1.000000	0.955432
1.000000	0.955432	1.000000	0.956003
1.000000	0.956003	1.000000	0.956120
1.000000	0.956120	1.000000	0.956586
1.000000	0.956586	1.000000	0.956368
1.000000	0.956368	1.000000	0.955519
1.000000	0.955519	1.000000	0.955120
1.000000	0.955120	1.000000	0.955920
1.000000	0.955920	1.000000	0.956230
1.000000	0.956230	1.000000	0.956546
1.000000	0.956546	1.000000	0.955844
1.000000	0.955844	1.000000	0.955472
1.000000	0.955472	1.000000	0.955196
1.000000	0.955196	1.000000	0.955412
1.000000	0.955412	1.000000	0.955866
1.000000	0.955866	1.000000	0.955750
1.000000	0.955750	1.000000	0.956045
1.000000	0.956045	1.000000	0.956389
1.000000	0.956389	1.000000	0.956479
0.299492	0.700274	0.680289	0.711200
0.680289	0.711200	0.806555	0.729227
0.806555	0.729227	0.863390	0.744868
0.863390	0.744868	0.891165	0.760662
0.891165	0.760662	0.905557	0.771896
0.905557	0.771896	0.913377	0.783472
0.913377	0.783472	0.918141	0.793419
0.918141	0.793419	0.921947	0.801347
0.921947	0.801347	0.925883	0.810897
0.925883	0.810897	0.929583	0.819112
0.929583	0.819112	0.933269	0.826666
0.933269	0.826666	0.937499	0.834279
0.937499	0.834279	0.940799	0.841996
0.940799	0.841996	0.945049	0.848960
0.945049	0.848960	0.949542	0.856143
0.949542	0.856143	0.953043	0.862498
0.953043	0.862498	0.956114	0.867312
0.956114	0.867312	0.959266	0.873356
0.959266	0.873356	0.962812	0.879229
0.962812	0.879229	0.965784	0.884196
0.965784	0.884196	0.968981	0.888841
0.968981	0.888841	0.971512	0.894303
0.971512	0.894303	0.974186	0.898068
0.974186	0.898068	0.976344	0.902032
0.976344	0.902032	0.978137	0.904547
0.978137	0.904547	0.979757	0.906832
0.979757	0.906832	0.981482	0.908642
0.981482	0.908642	0.982935	0.910340
0.982935	0.910340	0.984430	0.912810
0.984430	0.912810	0.985821	0.913536
0.985821	0.913536	0.987107	0.915553
0.987107	0.915553	0.988298	0.917971
0.988298	0.917971	0.989395	0.919612
0.989395	0.919612	0.990361	0.921248
0.990361	0.921248	0.990843	0.922615
0.990843	0.922615	0.991828	0.923858
0.991828	0.923858	0.992890	0.925334
0.992890	0.925334	0.993529	0.926134
0.993529	0.926134	0.994463	0.927543
0.994463	0.927543	0.995039	0.927723
0.995039	0.927723	0.995300	0.927884
0.995300	0.927884	0.995717	0.928755
0.995717	0.928755	0.996023	0.928774
0.996023	0.928774	0.996281	0.928195
0.996281	0.928195	0.996622	0.928132
0.996622	0.928132	0.996698	0.928709
0.996698	0.928709	0.996972	0.929005
0.996972	0.929005	0.997097	0.930131
0.997097	0.930131	0.997170	0.930900
0.997170	0.930900	0.997329	0.930749
0.997329	0.930749	0.997421	0.931092
0.997421	0.931092	0.997525	0.931280
0.997525	0.931280	0.997563	0.931993
0.997563	0.931993	0.997623	0.932451
0.997623	0.932451	0.997708	0.932865
0.997708	0.932865	0.997794	0.933406
0.997794	0.933406	0.997954	0.934845
0.997954	0.934845	0.998035	0.934211
0.998035	0.934211	0.998218	0.934316
0.998218	0.934316	0.998215	0.934329
0.998215	0.934329	0.998378	0.934990
0.998378	0.934990	0.998408	0.935824
0.998408	0.935824	0.998556	0.935967
0.998556	0.935967	0.998714	0.936285
0.998714	0.936285	0.998750	0.936541
0.998750	0.936541	0.998824	0.937126
0.998824	0.937126	0.998854	0.937282
0.998854	0.937282	0.998907	0.937041
0.998907	0.937041	0.998837	0.937176
0.998837	0.937176	0.998864	0.936336
0.998864	0.936336	0.998978	0.935648
0.998978	0.935648	0.999064	0.935347
0.999064	0.935347	0.999206	0.935824
0.999206	0.935824	0.999227	0.935764
0.999227	0.935764	0.999276	0.936204
0.999276	0.936204	0.999330	0.937433
0.999330	0.937433	0.999386	0.937293
0.999386	0.937293	0.999452	0.937537
0.999452	0.937537	0.999484	0.937871
0.999484	0.937871	0.999519	0.937912
0.999519	0.937912	0.999598	0.937835
0.999598	0.937835	0.999688	0.937658
0.999688	0.937658	0.999718	0.938539
0.999718	0.938539	0.999754	0.938372
0.999754	0.938372	0.999790	0.937800
0.999790	0.937800	0.999775	0.937938
0.999775	0.937938	0.999806	0.938450
0.999806	0.938450	0.999807	0.938555
0.999807	0.938555	0.999805	0.937586
0.999805	0.937586	0.999830	0.937316
0.999830	0.937316	0.999820	0.937022
0.999820	0.937022	0.999767	0.936814
0.999767	0.936814	0.999777	0.936752
0.999777	0.936752	0.999776	0.937575
0.999776	0.937575	0.999780	0.938191
0.999780	0.938191	0.999795	0.938450
0.999795	0.938450	0.999767	0.937898
0.999767	0.937898	0.999752	0.937928
0.999752	0.937928	0.999727	0.937698
0.999727	0.937698	0.999763	0.937692
0.999763	0.937692	0.999789	0.938409
0.999789	0.938409	0.999817	0.938995
0.999817	0.938995	0.999813	0.938964
0.999813	0.938964	0.999867	0.939675
0.999867	0.939675	0.999859	0.939593
0.999859	0.939593	0.999866	0.940021
0.999866	0.940021	0.999874	0.939754
0.999874	0.939754	0.999890	0.939778
0.999890	0.939778	0.999928	0.938913
0.999928	0.938913	0.999953	0.939431
0.999953	0.939431	0.999985	0.938659
0.999985	0.938659	0.999991	0.939093
0.999991	0.939093	0.999984	0.939619
0.999984	0.939619	0.999971	0.939425
0.999971	0.939425	0.999958	0.940139
0.999958	0.940139	0.999923	0.939790
0.999923	0.939790	0.999916	0.940040
0.999916	0.940040	0.999911	0.940248
0.999911	0.940248	0.999902	0.940650
0.999902	0.940650	0.999896	0.940675
0.999896	0.940675	0.999906	0.940087
0.999906	0.940087	0.999940	0.939650
0.999940	0.939650	0.999903	0.940359
0.999903	0.940359	0.999902	0.940031
0.999902	0.940031	0.999884	0.940141
0.999884	0.940141	0.999893	0.939876
0.999893	0.939876	0.999878	0.939705
0.999878	0.939705	0.999902	0.939180
0.999902	0.939180	0.999915	0.939135
0.999915	0.939135	0.999924	0.939148
0.999924	0.939148	0.999912	0.938923
0.999912	0.938923	0.999914	0.939772
0.999914	0.939772	0.999920	0.939377
0.999920	0.939377	0.999943	0.939329
0.999943	0.939329	0.999973	0.938664
0.999973	0.938664	0.999960	0.938624
0.999960	0.938624	0.999969	0.939478
0.999969	0.939478	0.999970	0.938742
0.999970	0.938742	0.999976	0.939155
0.999976	0.939155	0.999968	0.938727
0.999968	0.938727	0.999983	0.938775
0.999983	0.938775	0.999987	0.938398
0.999987	0.938398	0.999985	0.938381
0.999985	0.938381	0.999988	0.938511
0.999988	0.938511	0.999994	0.938407
0.999994	0.938407	1.000000	0.938635
1.000000	0.938635	1.000000	0.938684
1.000000	0.938684	1.000000	0.938370
1.000000	0.938370	1.000000	0.938132
1.000000	0.938132	1.000000	0.938069
1.000000	0.938069	1.000000	0.938488
1.000000	0.938488	1.000000	0.938533
1.000000	0.938533	1.000000	0.938136
1.000000	0.938136	1.000000	0.937998
1.000000	0.937998	1.000000	0.938396
1.000000	0.938396	1.000000	0.937933
1.000000	0.937933	1.000000	0.937550
1.000000	0.937550	1.000000	0.937073
1.000000	0.937073	1.000000	0.936854
1.000000	0.936854	1.000000	0.936587
1.000000	0.936587	1.000000	0.936311
1.000000	0.936311	1.000000	0.936166
1.000000	0.936166	1.000000	0.936312
1.000000	0.936312	1.000000	0.936173
1.000000	0.936173	1.000000	0.935799
1.000000	0.935799	1.000000	0.935386
1.000000	0.935386	1.000000	0.935594
1.000000	0.935594	1.000000	0.934988
1.000000	0.934988	1.000000	0.934506
1.000000	0.934506	1.000000	0.934929
1.000000	0.934929	1.000000	0.934359
1.000000	0.934359	1.000000	0.934345
1.000000	0.934345	1.000000	0.934164
1.000000	0.934164	1.000000	0.934662
1.000000	0.934662	1.000000	0.934806
1.000000	0.934806	1.000000	0.935050
1.000000	0.935050	1.000000	0.934933
1.000000	0.934933	1.000000	0.934495
1.000000	0.934495	1.000000	0.933606
1.000000	0.933606	1.000000	0.933797
1.000000	0.933797	1.000000	0.934619
1.000000	0.934619	1.000000	0.934616
1.000000	0.934616	1.000000	0.934380
1.000000	0.934380	1.000000	0.934044
1.000000	0.934044	1.000000	0.934485
1.000000	0.934485	1.000000	0.935104
1.000000	0.935104	1.000000	0.935438
1.000000	0.935438	1.000000	0.935498
1.000000	0.935498	1.000000	0.935684
1.000000	0.935684	1.000000	0.935786
1.000000	0.935786	1.000000	0.935216
1.000000	0.935216	1.000000	0.935283
1.000000	0.935283	1.000000	0.934630
1.000000	0.934630	1.000000	0.933931
1.000000	0.933931	1.000000	0.934468
1.000000	0.934468	1.000000	0.934312
1.000000	0.934312	1.000000	0.934599
1.000000	0.934599	1.000000	0.934331
1.000000	0.934331	1.000000	0.934755
0.299799	0.799695	0.751258	0.810206
0.751258	0.810206	0.884649	0.822110
0.884649	0.822110	0.932796	0.831665
0.932796	0.831665	0.953128	0.838842
0.953128	0.838842	0.961789	0.844654
0.961789	0.844654	0.967297	0.851200
0.967297	0.851200	0.970620	0.855649
0.970620	0.855649	0.972904	0.860661
0.972904	0.860661	0.974671	0.863982
0.974671	0.863982	0.976402	0.867285
0.976402	0.867285	0.978010	0.871232
0.978010	0.871232	0.979573	0.874452
0.979573	0.874452	0.980274	0.877235
0.980274	0.877235	0.981267	0.879246
0.981267	0.879246	0.982185	0.882646
0.982185	0.882646	0.983003	0.885087
0.983003	0.885087	0.983942	0.888047
0.983942	0.888047	0.984735	0.890437
0.984735	0.890437	0.985563	0.892013
0.985563	0.892013	0.986173	0.893281
0.986173	0.893281	0.987078	0.894850
0.987078	0.894850	0.987699	0.896169
0.987699	0.896169	0.988364	0.897619
0.988364	0.897619	0.989111	0.899978
0.989111	0.899978	0.989882	0.901823
0.989882	0.901823	0.990130	0.902922
0.990130	0.902922	0.990944	0.904419
0.990944	0.904419	0.991641	0.905351
0.991641	0.905351	0.992298	0.907552
0.992298	0.907552	0.993122	0.909290
0.993122	0.909290	0.993790	0.910161
0.993790	0.910161	0.994011	0.911092
0.994011	0.911092	0.994540	0.911880
0.994540	0.911880	0.994993	0.911584
0.994993	0.911584	0.995200	0.911876
0.995200	0.911876	0.995606	0.912869
0.995606	0.912869	0.995733	0.912411
0.995733	0.912411	0.995859	0.912837
0.995859	0.912837	0.996225	0.913807
0.996225	0.913807	0.996263	0.915190
0.996263	0.915190	0.996460	0.915445
0.996460	0.915445	0.996798	0.915889
0.996798	0.915889	0.996929	0.916636
0.996929	0.916636	0.997246	0.916622
0.997246	0.916622	0.997500	0.917397
0.997500	0.917397	0.997732	0.918743
0.997732	0.918743	0.998019	0.919685
0.998019	0.919685	0.998114	0.920216
0.998114	0.920216	0.998354	0.920206
0.998354	0.920206	0.998538	0.920836
0.998538	0.920836	0.998717	0.921288
0.998717	0.921288	0.999018	0.921680
0.999018	0.921680	0.999230	0.921465
0.999230	0.921465	0.999352	0.922867
0.999352	0.922867	0.999438	0.922229
0.999438	0.922229	0.999543	0.922125
0.999543	0.922125	0.999587	0.922188
0.999587	0.922188	0.999646	0.921490
0.999646	0.921490	0.999639	0.922212
0.999639	0.922212	0.999618	0.922140
0.999618	0.922140	0.999581	0.922070
0.999581	0.922070	0.999604	0.921980
0.999604	0.921980	0.999604	0.921548
0.999604	0.921548	0.999568	0.921840
0.999568	0.921840	0.999587	0.922351
0.999587	0.922351	0.999570	0.921492
0.999570	0.921492	0.999546	0.921907
0.999546	0.921907	0.999550	0.922152
0.999550	0.922152	0.999565	0.921949
0.999565	0.921949	0.999576	0.922691
0.999576	0.922691	0.999590	0.923075
0.999590	0.923075	0.999578	0.922233
0.999578	0.922233	0.999673	0.922125
0.999673	0.922125	0.999709	0.921582
0.999709	0.921582	0.999747	0.921892
0.999747	0.921892	0.999793	0.921282
0.999793	0.921282	0.999839	0.921793
0.999839	0.921793	0.999846	0.921742
0.999846	0.921742	0.999854	0.921731
0.999854	0.921731	0.999869	0.921755
0.999869	0.921755	0.999895	0.922027
0.999895	0.922027	0.999901	0.922992
0.999901	0.922992	0.999918	0.922942
0.999918	0.922942	0.999908	0.922403
0.999908	0.922403	0.999935	0.922243
0.999935	0.922243	0.999960	0.921753
0.999960	0.921753	0.999979	0.921156
0.999979	0.921156	0.999988	0.921405
0.999988	0.921405	0.999990	0.921694
0.999990	0.921694	0.999998	0.921696
0.999998	0.921696	1.000000	0.921412
1.000000	0.921412	1.000000	0.922054
1.000000	0.922054	1.000000	0.921864
1.000000	0.921864	1.000000	0.922255
1.000000	0.922255	1.000000	0.922157
1.000000	0.922157	1.000000	0.922206
1.000000	0.922206	1.000000	0.922114
1.000000	0.922114	1.000000	0.921676
1.000000	0.921676	1.000000	0.921414
1.000000	0.921414	1.000000	0.921208
1.000000	0.921208	1.000000	0.921924
1.000000	0.921924	1.000000	0.921950
1.000000	0.921950	1.000000	0.922017
1.000000	0.922017	1.000000	0.921626
1.000000	0.921626	1.000000	0.921183
1.000000	0.921183	1.000000	0.922452
1.000000	0.922452	1.000000	0.922902
1.000000	0.922902	1.000000	0.922882
1.000000	0.922882	1.000000	0.923482
1.000000	0.923482	1.000000	0.922626
1.000000	0.922626	1.000000	0.921974
1.000000	0.921974	1.000000	0.922859
1.000000	0.922859	1.000000	0.923831
1.000000	0.923831	1.000000	0.924707
1.000000	0.924707	1.000000	0.925000
1.000000	0.925000	1.000000	0.925461
1.000000	0.925461	1.000000	0.924797
1.000000	0.924797	1.000000	0.925264
1.000000	0.925264	1.000000	0.923878
1.000000	0.923878	1.000000	0.923331
1.000000	0.923331	1.000000	0.923926
1.000000	0.923926	1.000000	0.923607
1.000000	0.923607	1.000000	0.924194
1.000000	0.924194	1.000000	0.923515
1.000000	0.923515	1.000000	0.923153
1.000000	0.923153	1.000000	0.923108
1.000000	0.923108	1.000000	0.923480
1.000000	0.923480	1.000000	0.923171
1.000000	0.923171	1.000000	0.922808
1.000000	0.922808	1.000000	0.923345
1.000000	0.923345	1.000000	0.923411
1.000000	0.923411	1.000000	0.923739
1.000000	0.923739	1.000000	0.924192
1.000000	0.924192	1.000000	0.924954
1.000000	0.924954	1.000000	0.924277
1.000000	0.924277	1.000000	0.924709
1.000000	0.924709	1.000000	0.924915
1.000000	0.924915	1.000000	0.925168
1.000000	0.925168	1.000000	0.925377
1.000000	0.925377	1.000000	0.925627
1.000000	0.925627	1.000000	0.926385
1.000000	0.926385	1.000000	0.926142
1.000000	0.926142	1.000000	0.926583
1.000000	0.926583	1.000000	0.925883
1.000000	0.925883	1.000000	0.926219
1.000000	0.926219	1.000000	0.926357
1.000000	0.926357	1.000000	0.926520
1.000000	0.926520	1.000000	0.926338
1.000000	0.926338	1.000000	0.926104
1.000000	0.926104	1.000000	0.925501
1.000000	0.925501	1.000000	0.925247
1.000000	0.925247	1.000000	0.925126
1.000000	0.925126	1.000000	0.925689
1.000000	0.925689	1.000000	0.925686
1.000000	0.925686	1.000000	0.925410
1.000000	0.925410	1.000000	0.925160
1.000000	0.925160	1.000000	0.925089
1.000000	0.925089	1.000000	0.925114
1.000000	0.925114	1.000000	0.924732
1.000000	0.924732	1.000000	0.924217
1.000000	0.924217	1.000000	0.923678
1.000000	0.923678	1.000000	0.923323
1.000000	0.923323	1.000000	0.924056
1.000000	0.924056	1.000000	0.922994
1.000000	0.922994	1.000000	0.923139
1.000000	0.923139	1.000000	0.922550
1.000000	0.922550	1.000000	0.923545
1.000000	0.923545	1.000000	0.923516
1.000000	0.923516	1.000000	0.923958
1.000000	0.923958	1.000000	0.923002
1.000000	0.923002	1.000000	0.922917
1.000000	0.922917	1.000000	0.923007
1.000000	0.923007	1.000000	0.923045
1.000000	0.923045	1.000000	0.923337
1.000000	0.923337	1.000000	0.923080
1.000000	0.923080	1.000000	0.922737
1.000000	0.922737	1.000000	0.922659
1.000000	0.922659	1.000000	0.923747
1.000000	0.923747	1.000000	0.923743
1.000000	0.923743	1.000000	0.923990
1.000000	0.923990	1.000000	0.923391
1.000000	0.923391	1.000000	0.922330
1.000000	0.922330	1.000000	0.921802
1.000000	0.921802	1.000000	0.921311
1.000000	0.921311	1.000000	0.921494
1.000000	0.921494	1.000000	0.921532
1.000000	0.921532	1.000000	0.921148
1.000000	0.921148	1.000000	0.920882
1.000000	0.920882	1.000000	0.920508
1.000000	0.920508	1.000000	0.920044
1.000000	0.920044	1.000000	0.920852
1.000000	0.920852	1.000000	0.921370
1.000000	0.921370	1.000000	0.920869
1.000000	0.920869	1.000000	0.920562
1.000000	0.920562	1.000000	0.919954
1.000000	0.919954	1.000000	0.919998
1.000000	0.919998	1.000000	0.919756
1.000000	0.919756	1.000000	0.920542
1.000000	0.920542	1.000000	0.920724
0.300314	0.900049	0.813274	0.906855
0.813274	0.906855	0.936715	0.913605
0.936715	0.913605	0.974584	0.917458
0.974584	0.917458	0.986586	0.920315
0.986586	0.920315	0.991598	0.923132
0.991598	0.923132	0.993944	0.924977
0.993944	0.924977	0.995202	0.926074
0.995202	0.926074	0.996357	0.927350
0.996357	0.927350	0.997025	0.928841
0.997025	0.928841	0.997504	0.929235
0.997504	0.929235	0.997735	0.930356
0.997735	0.930356	0.997756	0.930027
0.997756	0.930027	0.998066	0.930055
0.998066	0.930055	0.998236	0.930907
0.998236	0.930907	0.998383	0.931518
0.998383	0.931518	0.998586	0.931195
0.998586	0.931195	0.998708	0.931529
0.998708	0.931529	0.998741	0.930768
0.998741	0.930768	0.998741	0.931063
0.998741	0.931063	0.998818	0.931595
0.998818	0.931595	0.998874	0.931491
0.998874	0.931491	0.998938	0.931773
0.998938	0.931773	0.999022	0.931962
0.999022	0.931962	0.999049	0.932512
0.999049	0.932512	0.999119	0.933155
0.999119	0.933155	0.999306	0.932548
0.999306	0.932548	0.999433	0.932408
0.999433	0.932408	0.999496	0.932198
0.999496	0.932198	0.999554	0.932376
0.999554	0.932376	0.999624	0.932308
0.999624	0.932308	0.999644	0.932374
0.999644	0.932374	0.999706	0.931865
0.999706	0.931865	0.999741	0.931926
0.999741	0.931926	0.999795	0.932235
0.999795	0.932235	0.999831	0.931203
0.999831	0.931203	0.999851	0.931024
0.999851	0.931024	0.999859	0.930847
0.999859	0.930847	0.999856	0.930227
0.999856	0.930227	0.999844	0.929733
0.999844	0.929733	0.999872	0.929494
0.999872	0.929494	0.999899	0.929577
0.999899	0.929577	0.999923	0.930004
0.999923	0.930004	0.999945	0.929421
0.999945	0.929421	0.999973	0.930351
0.999973	0.930351	0.999972	0.930104
0.999972	0.930104	0.999988	0.930264
0.999988	0.930264	0.999987	0.929576
0.999987	0.929576	0.999994	0.929922
0.999994	0.929922	0.999992	0.929589
0.999992	0.929589	0.999991	0.930305
0.999991	0.930305	1.000000	0.929571
1.000000	0.929571	1.000000	0.930386
1.000000	0.930386	1.000000	0.929843
1.000000	0.929843	1.000000	0.930696
1.000000	0.930696	1.000000	0.930726
1.000000	0.930726	1.000000	0.931000
1.000000	0.931000	1.000000	0.931773
1.000000	0.931773	1.000000	0.931556
1.000000	0.931556	1.000000	0.931850
1.000000	0.931850	1.000000	0.931117
1.000000	0.931117	1.000000	0.930689
1.000000	0.930689	1.000000	0.930479
1.000000	0.930479	1.000000	0.929756
1.000000	0.929756	1.000000	0.929979
1.000000	0.929979	1.000000	0.931073
1.000000	0.931073	1.000000	0.930915
1.000000	0.930915	1.000000	0.931069
1.000000	0.931069	1.000000	0.930369
1.000000	0.930369	1.000000	0.930569
1.000000	0.930569	1.000000	0.931163
1.000000	0.931163	1.000000	0.930728
1.000000	0.930728	1.000000	0.930229
1.000000	0.930229	1.000000	0.931202
1.000000	0.931202	1.000000	0.930872
1.000000	0.930872	1.000000	0.930709
1.000000	0.930709	1.000000	0.931169
1.000000	0.931169	1.000000	0.930572
1.000000	0.930572	1.000000	0.930795
1.000000	0.930795	1.000000	0.931101
1.000000	0.931101	1.000000	0.930909
1.000000	0.930909	1.000000	0.930681
1.000000	0.930681	1.000000	0.930447
1.000000	0.930447	1.000000	0.930379
1.000000	0.930379	1.000000	0.930476
1.000000	0.930476	1.000000	0.931430
1.000000	0.931430	1.000000	0.930921
1.000000	0.930921	1.000000	0.931344
1.000000	0.931344	1.000000	0.930963
1.000000	0.930963	1.000000	0.930644
1.000000	0.930644	1.000000	0.930786
1.000000	0.930786	1.000000	0.931478
1.000000	0.931478	1.000000	0.931839
1.000000	0.931839	1.000000	0.932454
1.000000	0.932454	1.000000	0.932009
1.000000	0.932009	1.000000	0.932528
1.000000	0.932528	1.000000	0.931969
1.000000	0.931969	1.000000	0.932017
1.000000	0.932017	1.000000	0.932279
1.000000	0.932279	1.000000	0.932070
1.000000	0.932070	1.000000	0.931284
1.000000	0.931284	1.000000	0.932696
1.000000	0.932696	1.000000	0.932416
1.000000	0.932416	1.000000	0.932362
1.000000	0.932362	1.000000	0.931997
1.000000	0.931997	1.000000	0.932490
1.000000	0.932490	1.000000	0.932865
1.000000	0.932865	1.000000	0.933174
1.000000	0.933174	1.000000	0.933503
1.000000	0.933503	1.000000	0.934143
1.000000	0.934143	1.000000	0.934681
1.000000	0.934681	1.000000	0.934616
1.000000	0.934616	1.000000	0.934616
1.000000	0.934616	1.000000	0.934455
1.000000	0.934455	1.000000	0.933842
1.000000	0.933842	1.000000	0.933424
1.000000	0.933424	1.000000	0.933966
1.000000	0.933966	1.000000	0.933832
1.000000	0.933832	1.000000	0.933733
1.000000	0.933733	1.000000	0.934016
1.000000	0.934016	1.000000	0.934388
1.000000	0.934388	1.000000	0.934556
1.000000	0.934556	1.000000	0.934542
1.000000	0.934542	1.000000	0.934808
1.000000	0.934808	1.000000	0.935981
1.000000	0.935981	1.000000	0.935605
1.000000	0.935605	1.000000	0.935599
1.000000	0.935599	1.000000	0.935916
1.000000	0.935916	1.000000	0.935609
1.000000	0.935609	1.000000	0.935768
1.000000	0.935768	1.000000	0.935809
1.000000	0.935809	1.000000	0.935811
1.000000	0.935811	1.000000	0.936410
1.000000	0.936410	1.000000	0.935884
1.000000	0.935884	1.000000	0.934976
1.000000	0.934976	1.000000	0.935034
1.000000	0.935034	1.000000	0.934501
1.000000	0.934501	1.000000	0.934250
1.000000	0.934250	1.000000	0.933702
1.000000	0.933702	1.000000	0.933473
1.000000	0.933473	1.000000	0.933639
1.000000	0.933639	1.000000	0.933770
1.000000	0.933770	1.000000	0.934360
1.000000	0.934360	1.000000	0.934611
1.000000	0.934611	1.000000	0.935115
1.000000	0.935115	1.000000	0.935146
1.000000	0.935146	1.000000	0.934555
1.000000	0.934555	1.000000	0.934314
1.000000	0.934314	1.000000	0.933699
1.000000	0.933699	1.000000	0.933432
1.000000	0.933432	1.000000	0.934255
1.000000	0.934255	1.000000	0.934583
1.000000	0.934583	1.000000	0.934569
1.000000	0.934569	1.000000	0.934167
1.000000	0.934167	1.000000	0.934335
1.000000	0.934335	1.000000	0.934497
1.000000	0.934497	1.000000	0.935311
1.000000	0.935311	1.000000	0.935623
1.000000	0.935623	1.000000	0.935289
1.000000	0.935289	1.000000	0.935548
1.000000	0.935548	1.000000	0.935606
1.000000	0.935606	1.000000	0.935729
1.000000	0.935729	1.000000	0.935380
1.000000	0.935380	1.000000	0.935081
1.000000	0.935081	1.000000	0.935411
1.000000	0.935411	1.000000	0.935951
1.000000	0.935951	1.000000	0.935664
1.000000	0.935664	1.000000	0.935863
1.000000	0.935863	1.000000	0.936328
1.000000	0.936328	1.000000	0.936855
1.000000	0.936855	1.000000	0.936768
1.000000	0.936768	1.000000	0.937475
1.000000	0.937475	1.000000	0.937538
1.000000	0.937538	1.000000	0.936760
1.000000	0.936760	1.000000	0.936530
1.000000	0.936530	1.000000	0.937410
1.000000	0.937410	1.000000	0.937747
1.000000	0.937747	1.000000	0.938453
1.000000	0.938453	1.000000	0.938364
1.000000	0.938364	1.000000	0.939050
1.000000	0.939050	1.000000	0.939045
1.000000	0.939045	1.000000	0.939677
1.000000	0.939677	1.000000	0.939583
1.000000	0.939583	1.000000	0.940251
1.000000	0.940251	1.000000	0.940219
1.000000	0.940219	1.000000	0.940113
1.000000	0.940113	1.000000	0.940560
1.000000	0.940560	1.000000	0.940821
1.000000	0.940821	1.000000	0.940415
1.000000	0.940415	1.000000	0.939918
1.000000	0.939918	1.000000	0.939948
1.000000	0.939948	1.000000	0.939199
1.000000	0.939199	1.000000	0.939961
1.000000	0.939961	1.000000	0.939949
1.000000	0.939949	1.000000	0.939597
1.000000	0.939597	1.000000	0.939579
1.000000	0.939579	1.000000	0.939675
1.000000	0.939675	1.000000	0.939869
1.000000	0.939869	1.000000	0.939661
1.000000	0.939661	1.000000	0.940071
