0.350419	0.449089	0.442039	0.451759
0.442039	0.451759	0.489497	0.457580
0.489497	0.457580	0.504544	0.457780
0.504544	0.457780	0.494845	0.447849
0.494845	0.447849	0.463583	0.423657
0.463583	0.423657	0.418904	0.388253
0.418904	0.388253	0.368043	0.346167
0.368043	0.346167	0.310941	0.296463
0.310941	0.296463	0.253974	0.244747
0.253974	0.244747	0.201042	0.195609
0.201042	0.195609	0.152371	0.149729
0.152371	0.149729	0.112875	0.112050
0.112875	0.112050	0.080192	0.080233
0.080192	0.080233	0.055185	0.055919
0.055185	0.055919	0.036808	0.037903
0.036808	0.037903	0.024418	0.025545
0.024418	0.025545	0.015007	0.016304
0.015007	0.016304	0.009161	0.010587
0.009161	0.010587	0.005108	0.006647
0.005108	0.006647	0.002865	0.004627
0.002865	0.004627	0.001442	0.003257
0.001442	0.003257	0.000551	0.002319
0.000551	0.002319	0.000196	0.001925
0.000196	0.001925	0.000089	0.001852
0.000089	0.001852	0.000024	0.001781
0.000024	0.001781	0.000014	0.001859
0.000014	0.001859	0.000007	0.001785
0.000007	0.001785	0.000004	0.001727
0.000004	0.001727	0.000000	0.001721
0.000000	0.001721	0.000000	0.001668
0.000000	0.001668	0.000000	0.001579
0.000000	0.001579	0.000000	0.001606
0.000000	0.001606	0.000000	0.001566
0.000000	0.001566	0.000000	0.001492
0.000000	0.001492	0.000000	0.001570
0.000000	0.001570	0.000000	0.001625
0.000000	0.001625	0.000000	0.001549
0.000000	0.001549	0.000000	0.001572
0.000000	0.001572	0.000000	0.001456
0.000000	0.001456	0.000000	0.001516
0.000000	0.001516	0.000000	0.001475
0.000000	0.001475	0.000000	0.001448
0.000000	0.001448	0.000000	0.001422
0.000000	0.001422	0.000000	0.001483
0.000000	0.001483	0.000000	0.001462
0.000000	0.001462	0.000000	0.001439
0.000000	0.001439	0.000000	0.001504
0.000000	0.001504	0.000000	0.001532
0.000000	0.001532	0.000000	0.001542
0.000000	0.001542	0.000000	0.001517
0.000000	0.001517	0.000000	0.001639
0.000000	0.001639	0.000000	0.001623
0.000000	0.001623	0.000000	0.001600
0.000000	0.001600	0.000000	0.001515
0.000000	0.001515	0.000000	0.001392
0.000000	0.001392	0.000000	0.001442
0.000000	0.001442	0.000000	0.001327
0.000000	0.001327	0.000000	0.001408
0.000000	0.001408	0.000000	0.001484
0.000000	0.001484	0.000000	0.001422
0.000000	0.001422	0.000000	0.001606
0.000000	0.001606	0.000000	0.001675
0.000000	0.001675	0.000000	0.001748
0.000000	0.001748	0.000000	0.001683
0.000000	0.001683	0.000000	0.001712
0.000000	0.001712	0.000000	0.001726
0.000000	0.001726	0.000000	0.001640
0.000000	0.001640	0.000000	0.001581
0.000000	0.001581	0.000000	0.001647
0.000000	0.001647	0.000000	0.001599
0.000000	0.001599	0.000000	0.001612
0.000000	0.001612	0.000000	0.001722
0.000000	0.001722	0.000000	0.001629
0.000000	0.001629	0.000000	0.001509
0.000000	0.001509	0.000000	0.001549
0.000000	0.001549	0.000000	0.001449
0.000000	0.001449	0.000000	0.001431
0.000000	0.001431	0.000000	0.001485
0.000000	0.001485	0.000000	0.001506
0.000000	0.001506	0.000000	0.001455
0.000000	0.001455	0.000000	0.001421
0.000000	0.001421	0.000000	0.001433
0.000000	0.001433	0.000000	0.001294
0.000000	0.001294	0.000000	0.001167
0.000000	0.001167	0.000000	0.001154
0.000000	0.001154	0.000000	0.001245
0.000000	0.001245	0.000000	0.001120
0.000000	0.001120	0.000000	0.001099
0.000000	0.001099	0.000000	0.001183
0.000000	0.001183	0.000000	0.001215
0.000000	0.001215	0.000000	0.001120
0.000000	0.001120	0.000000	0.001113
0.000000	0.001113	0.000000	0.000998
0.000000	0.000998	0.000000	0.000984
0.000000	0.000984	0.000000	0.001015
0.000000	0.001015	0.000000	0.000990
0.000000	0.000990	0.000000	0.000972
0.000000	0.000972	0.000000	0.000949
0.000000	0.000949	0.000000	0.000988
0.000000	0.000988	0.000000	0.000989
0.000000	0.000989	0.000000	0.001008
0.000000	0.001008	0.000000	0.000960
0.000000	0.000960	0.000000	0.000944
0.000000	0.000944	0.000000	0.001022
0.000000	0.001022	0.000000	0.000981
0.000000	0.000981	0.000000	0.000992
0.000000	0.000992	0.000000	0.001080
0.000000	0.001080	0.000000	0.001058
0.000000	0.001058	0.000000	0.001078
0.000000	0.001078	0.000000	0.001059
0.000000	0.001059	0.000000	0.001004
0.000000	0.001004	0.000000	0.001026
0.000000	0.001026	0.000000	0.001044
0.000000	0.001044	0.000000	0.000942
0.000000	0.000942	0.000000	0.000972
0.000000	0.000972	0.000000	0.001041
0.000000	0.001041	0.000000	0.000943
0.000000	0.000943	0.000000	0.000959
0.000000	0.000959	0.000000	0.000951
0.000000	0.000951	0.000000	0.000973
0.000000	0.000973	0.000000	0.001069
0.000000	0.001069	0.000000	0.001011
0.000000	0.001011	0.000000	0.001008
0.000000	0.001008	0.000000	0.001065
0.000000	0.001065	0.000000	0.001108
0.000000	0.001108	0.000000	0.000995
0.000000	0.000995	0.000000	0.000904
0.000000	0.000904	0.000000	0.000940
0.000000	0.000940	0.000000	0.001086
0.000000	0.001086	0.000000	0.001112
0.000000	0.001112	0.000000	0.001177
0.000000	0.001177	0.000000	0.001038
0.000000	0.001038	0.000000	0.001051
0.000000	0.001051	0.000000	0.001034
0.000000	0.001034	0.000000	0.001013
0.000000	0.001013	0.000000	0.001005
0.000000	0.001005	0.000000	0.001057
0.000000	0.001057	0.000000	0.000997
0.000000	0.000997	0.000000	0.000954
0.000000	0.000954	0.000000	0.001038
0.000000	0.001038	0.000000	0.001024
0.000000	0.001024	0.000000	0.000983
0.000000	0.000983	0.000000	0.001023
0.000000	0.001023	0.000000	0.001139
0.000000	0.001139	0.000000	0.001139
0.000000	0.001139	0.000000	0.001268
0.000000	0.001268	0.000000	0.001220
0.000000	0.001220	0.000000	0.001233
0.000000	0.001233	0.000000	0.001161
0.000000	0.001161	0.000000	0.001120
0.000000	0.001120	0.000000	0.001220
0.000000	0.001220	0.000000	0.001211
0.000000	0.001211	0.000000	0.001131
0.000000	0.001131	0.000000	0.001099
0.000000	0.001099	0.000000	0.001144
0.000000	0.001144	0.000000	0.001241
0.000000	0.001241	0.000000	0.001248
0.000000	0.001248	0.000000	0.001190
0.000000	0.001190	0.000000	0.001100
0.000000	0.001100	0.000000	0.001026
0.000000	0.001026	0.000000	0.000980
0.000000	0.000980	0.000000	0.001041
0.000000	0.001041	0.000000	0.000976
0.000000	0.000976	0.000000	0.000971
0.000000	0.000971	0.000000	0.000839
0.000000	0.000839	0.000000	0.000819
0.000000	0.000819	0.000000	0.000801
0.000000	0.000801	0.000000	0.000851
0.000000	0.000851	0.000000	0.000835
0.000000	0.000835	0.000000	0.000741
0.000000	0.000741	0.000000	0.000818
0.000000	0.000818	0.000000	0.000799
0.000000	0.000799	0.000000	0.000827
0.000000	0.000827	0.000000	0.000842
0.000000	0.000842	0.000000	0.000811
0.000000	0.000811	0.000000	0.000825
0.000000	0.000825	0.000000	0.000860
0.000000	0.000860	0.000000	0.000947
0.000000	0.000947	0.000000	0.000989
0.000000	0.000989	0.000000	0.000836
0.000000	0.000836	0.000000	0.000787
0.000000	0.000787	0.000000	0.000816
0.000000	0.000816	0.000000	0.000816
0.000000	0.000816	0.000000	0.000772
0.000000	0.000772	0.000000	0.000714
0.000000	0.000714	0.000000	0.000792
0.000000	0.000792	0.000000	0.000867
0.000000	0.000867	0.000000	0.000919
0.000000	0.000919	0.000000	0.000779
0.000000	0.000779	0.000000	0.000906
0.000000	0.000906	0.000000	0.000906
0.000000	0.000906	0.000000	0.000822
0.000000	0.000822	0.000000	0.000948
0.000000	0.000948	0.000000	0.001040
0.000000	0.001040	0.000000	0.001037
0.000000	0.001037	0.000000	0.001077
0.000000	0.001077	0.000000	0.001040
0.000000	0.001040	0.000000	0.001075
0.000000	0.001075	0.000000	0.001026
0.350008	0.400628	0.361890	0.399391
0.361890	0.399391	0.370235	0.391016
0.370235	0.391016	0.364050	0.376264
0.364050	0.376264	0.337136	0.343985
0.337136	0.343985	0.292307	0.299710
0.292307	0.299710	0.237409	0.245877
0.237409	0.245877	0.182110	0.191791
0.182110	0.191791	0.129921	0.140451
0.129921	0.140451	0.087135	0.097675
0.087135	0.097675	0.055289	0.065509
0.055289	0.065509	0.032822	0.042881
0.032822	0.042881	0.018485	0.028649
0.018485	0.028649	0.010001	0.020013
0.010001	0.020013	0.005114	0.015288
0.005114	0.015288	0.002558	0.012679
0.002558	0.012679	0.001231	0.011102
0.001231	0.011102	0.000446	0.010309
0.000446	0.010309	0.000205	0.009942
0.000205	0.009942	0.000092	0.010182
0.000092	0.010182	0.000050	0.010142
0.000050	0.010142	0.000043	0.010040
0.000043	0.010040	0.000017	0.010134
0.000017	0.010134	0.000025	0.009982
0.000025	0.009982	0.000030	0.009950
0.000030	0.009950	0.000026	0.009863
0.000026	0.009863	0.000023	0.010037
0.000023	0.010037	0.000016	0.009750
0.000016	0.009750	0.000021	0.009585
0.000021	0.009585	0.000014	0.010075
0.000014	0.010075	0.000003	0.010032
0.000003	0.010032	0.000000	0.010180
0.000000	0.010180	0.000000	0.010184
0.000000	0.010184	0.000000	0.010136
0.000000	0.010136	0.000000	0.010114
0.000000	0.010114	0.000000	0.010354
0.000000	0.010354	0.000000	0.010365
0.000000	0.010365	0.000000	0.010278
0.000000	0.010278	0.000000	0.009961
0.000000	0.009961	0.000000	0.009847
0.000000	0.009847	0.000000	0.009784
0.000000	0.009784	0.000000	0.009990
0.000000	0.009990	0.000000	0.010389
0.000000	0.010389	0.000000	0.010705
0.000000	0.010705	0.000000	0.011008
0.000000	0.011008	0.000000	0.010933
0.000000	0.010933	0.000000	0.011127
0.000000	0.011127	0.000000	0.011097
0.000000	0.011097	0.000000	0.011062
0.000000	0.011062	0.000000	0.011090
0.000000	0.011090	0.000000	0.010866
0.000000	0.010866	0.000000	0.010951
0.000000	0.010951	0.000000	0.011059
0.000000	0.011059	0.000000	0.010905
0.000000	0.010905	0.000000	0.011043
0.000000	0.011043	0.000000	0.010884
0.000000	0.010884	0.000000	0.010611
0.000000	0.010611	0.000000	0.010370
0.000000	0.010370	0.000000	0.010378
0.000000	0.010378	0.000000	0.010401
0.000000	0.010401	0.000000	0.010480
0.000000	0.010480	0.000000	0.010129
0.000000	0.010129	0.000000	0.009784
0.000000	0.009784	0.000000	0.009747
0.000000	0.009747	0.000000	0.008994
0.000000	0.008994	0.000000	0.008932
0.000000	0.008932	0.000000	0.008903
0.000000	0.008903	0.000000	0.008619
0.000000	0.008619	0.000000	0.008749
0.000000	0.008749	0.000000	0.008681
0.000000	0.008681	0.000000	0.008603
0.000000	0.008603	0.000000	0.008635
0.000000	0.008635	0.000000	0.008663
0.000000	0.008663	0.000000	0.008808
0.000000	0.008808	0.000000	0.009016
0.000000	0.009016	0.000000	0.009141
0.000000	0.009141	0.000000	0.009235
0.000000	0.009235	0.000000	0.009414
0.000000	0.009414	0.000000	0.009633
0.000000	0.009633	0.000000	0.009522
0.000000	0.009522	0.000000	0.009612
0.000000	0.009612	0.000000	0.009376
0.000000	0.009376	0.000000	0.009221
0.000000	0.009221	0.000000	0.009422
0.000000	0.009422	0.000000	0.009367
0.000000	0.009367	0.000000	0.009459
0.000000	0.009459	0.000000	0.009306
0.000000	0.009306	0.000000	0.009036
0.000000	0.009036	0.000000	0.008974
0.000000	0.008974	0.000000	0.009405
0.000000	0.009405	0.000000	0.009371
0.000000	0.009371	0.000000	0.009434
0.000000	0.009434	0.000000	0.009345
0.000000	0.009345	0.000000	0.009519
0.000000	0.009519	0.000000	0.009459
0.000000	0.009459	0.000000	0.009296
0.000000	0.009296	0.000000	0.009351
0.000000	0.009351	0.000000	0.009288
0.000000	0.009288	0.000000	0.009310
0.000000	0.009310	0.000000	0.009084
0.000000	0.009084	0.000000	0.009088
0.000000	0.009088	0.000000	0.009020
0.000000	0.009020	0.000000	0.008930
0.000000	0.008930	0.000000	0.008625
0.000000	0.008625	0.000000	0.008463
0.000000	0.008463	0.000000	0.008499
0.000000	0.008499	0.000000	0.008312
0.000000	0.008312	0.000000	0.008250
0.000000	0.008250	0.000000	0.008321
0.000000	0.008321	0.000000	0.008438
0.000000	0.008438	0.000000	0.008490
0.000000	0.008490	0.000000	0.008251
0.000000	0.008251	0.000000	0.008454
0.000000	0.008454	0.000000	0.008836
0.000000	0.008836	0.000000	0.008672
0.000000	0.008672	0.000000	0.008701
0.000000	0.008701	0.000000	0.008808
0.000000	0.008808	0.000000	0.008730
0.000000	0.008730	0.000000	0.008461
0.000000	0.008461	0.000000	0.008541
0.000000	0.008541	0.000000	0.008805
0.000000	0.008805	0.000000	0.008532
0.000000	0.008532	0.000000	0.008331
0.000000	0.008331	0.000000	0.008402
0.000000	0.008402	0.000000	0.008501
0.000000	0.008501	0.000000	0.008592
0.000000	0.008592	0.000000	0.008904
0.000000	0.008904	0.000000	0.008982
0.000000	0.008982	0.000000	0.009134
0.000000	0.009134	0.000000	0.009119
0.000000	0.009119	0.000000	0.009079
0.000000	0.009079	0.000000	0.009377
0.000000	0.009377	0.000000	0.009554
0.000000	0.009554	0.000000	0.009816
0.000000	0.009816	0.000000	0.009975
0.000000	0.009975	0.000000	0.010042
0.000000	0.010042	0.000000	0.010189
0.000000	0.010189	0.000000	0.009965
0.000000	0.009965	0.000000	0.009892
0.000000	0.009892	0.000000	0.009649
0.000000	0.009649	0.000000	0.009834
0.000000	0.009834	0.000000	0.009953
0.000000	0.009953	0.000000	0.009915
0.000000	0.009915	0.000000	0.009769
0.000000	0.009769	0.000000	0.009632
0.000000	0.009632	0.000000	0.009477
0.000000	0.009477	0.000000	0.009332
0.000000	0.009332	0.000000	0.009263
0.000000	0.009263	0.000000	0.009222
0.000000	0.009222	0.000000	0.009264
0.000000	0.009264	0.000000	0.009241
0.000000	0.009241	0.000000	0.008952
0.000000	0.008952	0.000000	0.008899
0.000000	0.008899	0.000000	0.008894
0.000000	0.008894	0.000000	0.008833
0.000000	0.008833	0.000000	0.008597
0.000000	0.008597	0.000000	0.008758
0.000000	0.008758	0.000000	0.008728
0.000000	0.008728	0.000000	0.008381
0.000000	0.008381	0.000000	0.008382
0.000000	0.008382	0.000000	0.008701
0.000000	0.008701	0.000000	0.008750
0.000000	0.008750	0.000000	0.008672
0.000000	0.008672	0.000000	0.008629
0.000000	0.008629	0.000000	0.008556
0.000000	0.008556	0.000000	0.008541
0.000000	0.008541	0.000000	0.008597
0.000000	0.008597	0.000000	0.008472
0.000000	0.008472	0.000000	0.008207
0.000000	0.008207	0.000000	0.008001
0.000000	0.008001	0.000000	0.008099
0.000000	0.008099	0.000000	0.008449
0.000000	0.008449	0.000000	0.008537
0.000000	0.008537	0.000000	0.008636
0.000000	0.008636	0.000000	0.008273
0.000000	0.008273	0.000000	0.008248
0.000000	0.008248	0.000000	0.008030
0.000000	0.008030	0.000000	0.008208
0.000000	0.008208	0.000000	0.008146
0.000000	0.008146	0.000000	0.008000
0.000000	0.008000	0.000000	0.008034
0.000000	0.008034	0.000000	0.008096
0.000000	0.008096	0.000000	0.007888
0.000000	0.007888	0.000000	0.008278
0.000000	0.008278	0.000000	0.008081
0.000000	0.008081	0.000000	0.008265
0.000000	0.008265	0.000000	0.007923
0.000000	0.007923	0.000000	0.008141
0.000000	0.008141	0.000000	0.008066
0.000000	0.008066	0.000000	0.008297
0.000000	0.008297	0.000000	0.008303
0.000000	0.008303	0.000000	0.008252
0.000000	0.008252	0.000000	0.008237
0.000000	0.008237	0.000000	0.007944
0.000000	0.007944	0.000000	0.007493
0.000000	0.007493	0.000000	0.007253
0.000000	0.007253	0.000000	0.006846
0.000000	0.006846	0.000000	0.006576
0.000000	0.006576	0.000000	0.006661
0.000000	0.006661	0.000000	0.006701
0.349978	0.349756	0.280962	0.347139
0.280962	0.347139	0.258533	0.330330
0.258533	0.330330	0.245044	0.304740
0.245044	0.304740	0.221552	0.268778
0.221552	0.268778	0.188635	0.228284
0.188635	0.228284	0.149162	0.183927
0.149162	0.183927	0.111109	0.142839
0.111109	0.142839	0.078250	0.107057
0.078250	0.107057	0.051633	0.078234
0.051633	0.078234	0.031881	0.056782
0.031881	0.056782	0.019134	0.042922
0.019134	0.042922	0.011323	0.034487
0.011323	0.034487	0.006821	0.029844
0.006821	0.029844	0.003993	0.027057
0.003993	0.027057	0.002405	0.024953
0.002405	0.024953	0.001417	0.023671
0.001417	0.023671	0.000793	0.023504
0.000793	0.023504	0.000630	0.023022
0.000630	0.023022	0.000454	0.023081
0.000454	0.023081	0.000369	0.022979
0.000369	0.022979	0.000311	0.023112
0.000311	0.023112	0.000222	0.022929
0.000222	0.022929	0.000157	0.023050
0.000157	0.023050	0.000107	0.023088
0.000107	0.023088	0.000095	0.022879
0.000095	0.022879	0.000057	0.022659
0.000057	0.022659	0.000023	0.022144
0.000023	0.022144	0.000017	0.021571
0.000017	0.021571	0.000015	0.021887
0.000015	0.021887	0.000010	0.021797
0.000010	0.021797	0.000015	0.021514
0.000015	0.021514	0.000013	0.021744
0.000013	0.021744	0.000009	0.021393
0.000009	0.021393	0.000015	0.021690
0.000015	0.021690	0.000016	0.021790
0.000016	0.021790	0.000015	0.021987
0.000015	0.021987	0.000000	0.022064
0.000000	0.022064	0.000000	0.022050
0.000000	0.022050	0.000000	0.022498
0.000000	0.022498	0.000000	0.022136
0.000000	0.022136	0.000000	0.022679
0.000000	0.022679	0.000000	0.022852
0.000000	0.022852	0.000000	0.022961
0.000000	0.022961	0.000000	0.023626
0.000000	0.023626	0.000000	0.023788
0.000000	0.023788	0.000000	0.023568
0.000000	0.023568	0.000000	0.023354
0.000000	0.023354	0.000000	0.023110
0.000000	0.023110	0.000000	0.023403
0.000000	0.023403	0.000000	0.023681
0.000000	0.023681	0.000000	0.023049
0.000000	0.023049	0.000000	0.023068
0.000000	0.023068	0.000000	0.023171
0.000000	0.023171	0.000000	0.022968
0.000000	0.022968	0.000000	0.022389
0.000000	0.022389	0.000000	0.022619
0.000000	0.022619	0.000000	0.022750
0.000000	0.022750	0.000000	0.022521
0.000000	0.022521	0.000000	0.022380
0.000000	0.022380	0.000000	0.022649
0.000000	0.022649	0.000000	0.022150
0.000000	0.022150	0.000000	0.021996
0.000000	0.021996	0.000000	0.022340
0.000000	0.022340	0.000000	0.021962
0.000000	0.021962	0.000000	0.022104
0.000000	0.022104	0.000000	0.022344
0.000000	0.022344	0.000000	0.023141
0.000000	0.023141	0.000000	0.023335
0.000000	0.023335	0.000000	0.023211
0.000000	0.023211	0.000000	0.022864
0.000000	0.022864	0.000000	0.022378
0.000000	0.022378	0.000000	0.022548
0.000000	0.022548	0.000000	0.022295
0.000000	0.022295	0.000000	0.021747
0.000000	0.021747	0.000000	0.021443
0.000000	0.021443	0.000000	0.021457
0.000000	0.021457	0.000000	0.021185
0.000000	0.021185	0.000000	0.021376
0.000000	0.021376	0.000000	0.021099
0.000000	0.021099	0.000000	0.020733
0.000000	0.020733	0.000000	0.020798
0.000000	0.020798	0.000000	0.021110
0.000000	0.021110	0.000000	0.021034
0.000000	0.021034	0.000000	0.020374
0.000000	0.020374	0.000000	0.020322
0.000000	0.020322	0.000000	0.019856
0.000000	0.019856	0.000000	0.019837
0.000000	0.019837	0.000000	0.019864
0.000000	0.019864	0.000000	0.019569
0.000000	0.019569	0.000000	0.019805
0.000000	0.019805	0.000000	0.019994
0.000000	0.019994	0.000000	0.019318
0.000000	0.019318	0.000000	0.019145
0.000000	0.019145	0.000000	0.019028
0.000000	0.019028	0.000000	0.018638
0.000000	0.018638	0.000000	0.018822
0.000000	0.018822	0.000000	0.019082
0.000000	0.019082	0.000000	0.019173
0.000000	0.019173	0.000000	0.019092
0.000000	0.019092	0.000000	0.019058
0.000000	0.019058	0.000000	0.019366
0.000000	0.019366	0.000000	0.019838
0.000000	0.019838	0.000000	0.019928
0.000000	0.019928	0.000000	0.020087
0.000000	0.020087	0.000000	0.020047
0.000000	0.020047	0.000000	0.020238
0.000000	0.020238	0.000000	0.020124
0.000000	0.020124	0.000000	0.020105
0.000000	0.020105	0.000000	0.020524
0.000000	0.020524	0.000000	0.020728
0.000000	0.020728	0.000000	0.020556
0.000000	0.020556	0.000000	0.021103
0.000000	0.021103	0.000000	0.020980
0.000000	0.020980	0.000000	0.020983
0.000000	0.020983	0.000000	0.021112
0.000000	0.021112	0.000000	0.020990
0.000000	0.020990	0.000000	0.020764
0.000000	0.020764	0.000000	0.020767
0.000000	0.020767	0.000000	0.021004
0.000000	0.021004	0.000000	0.020259
0.000000	0.020259	0.000000	0.020358
0.000000	0.020358	0.000000	0.020534
0.000000	0.020534	0.000000	0.020168
0.000000	0.020168	0.000000	0.020620
0.000000	0.020620	0.000000	0.020268
0.000000	0.020268	0.000000	0.020225
0.000000	0.020225	0.000000	0.019774
0.000000	0.019774	0.000000	0.019250
0.000000	0.019250	0.000000	0.019280
0.000000	0.019280	0.000000	0.018796
0.000000	0.018796	0.000000	0.018451
0.000000	0.018451	0.000000	0.018735
0.000000	0.018735	0.000000	0.018631
0.000000	0.018631	0.000000	0.018747
0.000000	0.018747	0.000000	0.019056
0.000000	0.019056	0.000000	0.019029
0.000000	0.019029	0.000000	0.018999
0.000000	0.018999	0.000000	0.019383
0.000000	0.019383	0.000000	0.019106
0.000000	0.019106	0.000000	0.019093
0.000000	0.019093	0.000000	0.018956
0.000000	0.018956	0.000000	0.018892
0.000000	0.018892	0.000000	0.018770
0.000000	0.018770	0.000000	0.018624
0.000000	0.018624	0.000000	0.018668
0.000000	0.018668	0.000000	0.018637
0.000000	0.018637	0.000000	0.018382
0.000000	0.018382	0.000000	0.018644
0.000000	0.018644	0.000000	0.018023
0.000000	0.018023	0.000000	0.018333
0.000000	0.018333	0.000000	0.018729
0.000000	0.018729	0.000000	0.019005
0.000000	0.019005	0.000000	0.019049
0.000000	0.019049	0.000000	0.018825
0.000000	0.018825	0.000000	0.018498
0.000000	0.018498	0.000000	0.018537
0.000000	0.018537	0.000000	0.018590
0.000000	0.018590	0.000000	0.018551
0.000000	0.018551	0.000000	0.018586
0.000000	0.018586	0.000000	0.018931
0.000000	0.018931	0.000000	0.018843
0.000000	0.018843	0.000000	0.018973
0.000000	0.018973	0.000000	0.018620
0.000000	0.018620	0.000000	0.018853
0.000000	0.018853	0.000000	0.018866
0.000000	0.018866	0.000000	0.018823
0.000000	0.018823	0.000000	0.018681
0.000000	0.018681	0.000000	0.018654
0.000000	0.018654	0.000000	0.018752
0.000000	0.018752	0.000000	0.019030
0.000000	0.019030	0.000000	0.019473
0.000000	0.019473	0.000000	0.019616
0.000000	0.019616	0.000000	0.019645
0.000000	0.019645	0.000000	0.019598
0.000000	0.019598	0.000000	0.019906
0.000000	0.019906	0.000000	0.020725
0.000000	0.020725	0.000000	0.020533
0.000000	0.020533	0.000000	0.020214
0.000000	0.020214	0.000000	0.020103
0.000000	0.020103	0.000000	0.019738
0.000000	0.019738	0.000000	0.019387
0.000000	0.019387	0.000000	0.019121
0.000000	0.019121	0.000000	0.019064
0.000000	0.019064	0.000000	0.019246
0.000000	0.019246	0.000000	0.019030
0.000000	0.019030	0.000000	0.018693
0.000000	0.018693	0.000000	0.018671
0.000000	0.018671	0.000000	0.018928
0.000000	0.018928	0.000000	0.018745
0.000000	0.018745	0.000000	0.018612
0.000000	0.018612	0.000000	0.019026
0.000000	0.019026	0.000000	0.019113
0.000000	0.019113	0.000000	0.019129
0.000000	0.019129	0.000000	0.019096
0.000000	0.019096	0.000000	0.018827
0.000000	0.018827	0.000000	0.019324
0.000000	0.019324	0.000000	0.019050
0.000000	0.019050	0.000000	0.018809
0.000000	0.018809	0.000000	0.018771
0.350374	0.299317	0.206293	0.292143
0.206293	0.292143	0.163729	0.268569
0.163729	0.268569	0.145115	0.240039
0.145115	0.240039	0.131092	0.213493
0.131092	0.213493	0.113310	0.185522
0.113310	0.185522	0.094608	0.157762
0.094608	0.157762	0.074621	0.130461
0.074621	0.130461	0.056810	0.108283
0.056810	0.108283	0.042237	0.090446
0.042237	0.090446	0.031058	0.076771
0.031058	0.076771	0.021885	0.066176
0.021885	0.066176	0.015110	0.058022
0.015110	0.058022	0.010297	0.052107
0.010297	0.052107	0.007002	0.048809
0.007002	0.048809	0.005090	0.046999
0.005090	0.046999	0.003622	0.045300
0.003622	0.045300	0.002693	0.044134
0.002693	0.044134	0.002047	0.042924
0.002047	0.042924	0.001508	0.042346
0.001508	0.042346	0.001179	0.042123
0.001179	0.042123	0.000984	0.042059
0.000984	0.042059	0.000719	0.041145
0.000719	0.041145	0.000507	0.041118
0.000507	0.041118	0.000441	0.040892
0.000441	0.040892	0.000391	0.040298
0.000391	0.040298	0.000312	0.040704
0.000312	0.040704	0.000220	0.040772
0.000220	0.040772	0.000126	0.040973
0.000126	0.040973	0.000088	0.040236
0.000088	0.040236	0.000080	0.040870
0.000080	0.040870	0.000088	0.040860
0.000088	0.040860	0.000075	0.040833
0.000075	0.040833	0.000078	0.041338
0.000078	0.041338	0.000071	0.041547
0.000071	0.041547	0.000051	0.041511
0.000051	0.041511	0.000047	0.040782
0.000047	0.040782	0.000055	0.040694
0.000055	0.040694	0.000043	0.041365
0.000043	0.041365	0.000083	0.041405
0.000083	0.041405	0.000059	0.041136
0.000059	0.041136	0.000061	0.041344
0.000061	0.041344	0.000041	0.041155
0.000041	0.041155	0.000054	0.040794
0.000054	0.040794	0.000050	0.040448
0.000050	0.040448	0.000058	0.040518
0.000058	0.040518	0.000029	0.040884
0.000029	0.040884	0.000008	0.040965
0.000008	0.040965	0.000001	0.040541
0.000001	0.040541	0.000000	0.040521
0.000000	0.040521	0.000000	0.040801
0.000000	0.040801	0.000000	0.040516
0.000000	0.040516	0.000000	0.041212
0.000000	0.041212	0.000000	0.041366
0.000000	0.041366	0.000000	0.041709
0.000000	0.041709	0.000000	0.041775
0.000000	0.041775	0.000000	0.041733
0.000000	0.041733	0.000000	0.042147
0.000000	0.042147	0.000000	0.042201
0.000000	0.042201	0.000000	0.042181
0.000000	0.042181	0.000000	0.041550
0.000000	0.041550	0.000000	0.042381
0.000000	0.042381	0.000000	0.042625
0.000000	0.042625	0.000000	0.042846
0.000000	0.042846	0.000000	0.042868
0.000000	0.042868	0.000000	0.042784
0.000000	0.042784	0.000000	0.043140
0.000000	0.043140	0.000000	0.043378
0.000000	0.043378	0.000000	0.043829
0.000000	0.043829	0.000000	0.044278
0.000000	0.044278	0.000000	0.043971
0.000000	0.043971	0.000000	0.043732
0.000000	0.043732	0.000000	0.044333
0.000000	0.044333	0.000000	0.044098
0.000000	0.044098	0.000000	0.044466
0.000000	0.044466	0.000000	0.044453
0.000000	0.044453	0.000000	0.044774
0.000000	0.044774	0.000000	0.044367
0.000000	0.044367	0.000000	0.044219
0.000000	0.044219	0.000000	0.044102
0.000000	0.044102	0.000000	0.044499
0.000000	0.044499	0.000000	0.044271
0.000000	0.044271	0.000000	0.044945
0.000000	0.044945	0.000000	0.044973
0.000000	0.044973	0.000000	0.045027
0.000000	0.045027	0.000000	0.045599
0.000000	0.045599	0.000000	0.045756
0.000000	0.045756	0.000000	0.045871
0.000000	0.045871	0.000000	0.046401
0.000000	0.046401	0.000000	0.047111
0.000000	0.047111	0.000000	0.048069
0.000000	0.048069	0.000000	0.048306
0.000000	0.048306	0.000000	0.047426
0.000000	0.047426	0.000000	0.047589
0.000000	0.047589	0.000000	0.046928
0.000000	0.046928	0.000000	0.045849
0.000000	0.045849	0.000000	0.045893
0.000000	0.045893	0.000000	0.045693
0.000000	0.045693	0.000000	0.045205
0.000000	0.045205	0.000000	0.045216
0.000000	0.045216	0.000000	0.044930
0.000000	0.044930	0.000000	0.045385
0.000000	0.045385	0.000000	0.044717
0.000000	0.044717	0.000000	0.044391
0.000000	0.044391	0.000000	0.044017
0.000000	0.044017	0.000000	0.044232
0.000000	0.044232	0.000000	0.043774
0.000000	0.043774	0.000000	0.043690
0.000000	0.043690	0.000000	0.044391
0.000000	0.044391	0.000000	0.043922
0.000000	0.043922	0.000000	0.044023
0.000000	0.044023	0.000000	0.043431
0.000000	0.043431	0.000000	0.043313
0.000000	0.043313	0.000000	0.042986
0.000000	0.042986	0.000000	0.043257
0.000000	0.043257	0.000000	0.043437
0.000000	0.043437	0.000000	0.043639
0.000000	0.043639	0.000000	0.042844
0.000000	0.042844	0.000000	0.043793
0.000000	0.043793	0.000000	0.043917
0.000000	0.043917	0.000000	0.043320
0.000000	0.043320	0.000000	0.043049
0.000000	0.043049	0.000000	0.043550
0.000000	0.043550	0.000000	0.043236
0.000000	0.043236	0.000000	0.043368
0.000000	0.043368	0.000000	0.043413
0.000000	0.043413	0.000000	0.043447
0.000000	0.043447	0.000000	0.043328
0.000000	0.043328	0.000000	0.043656
0.000000	0.043656	0.000000	0.043459
0.000000	0.043459	0.000000	0.043808
0.000000	0.043808	0.000000	0.043907
0.000000	0.043907	0.000000	0.043337
0.000000	0.043337	0.000000	0.043678
0.000000	0.043678	0.000000	0.043708
0.000000	0.043708	0.000000	0.043922
0.000000	0.043922	0.000000	0.044151
0.000000	0.044151	0.000000	0.043108
0.000000	0.043108	0.000000	0.043159
0.000000	0.043159	0.000000	0.043183
0.000000	0.043183	0.000000	0.043679
0.000000	0.043679	0.000000	0.043818
0.000000	0.043818	0.000000	0.043666
0.000000	0.043666	0.000000	0.043868
0.000000	0.043868	0.000000	0.043722
0.000000	0.043722	0.000000	0.043967
0.000000	0.043967	0.000000	0.043586
0.000000	0.043586	0.000000	0.043511
0.000000	0.043511	0.000000	0.044188
0.000000	0.044188	0.000000	0.044003
0.000000	0.044003	0.000000	0.043917
0.000000	0.043917	0.000000	0.044010
0.000000	0.044010	0.000000	0.043964
0.000000	0.043964	0.000000	0.043512
0.000000	0.043512	0.000000	0.042697
0.000000	0.042697	0.000000	0.042177
0.000000	0.042177	0.000000	0.041867
0.000000	0.041867	0.000000	0.042436
0.000000	0.042436	0.000000	0.042677
0.000000	0.042677	0.000000	0.042998
0.000000	0.042998	0.000000	0.043247
0.000000	0.043247	0.000000	0.043169
0.000000	0.043169	0.000000	0.043252
0.000000	0.043252	0.000000	0.043246
0.000000	0.043246	0.000000	0.043898
0.000000	0.043898	0.000000	0.043532
0.000000	0.043532	0.000000	0.043544
0.000000	0.043544	0.000000	0.043913
0.000000	0.043913	0.000000	0.043271
0.000000	0.043271	0.000000	0.042959
0.000000	0.042959	0.000000	0.043022
0.000000	0.043022	0.000000	0.042232
0.000000	0.042232	0.000000	0.041973
0.000000	0.041973	0.000000	0.041959
0.000000	0.041959	0.000000	0.041976
0.000000	0.041976	0.000000	0.042822
0.000000	0.042822	0.000000	0.042661
0.000000	0.042661	0.000000	0.043028
0.000000	0.043028	0.000000	0.043066
0.000000	0.043066	0.000000	0.043045
0.000000	0.043045	0.000000	0.042351
0.000000	0.042351	0.000000	0.042234
0.000000	0.042234	0.000000	0.041813
0.000000	0.041813	0.000000	0.041899
0.000000	0.041899	0.000000	0.042060
0.000000	0.042060	0.000000	0.041303
0.000000	0.041303	0.000000	0.041631
0.000000	0.041631	0.000000	0.042163
0.000000	0.042163	0.000000	0.041727
0.000000	0.041727	0.000000	0.042591
0.000000	0.042591	0.000000	0.042657
0.000000	0.042657	0.000000	0.042356
0.000000	0.042356	0.000000	0.042424
0.000000	0.042424	0.000000	0.042165
0.000000	0.042165	0.000000	0.041779
0.000000	0.041779	0.000000	0.042106
0.000000	0.042106	0.000000	0.041765
0.000000	0.041765	0.000000	0.041400
0.000000	0.041400	0.000000	0.041462
0.000000	0.041462	0.000000	0.042274
0.350407	0.250225	0.146400	0.237793
0.146400	0.237793	0.095004	0.212379
0.095004	0.212379	0.079932	0.191674
0.079932	0.191674	0.071890	0.173341
0.071890	0.173341	0.064679	0.155938
0.064679	0.155938	0.055308	0.138307
0.055308	0.138307	0.046611	0.123527
0.046611	0.123527	0.038244	0.109470
0.038244	0.109470	0.031133	0.099809
0.031133	0.099809	0.024223	0.090357
0.024223	0.090357	0.018438	0.082386
0.018438	0.082386	0.014146	0.076278
0.014146	0.076278	0.011357	0.072030
0.011357	0.072030	0.009014	0.068894
0.009014	0.068894	0.007411	0.066394
0.007411	0.066394	0.006260	0.064294
0.006260	0.064294	0.005130	0.062422
0.005130	0.062422	0.004192	0.060663
0.004192	0.060663	0.003292	0.058684
0.003292	0.058684	0.002825	0.058085
0.002825	0.058085	0.002446	0.057354
0.002446	0.057354	0.001901	0.056158
0.001901	0.056158	0.001390	0.055734
0.001390	0.055734	0.001194	0.055729
0.001194	0.055729	0.001040	0.055862
0.001040	0.055862	0.000732	0.055692
0.000732	0.055692	0.000537	0.055009
0.000537	0.055009	0.000478	0.054967
0.000478	0.054967	0.000450	0.054683
0.000450	0.054683	0.000316	0.055618
0.000316	0.055618	0.000289	0.056116
0.000289	0.056116	0.000209	0.056183
0.000209	0.056183	0.000148	0.056306
0.000148	0.056306	0.000099	0.055424
0.000099	0.055424	0.000055	0.055425
0.000055	0.055425	0.000004	0.055391
0.000004	0.055391	0.000005	0.055277
0.000005	0.055277	0.000000	0.055033
0.000000	0.055033	0.000000	0.055360
0.000000	0.055360	0.000000	0.054825
0.000000	0.054825	0.000000	0.054688
0.000000	0.054688	0.000000	0.054561
0.000000	0.054561	0.000000	0.054928
0.000000	0.054928	0.000000	0.054956
0.000000	0.054956	0.000000	0.055454
0.000000	0.055454	0.000000	0.055124
0.000000	0.055124	0.000000	0.055470
0.000000	0.055470	0.000000	0.055101
0.000000	0.055101	0.000000	0.054944
0.000000	0.054944	0.000000	0.055126
0.000000	0.055126	0.000000	0.054732
0.000000	0.054732	0.000000	0.054859
0.000000	0.054859	0.000000	0.055354
0.000000	0.055354	0.000000	0.055303
0.000000	0.055303	0.000000	0.055824
0.000000	0.055824	0.000000	0.056129
0.000000	0.056129	0.000000	0.056611
0.000000	0.056611	0.000000	0.057330
0.000000	0.057330	0.000000	0.057436
0.000000	0.057436	0.000000	0.057525
0.000000	0.057525	0.000000	0.057413
0.000000	0.057413	0.000000	0.057808
0.000000	0.057808	0.000000	0.058241
0.000000	0.058241	0.000000	0.057772
0.000000	0.057772	0.000000	0.057395
0.000000	0.057395	0.000000	0.057441
0.000000	0.057441	0.000000	0.057980
0.000000	0.057980	0.000000	0.058516
0.000000	0.058516	0.000000	0.058869
0.000000	0.058869	0.000000	0.057926
0.000000	0.057926	0.000000	0.058008
0.000000	0.058008	0.000000	0.057574
0.000000	0.057574	0.000000	0.057653
0.000000	0.057653	0.000000	0.057288
0.000000	0.057288	0.000000	0.057215
0.000000	0.057215	0.000000	0.057219
0.000000	0.057219	0.000000	0.057259
0.000000	0.057259	0.000000	0.057034
0.000000	0.057034	0.000000	0.056418
0.000000	0.056418	0.000000	0.056869
0.000000	0.056869	0.000000	0.057216
0.000000	0.057216	0.000000	0.056847
0.000000	0.056847	0.000000	0.057121
0.000000	0.057121	0.000000	0.057668
0.000000	0.057668	0.000000	0.057947
0.000000	0.057947	0.000000	0.057802
0.000000	0.057802	0.000000	0.057468
0.000000	0.057468	0.000000	0.057649
0.000000	0.057649	0.000000	0.057237
0.000000	0.057237	0.000000	0.056833
0.000000	0.056833	0.000000	0.056789
0.000000	0.056789	0.000000	0.056022
0.000000	0.056022	0.000000	0.055982
0.000000	0.055982	0.000000	0.055441
0.000000	0.055441	0.000000	0.055760
0.000000	0.055760	0.000000	0.056121
0.000000	0.056121	0.000000	0.056033
0.000000	0.056033	0.000000	0.055479
0.000000	0.055479	0.000000	0.055974
0.000000	0.055974	0.000000	0.056281
0.000000	0.056281	0.000000	0.056379
0.000000	0.056379	0.000000	0.055866
0.000000	0.055866	0.000000	0.055369
0.000000	0.055369	0.000000	0.056037
0.000000	0.056037	0.000000	0.055213
0.000000	0.055213	0.000000	0.054996
0.000000	0.054996	0.000000	0.055372
0.000000	0.055372	0.000000	0.054942
0.000000	0.054942	0.000000	0.055395
0.000000	0.055395	0.000000	0.055915
0.000000	0.055915	0.000000	0.055580
0.000000	0.055580	0.000000	0.055293
0.000000	0.055293	0.000000	0.055416
0.000000	0.055416	0.000000	0.054929
0.000000	0.054929	0.000000	0.055713
0.000000	0.055713	0.000000	0.055630
0.000000	0.055630	0.000000	0.055129
0.000000	0.055129	0.000000	0.055146
0.000000	0.055146	0.000000	0.055440
0.000000	0.055440	0.000000	0.055685
0.000000	0.055685	0.000000	0.055585
0.000000	0.055585	0.000000	0.055561
0.000000	0.055561	0.000000	0.055602
0.000000	0.055602	0.000000	0.055738
0.000000	0.055738	0.000000	0.055701
0.000000	0.055701	0.000000	0.056259
0.000000	0.056259	0.000000	0.056691
0.000000	0.056691	0.000000	0.057033
0.000000	0.057033	0.000000	0.057175
0.000000	0.057175	0.000000	0.057847
0.000000	0.057847	0.000000	0.057582
0.000000	0.057582	0.000000	0.057523
0.000000	0.057523	0.000000	0.057430
0.000000	0.057430	0.000000	0.057155
0.000000	0.057155	0.000000	0.057595
0.000000	0.057595	0.000000	0.057321
0.000000	0.057321	0.000000	0.056977
0.000000	0.056977	0.000000	0.057833
0.000000	0.057833	0.000000	0.057976
0.000000	0.057976	0.000000	0.058346
0.000000	0.058346	0.000000	0.058191
0.000000	0.058191	0.000000	0.058442
0.000000	0.058442	0.000000	0.058336
0.000000	0.058336	0.000000	0.058542
0.000000	0.058542	0.000000	0.058973
0.000000	0.058973	0.000000	0.059076
0.000000	0.059076	0.000000	0.059371
0.000000	0.059371	0.000000	0.059616
0.000000	0.059616	0.000000	0.060178
0.000000	0.060178	0.000000	0.059958
0.000000	0.059958	0.000000	0.060047
0.000000	0.060047	0.000000	0.059541
0.000000	0.059541	0.000000	0.058743
0.000000	0.058743	0.000000	0.058371
0.000000	0.058371	0.000000	0.058855
0.000000	0.058855	0.000000	0.058653
0.000000	0.058653	0.000000	0.057892
0.000000	0.057892	0.000000	0.058156
0.000000	0.058156	0.000000	0.056918
0.000000	0.056918	0.000000	0.057541
0.000000	0.057541	0.000000	0.057253
0.000000	0.057253	0.000000	0.057436
0.000000	0.057436	0.000000	0.057219
0.000000	0.057219	0.000000	0.057945
0.000000	0.057945	0.000000	0.058649
0.000000	0.058649	0.000000	0.058511
0.000000	0.058511	0.000000	0.058474
0.000000	0.058474	0.000000	0.058919
0.000000	0.058919	0.000000	0.057860
0.000000	0.057860	0.000000	0.058596
0.000000	0.058596	0.000000	0.059079
0.000000	0.059079	0.000000	0.059103
0.000000	0.059103	0.000000	0.059298
0.000000	0.059298	0.000000	0.059305
0.000000	0.059305	0.000000	0.059454
0.000000	0.059454	0.000000	0.060259
0.000000	0.060259	0.000000	0.060785
0.000000	0.060785	0.000000	0.060633
0.000000	0.060633	0.000000	0.060813
0.000000	0.060813	0.000000	0.060105
0.000000	0.060105	0.000000	0.060349
0.000000	0.060349	0.000000	0.060542
0.000000	0.060542	0.000000	0.060371
0.000000	0.060371	0.000000	0.061147
0.000000	0.061147	0.000000	0.061878
0.000000	0.061878	0.000000	0.062181
0.000000	0.062181	0.000000	0.061889
0.000000	0.061889	0.000000	0.062082
0.000000	0.062082	0.000000	0.062506
0.000000	0.062506	0.000000	0.062618
0.000000	0.062618	0.000000	0.062549
0.000000	0.062549	0.000000	0.062899
0.000000	0.062899	0.000000	0.062373
0.000000	0.062373	0.000000	0.061564
0.000000	0.061564	0.000000	0.060802
0.000000	0.060802	0.000000	0.061449
0.000000	0.061449	0.000000	0.062959
0.000000	0.062959	0.000000	0.063059
0.000000	0.063059	0.000000	0.063581
0.350431	0.200302	0.094128	0.186695
0.094128	0.186695	0.048215	0.166374
0.048215	0.166374	0.037213	0.151316
0.037213	0.151316	0.032826	0.139957
0.032826	0.139957	0.029873	0.130646
0.029873	0.130646	0.026986	0.121624
0.026986	0.121624	0.023607	0.114327
0.023607	0.114327	0.020162	0.107684
0.020162	0.107684	0.016761	0.102249
0.016761	0.102249	0.014247	0.097170
0.014247	0.097170	0.011312	0.092905
0.011312	0.092905	0.009384	0.089325
0.009384	0.089325	0.007588	0.087281
0.007588	0.087281	0.006311	0.083819
0.006311	0.083819	0.005118	0.081748
0.005118	0.081748	0.004112	0.080448
0.004112	0.080448	0.003385	0.078992
0.003385	0.078992	0.003050	0.077986
0.003050	0.077986	0.002481	0.076907
0.002481	0.076907	0.002140	0.075274
0.002140	0.075274	0.001577	0.074703
0.001577	0.074703	0.001118	0.073431
0.001118	0.073431	0.000831	0.072126
0.000831	0.072126	0.000766	0.072998
0.000766	0.072998	0.000660	0.073189
0.000660	0.073189	0.000615	0.073022
0.000615	0.073022	0.000630	0.072825
0.000630	0.072825	0.000620	0.072998
0.000620	0.072998	0.000740	0.073639
0.000740	0.073639	0.000846	0.073673
0.000846	0.073673	0.000881	0.073860
0.000881	0.073860	0.000822	0.073275
0.000822	0.073275	0.000750	0.073329
0.000750	0.073329	0.000734	0.072396
0.000734	0.072396	0.000654	0.071465
0.000654	0.071465	0.000578	0.071375
0.000578	0.071375	0.000447	0.071522
0.000447	0.071522	0.000359	0.071740
0.000359	0.071740	0.000212	0.072111
0.000212	0.072111	0.000118	0.071860
0.000118	0.071860	0.000131	0.071911
0.000131	0.071911	0.000104	0.072150
0.000104	0.072150	0.000101	0.072403
0.000101	0.072403	0.000056	0.071456
0.000056	0.071456	0.000024	0.071074
0.000024	0.071074	0.000015	0.071541
0.000015	0.071541	0.000012	0.072023
0.000012	0.072023	0.000005	0.072381
0.000005	0.072381	0.000000	0.071633
0.000000	0.071633	0.000000	0.072056
0.000000	0.072056	0.000000	0.071416
0.000000	0.071416	0.000000	0.071834
0.000000	0.071834	0.000000	0.072086
0.000000	0.072086	0.000000	0.071871
0.000000	0.071871	0.000000	0.072167
0.000000	0.072167	0.000000	0.071374
0.000000	0.071374	0.000000	0.072129
0.000000	0.072129	0.000000	0.072146
0.000000	0.072146	0.000000	0.072908
0.000000	0.072908	0.000000	0.072586
0.000000	0.072586	0.000000	0.072239
0.000000	0.072239	0.000000	0.072619
0.000000	0.072619	0.000000	0.072446
0.000000	0.072446	0.000000	0.072943
0.000000	0.072943	0.000000	0.072641
0.000000	0.072641	0.000000	0.073261
0.000000	0.073261	0.000000	0.072655
0.000000	0.072655	0.000000	0.072822
0.000000	0.072822	0.000000	0.072319
0.000000	0.072319	0.000000	0.072457
0.000000	0.072457	0.000000	0.072122
0.000000	0.072122	0.000000	0.073396
0.000000	0.073396	0.000000	0.073586
0.000000	0.073586	0.000000	0.074782
0.000000	0.074782	0.000000	0.075276
0.000000	0.075276	0.000000	0.074941
0.000000	0.074941	0.000000	0.075480
0.000000	0.075480	0.000000	0.075803
0.000000	0.075803	0.000000	0.075345
0.000000	0.075345	0.000000	0.075929
0.000000	0.075929	0.000000	0.076557
0.000000	0.076557	0.000000	0.076642
0.000000	0.076642	0.000000	0.076221
0.000000	0.076221	0.000000	0.076176
0.000000	0.076176	0.000000	0.076019
0.000000	0.076019	0.000000	0.075420
0.000000	0.075420	0.000000	0.075452
0.000000	0.075452	0.000000	0.076166
0.000000	0.076166	0.000000	0.076783
0.000000	0.076783	0.000000	0.076526
0.000000	0.076526	0.000000	0.076840
0.000000	0.076840	0.000000	0.077085
0.000000	0.077085	0.000000	0.077626
0.000000	0.077626	0.000000	0.077978
0.000000	0.077978	0.000000	0.078301
0.000000	0.078301	0.000000	0.078402
0.000000	0.078402	0.000000	0.078133
0.000000	0.078133	0.000000	0.077999
0.000000	0.077999	0.000000	0.077607
0.000000	0.077607	0.000000	0.077523
0.000000	0.077523	0.000000	0.076805
0.000000	0.076805	0.000000	0.077367
0.000000	0.077367	0.000000	0.077581
0.000000	0.077581	0.000000	0.077462
0.000000	0.077462	0.000000	0.077440
0.000000	0.077440	0.000000	0.077098
0.000000	0.077098	0.000000	0.077717
0.000000	0.077717	0.000000	0.077912
0.000000	0.077912	0.000000	0.077836
0.000000	0.077836	0.000000	0.077763
0.000000	0.077763	0.000000	0.077452
0.000000	0.077452	0.000000	0.077301
0.000000	0.077301	0.000000	0.077173
0.000000	0.077173	0.000000	0.078237
0.000000	0.078237	0.000000	0.077750
0.000000	0.077750	0.000000	0.077701
0.000000	0.077701	0.000000	0.076857
0.000000	0.076857	0.000000	0.077104
0.000000	0.077104	0.000000	0.076825
0.000000	0.076825	0.000000	0.076863
0.000000	0.076863	0.000000	0.077374
0.000000	0.077374	0.000000	0.077323
0.000000	0.077323	0.000000	0.077415
0.000000	0.077415	0.000000	0.077217
0.000000	0.077217	0.000000	0.076581
0.000000	0.076581	0.000000	0.076855
0.000000	0.076855	0.000000	0.077391
0.000000	0.077391	0.000000	0.076801
0.000000	0.076801	0.000000	0.076338
0.000000	0.076338	0.000000	0.076150
0.000000	0.076150	0.000000	0.076162
0.000000	0.076162	0.000000	0.076824
0.000000	0.076824	0.000000	0.076600
0.000000	0.076600	0.000000	0.077262
0.000000	0.077262	0.000000	0.077195
0.000000	0.077195	0.000000	0.076747
0.000000	0.076747	0.000000	0.077195
0.000000	0.077195	0.000000	0.076941
0.000000	0.076941	0.000000	0.077639
0.000000	0.077639	0.000000	0.076625
0.000000	0.076625	0.000000	0.077530
0.000000	0.077530	0.000000	0.077120
0.000000	0.077120	0.000000	0.077088
0.000000	0.077088	0.000000	0.076684
0.000000	0.076684	0.000000	0.076502
0.000000	0.076502	0.000000	0.076320
0.000000	0.076320	0.000000	0.076798
0.000000	0.076798	0.000000	0.076263
0.000000	0.076263	0.000000	0.076092
0.000000	0.076092	0.000000	0.075751
0.000000	0.075751	0.000000	0.075847
0.000000	0.075847	0.000000	0.076168
0.000000	0.076168	0.000000	0.075320
0.000000	0.075320	0.000000	0.075498
0.000000	0.075498	0.000000	0.075935
0.000000	0.075935	0.000000	0.076174
0.000000	0.076174	0.000000	0.076127
0.000000	0.076127	0.000000	0.076541
0.000000	0.076541	0.000000	0.077058
0.000000	0.077058	0.000000	0.076682
0.000000	0.076682	0.000000	0.076760
0.000000	0.076760	0.000000	0.077175
0.000000	0.077175	0.000000	0.077335
0.000000	0.077335	0.000000	0.076912
0.000000	0.076912	0.000000	0.076604
0.000000	0.076604	0.000000	0.076788
0.000000	0.076788	0.000000	0.076384
0.000000	0.076384	0.000000	0.076155
0.000000	0.076155	0.000000	0.076001
0.000000	0.076001	0.000000	0.076062
0.000000	0.076062	0.000000	0.076580
0.000000	0.076580	0.000000	0.076524
0.000000	0.076524	0.000000	0.076747
0.000000	0.076747	0.000000	0.076858
0.000000	0.076858	0.000000	0.077309
0.000000	0.077309	0.000000	0.077027
0.000000	0.077027	0.000000	0.077105
0.000000	0.077105	0.000000	0.077376
0.000000	0.077376	0.000000	0.077277
0.000000	0.077277	0.000000	0.076046
0.000000	0.076046	0.000000	0.076453
0.000000	0.076453	0.000000	0.075788
0.000000	0.075788	0.000000	0.075120
0.000000	0.075120	0.000000	0.075293
0.000000	0.075293	0.000000	0.075786
0.000000	0.075786	0.000000	0.076003
0.000000	0.076003	0.000000	0.075790
0.000000	0.075790	0.000000	0.076217
0.000000	0.076217	0.000000	0.076512
0.000000	0.076512	0.000000	0.077024
0.000000	0.077024	0.000000	0.077154
0.000000	0.077154	0.000000	0.076606
0.000000	0.076606	0.000000	0.076868
0.000000	0.076868	0.000000	0.077635
0.000000	0.077635	0.000000	0.077381
0.000000	0.077381	0.000000	0.077137
0.000000	0.077137	0.000000	0.077881
0.000000	0.077881	0.000000	0.077786
0.000000	0.077786	0.000000	0.077941
0.350186	0.150073	0.058445	0.139222
0.058445	0.139222	0.021075	0.124579
0.021075	0.124579	0.013632	0.116178
0.013632	0.116178	0.010779	0.110584
0.010779	0.110584	0.008864	0.106253
0.008864	0.106253	0.007527	0.103736
0.007527	0.103736	0.006711	0.102430
0.006711	0.102430	0.005948	0.100300
0.005948	0.100300	0.005156	0.098404
0.005156	0.098404	0.004246	0.096383
0.004246	0.096383	0.003745	0.095273
0.003745	0.095273	0.003244	0.094027
0.003244	0.094027	0.002809	0.093153
0.002809	0.093153	0.002229	0.092412
0.002229	0.092412	0.001801	0.091563
0.001801	0.091563	0.001498	0.090869
0.001498	0.090869	0.001263	0.089920
0.001263	0.089920	0.001064	0.090464
0.001064	0.090464	0.000804	0.090075
0.000804	0.090075	0.000703	0.090039
0.000703	0.090039	0.000656	0.089711
0.000656	0.089711	0.000585	0.089266
0.000585	0.089266	0.000559	0.089269
0.000559	0.089269	0.000447	0.089120
0.000447	0.089120	0.000422	0.089473
0.000422	0.089473	0.000417	0.089386
0.000417	0.089386	0.000342	0.088974
0.000342	0.088974	0.000262	0.088092
0.000262	0.088092	0.000226	0.088384
0.000226	0.088384	0.000190	0.088151
0.000190	0.088151	0.000188	0.088293
0.000188	0.088293	0.000109	0.087611
0.000109	0.087611	0.000098	0.087441
0.000098	0.087441	0.000068	0.086959
0.000068	0.086959	0.000048	0.087595
0.000048	0.087595	0.000064	0.087220
0.000064	0.087220	0.000120	0.087131
0.000120	0.087131	0.000068	0.087622
0.000068	0.087622	0.000054	0.087780
0.000054	0.087780	0.000055	0.088123
0.000055	0.088123	0.000067	0.087509
0.000067	0.087509	0.000062	0.086567
0.000062	0.086567	0.000041	0.085576
0.000041	0.085576	0.000007	0.085727
0.000007	0.085727	0.000000	0.085937
0.000000	0.085937	0.000000	0.085517
0.000000	0.085517	0.000000	0.085240
0.000000	0.085240	0.000000	0.084801
0.000000	0.084801	0.000000	0.085422
0.000000	0.085422	0.000000	0.084719
0.000000	0.084719	0.000000	0.084336
0.000000	0.084336	0.000000	0.084902
0.000000	0.084902	0.000000	0.085259
0.000000	0.085259	0.000000	0.085569
0.000000	0.085569	0.000000	0.085366
0.000000	0.085366	0.000000	0.084501
0.000000	0.084501	0.000000	0.084941
0.000000	0.084941	0.000000	0.085431
0.000000	0.085431	0.000000	0.085761
0.000000	0.085761	0.000000	0.085655
0.000000	0.085655	0.000000	0.085835
0.000000	0.085835	0.000000	0.086340
0.000000	0.086340	0.000000	0.085949
0.000000	0.085949	0.000000	0.085665
0.000000	0.085665	0.000000	0.085581
0.000000	0.085581	0.000000	0.085815
0.000000	0.085815	0.000000	0.086558
0.000000	0.086558	0.000000	0.086818
0.000000	0.086818	0.000000	0.087650
0.000000	0.087650	0.000000	0.088835
0.000000	0.088835	0.000000	0.089240
0.000000	0.089240	0.000000	0.089987
0.000000	0.089987	0.000000	0.090902
0.000000	0.090902	0.000000	0.091266
0.000000	0.091266	0.000000	0.091413
0.000000	0.091413	0.000000	0.091242
0.000000	0.091242	0.000000	0.091892
0.000000	0.091892	0.000000	0.091538
0.000000	0.091538	0.000000	0.091641
0.000000	0.091641	0.000000	0.091779
0.000000	0.091779	0.000000	0.091300
0.000000	0.091300	0.000000	0.090864
0.000000	0.090864	0.000000	0.090755
0.000000	0.090755	0.000000	0.091186
0.000000	0.091186	0.000000	0.091777
0.000000	0.091777	0.000000	0.091624
0.000000	0.091624	0.000000	0.092110
0.000000	0.092110	0.000000	0.091381
0.000000	0.091381	0.000000	0.091602
0.000000	0.091602	0.000000	0.090173
0.000000	0.090173	0.000000	0.090602
0.000000	0.090602	0.000000	0.089358
0.000000	0.089358	0.000000	0.090228
0.000000	0.090228	0.000000	0.090313
0.000000	0.090313	0.000000	0.090020
0.000000	0.090020	0.000000	0.089914
0.000000	0.089914	0.000000	0.089310
0.000000	0.089310	0.000000	0.089296
0.000000	0.089296	0.000000	0.089055
0.000000	0.089055	0.000000	0.089746
0.000000	0.089746	0.000000	0.090120
0.000000	0.090120	0.000000	0.089984
0.000000	0.089984	0.000000	0.089240
0.000000	0.089240	0.000000	0.089927
0.000000	0.089927	0.000000	0.089907
0.000000	0.089907	0.000000	0.089773
0.000000	0.089773	0.000000	0.090092
0.000000	0.090092	0.000000	0.090398
0.000000	0.090398	0.000000	0.090035
0.000000	0.090035	0.000000	0.090601
0.000000	0.090601	0.000000	0.090964
0.000000	0.090964	0.000000	0.090647
0.000000	0.090647	0.000000	0.091276
0.000000	0.091276	0.000000	0.090935
0.000000	0.090935	0.000000	0.091693
0.000000	0.091693	0.000000	0.091403
0.000000	0.091403	0.000000	0.090526
0.000000	0.090526	0.000000	0.090821
0.000000	0.090821	0.000000	0.090974
0.000000	0.090974	0.000000	0.091155
0.000000	0.091155	0.000000	0.091280
0.000000	0.091280	0.000000	0.091410
0.000000	0.091410	0.000000	0.091079
0.000000	0.091079	0.000000	0.090839
0.000000	0.090839	0.000000	0.090876
0.000000	0.090876	0.000000	0.092499
0.000000	0.092499	0.000000	0.092678
0.000000	0.092678	0.000000	0.093128
0.000000	0.093128	0.000000	0.092580
0.000000	0.092580	0.000000	0.093136
0.000000	0.093136	0.000000	0.093053
0.000000	0.093053	0.000000	0.091955
0.000000	0.091955	0.000000	0.092377
0.000000	0.092377	0.000000	0.092832
0.000000	0.092832	0.000000	0.093097
0.000000	0.093097	0.000000	0.093273
0.000000	0.093273	0.000000	0.093085
0.000000	0.093085	0.000000	0.093890
0.000000	0.093890	0.000000	0.093208
0.000000	0.093208	0.000000	0.093203
0.000000	0.093203	0.000000	0.093646
0.000000	0.093646	0.000000	0.093592
0.000000	0.093592	0.000000	0.092038
0.000000	0.092038	0.000000	0.092743
0.000000	0.092743	0.000000	0.092503
0.000000	0.092503	0.000000	0.092338
0.000000	0.092338	0.000000	0.092104
0.000000	0.092104	0.000000	0.092637
0.000000	0.092637	0.000000	0.092609
0.000000	0.092609	0.000000	0.092924
0.000000	0.092924	0.000000	0.094590
0.000000	0.094590	0.000000	0.094436
0.000000	0.094436	0.000000	0.094787
0.000000	0.094787	0.000000	0.094437
0.000000	0.094437	0.000000	0.095276
0.000000	0.095276	0.000000	0.094427
0.000000	0.094427	0.000000	0.095130
0.000000	0.095130	0.000000	0.094685
0.000000	0.094685	0.000000	0.094719
0.000000	0.094719	0.000000	0.093820
0.000000	0.093820	0.000000	0.093294
0.000000	0.093294	0.000000	0.093480
0.000000	0.093480	0.000000	0.093597
0.000000	0.093597	0.000000	0.093699
0.000000	0.093699	0.000000	0.093456
0.000000	0.093456	0.000000	0.092856
0.000000	0.092856	0.000000	0.091365
0.000000	0.091365	0.000000	0.091811
0.000000	0.091811	0.000000	0.090839
0.000000	0.090839	0.000000	0.091236
0.000000	0.091236	0.000000	0.090821
0.000000	0.090821	0.000000	0.090568
0.000000	0.090568	0.000000	0.090670
0.000000	0.090670	0.000000	0.090739
0.000000	0.090739	0.000000	0.090110
0.000000	0.090110	0.000000	0.090826
0.000000	0.090826	0.000000	0.090856
0.000000	0.090856	0.000000	0.090925
0.000000	0.090925	0.000000	0.090794
0.000000	0.090794	0.000000	0.090026
0.000000	0.090026	0.000000	0.090264
0.000000	0.090264	0.000000	0.089195
0.000000	0.089195	0.000000	0.089725
0.000000	0.089725	0.000000	0.088760
0.000000	0.088760	0.000000	0.088898
0.000000	0.088898	0.000000	0.088743
0.000000	0.088743	0.000000	0.088716
0.000000	0.088716	0.000000	0.089116
0.000000	0.089116	0.000000	0.089615
0.000000	0.089615	0.000000	0.089111
0.000000	0.089111	0.000000	0.089058
0.000000	0.089058	0.000000	0.089138
0.000000	0.089138	0.000000	0.089983
0.000000	0.089983	0.000000	0.091320
0.000000	0.091320	0.000000	0.090986
0.000000	0.090986	0.000000	0.090868
0.000000	0.090868	0.000000	0.089695
0.000000	0.089695	0.000000	0.090142
0.000000	0.090142	0.000000	0.090256
0.349856	0.099388	0.030830	0.091069
0.030830	0.091069	0.006958	0.083064
0.006958	0.083064	0.003404	0.079142
0.003404	0.079142	0.002269	0.078590
0.002269	0.078590	0.001859	0.077658
0.001859	0.077658	0.001469	0.076745
0.001469	0.076745	0.001335	0.076549
0.001335	0.076549	0.001138	0.075453
0.001138	0.075453	0.000890	0.074190
0.000890	0.074190	0.000805	0.073689
0.000805	0.073689	0.000602	0.073144
0.000602	0.073144	0.000501	0.073741
0.000501	0.073741	0.000467	0.073238
0.000467	0.073238	0.000400	0.073341
0.000400	0.073341	0.000328	0.072498
0.000328	0.072498	0.000253	0.072707
0.000253	0.072707	0.000225	0.073026
0.000225	0.073026	0.000152	0.073188
0.000152	0.073188	0.000144	0.073340
0.000144	0.073340	0.000158	0.072997
0.000158	0.072997	0.000173	0.073298
0.000173	0.073298	0.000163	0.073586
0.000163	0.073586	0.000134	0.073825
0.000134	0.073825	0.000124	0.073136
0.000124	0.073136	0.000151	0.072497
0.000151	0.072497	0.000133	0.072345
0.000133	0.072345	0.000111	0.072292
0.000111	0.072292	0.000072	0.072561
0.000072	0.072561	0.000031	0.072025
0.000031	0.072025	0.000020	0.072556
0.000020	0.072556	0.000024	0.072855
0.000024	0.072855	0.000000	0.072798
0.000000	0.072798	0.000000	0.073094
0.000000	0.073094	0.000000	0.073275
0.000000	0.073275	0.000000	0.071491
0.000000	0.071491	0.000000	0.071475
0.000000	0.071475	0.000000	0.071012
0.000000	0.071012	0.000000	0.071176
0.000000	0.071176	0.000000	0.070876
0.000000	0.070876	0.000000	0.070671
0.000000	0.070671	0.000000	0.070401
0.000000	0.070401	0.000000	0.070212
0.000000	0.070212	0.000000	0.069807
0.000000	0.069807	0.000000	0.069881
0.000000	0.069881	0.000000	0.069806
0.000000	0.069806	0.000000	0.069517
0.000000	0.069517	0.000000	0.070536
0.000000	0.070536	0.000000	0.070712
0.000000	0.070712	0.000000	0.071268
0.000000	0.071268	0.000000	0.071598
0.000000	0.071598	0.000000	0.071120
0.000000	0.071120	0.000000	0.071539
0.000000	0.071539	0.000000	0.071181
0.000000	0.071181	0.000000	0.070902
0.000000	0.070902	0.000000	0.070114
0.000000	0.070114	0.000000	0.070564
0.000000	0.070564	0.000000	0.070390
0.000000	0.070390	0.000000	0.070510
0.000000	0.070510	0.000000	0.070514
0.000000	0.070514	0.000000	0.070269
0.000000	0.070269	0.000000	0.070029
0.000000	0.070029	0.000000	0.069992
0.000000	0.069992	0.000000	0.070048
0.000000	0.070048	0.000000	0.070945
0.000000	0.070945	0.000000	0.071265
0.000000	0.071265	0.000000	0.071075
0.000000	0.071075	0.000000	0.071339
0.000000	0.071339	0.000000	0.071632
0.000000	0.071632	0.000000	0.071599
0.000000	0.071599	0.000000	0.070859
0.000000	0.070859	0.000000	0.071000
0.000000	0.071000	0.000000	0.071405
0.000000	0.071405	0.000000	0.071411
0.000000	0.071411	0.000000	0.072478
0.000000	0.072478	0.000000	0.072480
0.000000	0.072480	0.000000	0.072080
0.000000	0.072080	0.000000	0.071945
0.000000	0.071945	0.000000	0.072182
0.000000	0.072182	0.000000	0.072393
0.000000	0.072393	0.000000	0.072171
0.000000	0.072171	0.000000	0.072385
0.000000	0.072385	0.000000	0.072007
0.000000	0.072007	0.000000	0.071257
0.000000	0.071257	0.000000	0.071190
0.000000	0.071190	0.000000	0.071476
0.000000	0.071476	0.000000	0.071361
0.000000	0.071361	0.000000	0.071098
0.000000	0.071098	0.000000	0.071985
0.000000	0.071985	0.000000	0.072604
0.000000	0.072604	0.000000	0.072180
0.000000	0.072180	0.000000	0.073065
0.000000	0.073065	0.000000	0.073075
0.000000	0.073075	0.000000	0.072882
0.000000	0.072882	0.000000	0.073405
0.000000	0.073405	0.000000	0.073608
0.000000	0.073608	0.000000	0.074241
0.000000	0.074241	0.000000	0.074217
0.000000	0.074217	0.000000	0.073788
0.000000	0.073788	0.000000	0.073778
0.000000	0.073778	0.000000	0.074456
0.000000	0.074456	0.000000	0.074765
0.000000	0.074765	0.000000	0.075029
0.000000	0.075029	0.000000	0.075131
0.000000	0.075131	0.000000	0.074691
0.000000	0.074691	0.000000	0.074592
0.000000	0.074592	0.000000	0.075002
0.000000	0.075002	0.000000	0.073727
0.000000	0.073727	0.000000	0.072884
0.000000	0.072884	0.000000	0.072318
0.000000	0.072318	0.000000	0.072115
0.000000	0.072115	0.000000	0.072297
0.000000	0.072297	0.000000	0.072332
0.000000	0.072332	0.000000	0.071835
0.000000	0.071835	0.000000	0.072157
0.000000	0.072157	0.000000	0.072544
0.000000	0.072544	0.000000	0.072015
0.000000	0.072015	0.000000	0.072239
0.000000	0.072239	0.000000	0.072042
0.000000	0.072042	0.000000	0.073197
0.000000	0.073197	0.000000	0.073799
0.000000	0.073799	0.000000	0.074056
0.000000	0.074056	0.000000	0.073289
0.000000	0.073289	0.000000	0.074203
0.000000	0.074203	0.000000	0.073449
0.000000	0.073449	0.000000	0.073524
0.000000	0.073524	0.000000	0.073690
0.000000	0.073690	0.000000	0.073851
0.000000	0.073851	0.000000	0.074036
0.000000	0.074036	0.000000	0.073638
0.000000	0.073638	0.000000	0.072594
0.000000	0.072594	0.000000	0.071935
0.000000	0.071935	0.000000	0.072999
0.000000	0.072999	0.000000	0.073296
0.000000	0.073296	0.000000	0.073599
0.000000	0.073599	0.000000	0.072803
0.000000	0.072803	0.000000	0.072254
0.000000	0.072254	0.000000	0.072704
0.000000	0.072704	0.000000	0.072420
0.000000	0.072420	0.000000	0.072833
0.000000	0.072833	0.000000	0.072092
0.000000	0.072092	0.000000	0.071883
0.000000	0.071883	0.000000	0.072664
0.000000	0.072664	0.000000	0.072115
0.000000	0.072115	0.000000	0.072358
0.000000	0.072358	0.000000	0.072910
0.000000	0.072910	0.000000	0.073546
0.000000	0.073546	0.000000	0.073388
0.000000	0.073388	0.000000	0.073727
0.000000	0.073727	0.000000	0.073769
0.000000	0.073769	0.000000	0.073779
0.000000	0.073779	0.000000	0.074504
0.000000	0.074504	0.000000	0.074115
0.000000	0.074115	0.000000	0.074875
0.000000	0.074875	0.000000	0.074580
0.000000	0.074580	0.000000	0.073730
0.000000	0.073730	0.000000	0.074024
0.000000	0.074024	0.000000	0.074668
0.000000	0.074668	0.000000	0.074696
0.000000	0.074696	0.000000	0.074769
0.000000	0.074769	0.000000	0.075193
0.000000	0.075193	0.000000	0.075323
0.000000	0.075323	0.000000	0.074251
0.000000	0.074251	0.000000	0.074398
0.000000	0.074398	0.000000	0.074899
0.000000	0.074899	0.000000	0.074867
0.000000	0.074867	0.000000	0.074750
0.000000	0.074750	0.000000	0.074689
0.000000	0.074689	0.000000	0.074051
0.000000	0.074051	0.000000	0.073631
0.000000	0.073631	0.000000	0.074146
0.000000	0.074146	0.000000	0.074742
0.000000	0.074742	0.000000	0.074810
0.000000	0.074810	0.000000	0.074749
0.000000	0.074749	0.000000	0.074733
0.000000	0.074733	0.000000	0.075077
0.000000	0.075077	0.000000	0.074657
0.000000	0.074657	0.000000	0.075099
0.000000	0.075099	0.000000	0.074819
0.000000	0.074819	0.000000	0.075459
0.000000	0.075459	0.000000	0.075582
0.000000	0.075582	0.000000	0.075177
0.000000	0.075177	0.000000	0.075160
0.000000	0.075160	0.000000	0.074997
0.000000	0.074997	0.000000	0.074129
0.000000	0.074129	0.000000	0.073585
0.000000	0.073585	0.000000	0.073366
0.000000	0.073366	0.000000	0.072929
0.000000	0.072929	0.000000	0.072859
0.000000	0.072859	0.000000	0.072794
0.000000	0.072794	0.000000	0.072630
0.000000	0.072630	0.000000	0.072911
0.000000	0.072911	0.000000	0.072769
0.000000	0.072769	0.000000	0.072364
0.000000	0.072364	0.000000	0.072401
0.000000	0.072401	0.000000	0.071667
0.000000	0.071667	0.000000	0.071919
0.000000	0.071919	0.000000	0.071888
0.000000	0.071888	0.000000	0.072630
0.000000	0.072630	0.000000	0.072597
0.350115	0.050046	0.014183	0.044853
0.014183	0.044853	0.001543	0.041691
0.001543	0.041691	0.000536	0.040352
0.000536	0.040352	0.000278	0.040334
0.000278	0.040334	0.000168	0.040944
0.000168	0.040944	0.000094	0.040418
0.000094	0.040418	0.000064	0.040178
0.000064	0.040178	0.000075	0.040555
0.000075	0.040555	0.000046	0.040839
0.000046	0.040839	0.000028	0.041594
0.000028	0.041594	0.000019	0.041124
0.000019	0.041124	0.000009	0.040461
0.000009	0.040461	0.000002	0.041076
0.000002	0.041076	0.000001	0.040814
0.000001	0.040814	0.000000	0.039935
0.000000	0.039935	0.000000	0.039833
0.000000	0.039833	0.000000	0.039986
0.000000	0.039986	0.000000	0.039920
0.000000	0.039920	0.000000	0.039518
0.000000	0.039518	0.000000	0.039762
0.000000	0.039762	0.000000	0.039416
0.000000	0.039416	0.000000	0.039148
0.000000	0.039148	0.000000	0.038994
0.000000	0.038994	0.000000	0.039616
0.000000	0.039616	0.000000	0.039520
0.000000	0.039520	0.000000	0.039786
0.000000	0.039786	0.000000	0.040337
0.000000	0.040337	0.000000	0.040487
0.000000	0.040487	0.000000	0.040485
0.000000	0.040485	0.000000	0.040440
0.000000	0.040440	0.000000	0.039891
0.000000	0.039891	0.000000	0.040104
0.000000	0.040104	0.000000	0.040646
0.000000	0.040646	0.000000	0.040853
0.000000	0.040853	0.000000	0.040359
0.000000	0.040359	0.000000	0.040631
0.000000	0.040631	0.000000	0.041201
0.000000	0.041201	0.000000	0.040455
0.000000	0.040455	0.000000	0.040715
0.000000	0.040715	0.000000	0.040817
0.000000	0.040817	0.000000	0.040725
0.000000	0.040725	0.000000	0.041103
0.000000	0.041103	0.000000	0.041524
0.000000	0.041524	0.000000	0.041030
0.000000	0.041030	0.000000	0.041004
0.000000	0.041004	0.000000	0.040846
0.000000	0.040846	0.000000	0.041244
0.000000	0.041244	0.000000	0.040792
0.000000	0.040792	0.000000	0.041040
0.000000	0.041040	0.000000	0.040857
0.000000	0.040857	0.000000	0.041382
0.000000	0.041382	0.000000	0.041361
0.000000	0.041361	0.000000	0.041874
0.000000	0.041874	0.000000	0.041085
0.000000	0.041085	0.000000	0.040577
0.000000	0.040577	0.000000	0.040779
0.000000	0.040779	0.000000	0.040882
0.000000	0.040882	0.000000	0.040630
0.000000	0.040630	0.000000	0.040888
0.000000	0.040888	0.000000	0.040429
0.000000	0.040429	0.000000	0.041115
0.000000	0.041115	0.000000	0.041151
0.000000	0.041151	0.000000	0.041311
0.000000	0.041311	0.000000	0.041553
0.000000	0.041553	0.000000	0.041285
0.000000	0.041285	0.000000	0.041102
0.000000	0.041102	0.000000	0.040715
0.000000	0.040715	0.000000	0.041220
0.000000	0.041220	0.000000	0.041418
0.000000	0.041418	0.000000	0.041215
0.000000	0.041215	0.000000	0.041551
0.000000	0.041551	0.000000	0.042423
0.000000	0.042423	0.000000	0.041917
0.000000	0.041917	0.000000	0.041793
0.000000	0.041793	0.000000	0.041919
0.000000	0.041919	0.000000	0.042371
0.000000	0.042371	0.000000	0.042374
0.000000	0.042374	0.000000	0.042678
0.000000	0.042678	0.000000	0.042814
0.000000	0.042814	0.000000	0.043313
0.000000	0.043313	0.000000	0.043055
0.000000	0.043055	0.000000	0.042206
0.000000	0.042206	0.000000	0.042437
0.000000	0.042437	0.000000	0.043303
0.000000	0.043303	0.000000	0.044008
0.000000	0.044008	0.000000	0.044195
0.000000	0.044195	0.000000	0.044051
0.000000	0.044051	0.000000	0.044188
0.000000	0.044188	0.000000	0.044251
0.000000	0.044251	0.000000	0.044523
0.000000	0.044523	0.000000	0.044683
0.000000	0.044683	0.000000	0.044723
0.000000	0.044723	0.000000	0.044996
0.000000	0.044996	0.000000	0.044820
0.000000	0.044820	0.000000	0.044741
0.000000	0.044741	0.000000	0.044802
0.000000	0.044802	0.000000	0.044584
0.000000	0.044584	0.000000	0.045086
0.000000	0.045086	0.000000	0.044379
0.000000	0.044379	0.000000	0.044634
0.000000	0.044634	0.000000	0.044739
0.000000	0.044739	0.000000	0.044540
0.000000	0.044540	0.000000	0.043975
0.000000	0.043975	0.000000	0.043647
0.000000	0.043647	0.000000	0.044060
0.000000	0.044060	0.000000	0.044023
0.000000	0.044023	0.000000	0.044044
0.000000	0.044044	0.000000	0.043465
0.000000	0.043465	0.000000	0.043718
0.000000	0.043718	0.000000	0.044033
0.000000	0.044033	0.000000	0.043182
0.000000	0.043182	0.000000	0.043088
0.000000	0.043088	0.000000	0.043302
0.000000	0.043302	0.000000	0.042793
0.000000	0.042793	0.000000	0.043728
0.000000	0.043728	0.000000	0.043731
0.000000	0.043731	0.000000	0.043617
0.000000	0.043617	0.000000	0.043356
0.000000	0.043356	0.000000	0.043961
0.000000	0.043961	0.000000	0.043643
0.000000	0.043643	0.000000	0.043650
0.000000	0.043650	0.000000	0.043436
0.000000	0.043436	0.000000	0.043453
0.000000	0.043453	0.000000	0.043430
0.000000	0.043430	0.000000	0.043628
0.000000	0.043628	0.000000	0.043787
0.000000	0.043787	0.000000	0.044315
0.000000	0.044315	0.000000	0.044268
0.000000	0.044268	0.000000	0.043798
0.000000	0.043798	0.000000	0.043831
0.000000	0.043831	0.000000	0.044084
0.000000	0.044084	0.000000	0.043744
0.000000	0.043744	0.000000	0.043354
0.000000	0.043354	0.000000	0.043020
0.000000	0.043020	0.000000	0.043394
0.000000	0.043394	0.000000	0.043287
0.000000	0.043287	0.000000	0.042934
0.000000	0.042934	0.000000	0.043360
0.000000	0.043360	0.000000	0.043410
0.000000	0.043410	0.000000	0.042815
0.000000	0.042815	0.000000	0.042777
0.000000	0.042777	0.000000	0.043385
0.000000	0.043385	0.000000	0.043001
0.000000	0.043001	0.000000	0.042373
0.000000	0.042373	0.000000	0.042980
0.000000	0.042980	0.000000	0.043019
0.000000	0.043019	0.000000	0.042850
0.000000	0.042850	0.000000	0.042342
0.000000	0.042342	0.000000	0.042591
0.000000	0.042591	0.000000	0.042506
0.000000	0.042506	0.000000	0.042983
0.000000	0.042983	0.000000	0.042906
0.000000	0.042906	0.000000	0.043065
0.000000	0.043065	0.000000	0.042237
0.000000	0.042237	0.000000	0.042156
0.000000	0.042156	0.000000	0.042035
0.000000	0.042035	0.000000	0.041766
0.000000	0.041766	0.000000	0.041525
0.000000	0.041525	0.000000	0.041534
0.000000	0.041534	0.000000	0.041545
0.000000	0.041545	0.000000	0.040937
0.000000	0.040937	0.000000	0.040635
0.000000	0.040635	0.000000	0.040601
0.000000	0.040601	0.000000	0.040445
0.000000	0.040445	0.000000	0.040649
0.000000	0.040649	0.000000	0.040524
0.000000	0.040524	0.000000	0.040866
0.000000	0.040866	0.000000	0.041475
0.000000	0.041475	0.000000	0.041164
0.000000	0.041164	0.000000	0.041532
0.000000	0.041532	0.000000	0.041613
0.000000	0.041613	0.000000	0.041273
0.000000	0.041273	0.000000	0.040391
0.000000	0.040391	0.000000	0.040837
0.000000	0.040837	0.000000	0.040928
0.000000	0.040928	0.000000	0.041135
0.000000	0.041135	0.000000	0.040798
0.000000	0.040798	0.000000	0.041084
0.000000	0.041084	0.000000	0.040942
0.000000	0.040942	0.000000	0.040567
0.000000	0.040567	0.000000	0.039786
0.000000	0.039786	0.000000	0.039682
0.000000	0.039682	0.000000	0.040948
0.000000	0.040948	0.000000	0.040279
0.000000	0.040279	0.000000	0.040450
0.000000	0.040450	0.000000	0.040517
0.000000	0.040517	0.000000	0.040693
0.000000	0.040693	0.000000	0.039824
0.000000	0.039824	0.000000	0.039949
0.000000	0.039949	0.000000	0.039610
0.000000	0.039610	0.000000	0.039490
0.000000	0.039490	0.000000	0.039653
0.000000	0.039653	0.000000	0.039767
0.000000	0.039767	0.000000	0.039597
0.000000	0.039597	0.000000	0.039939
0.000000	0.039939	0.000000	0.040280
0.000000	0.040280	0.000000	0.040134
0.000000	0.040134	0.000000	0.040694
0.000000	0.040694	0.000000	0.040700
