0.350419	0.449089	0.396163	0.450434
0.396163	0.450434	0.433196	0.451154
0.433196	0.451154	0.447206	0.444800
0.447206	0.444800	0.440544	0.430927
0.440544	0.430927	0.410466	0.401001
0.410466	0.401001	0.363573	0.357655
0.363573	0.357655	0.305815	0.304846
0.305815	0.304846	0.244331	0.247688
0.244331	0.247688	0.186387	0.192781
0.186387	0.192781	0.134524	0.143113
0.134524	0.143113	0.092159	0.101701
0.092159	0.101701	0.060690	0.070986
0.060690	0.070986	0.037418	0.048207
0.037418	0.048207	0.021920	0.033020
0.021920	0.033020	0.012133	0.023519
0.012133	0.023519	0.006614	0.017510
0.006614	0.017510	0.003579	0.014345
0.003579	0.014345	0.001748	0.012350
0.001748	0.012350	0.001002	0.011409
0.001002	0.011409	0.000601	0.010482
0.000601	0.010482	0.000249	0.009932
0.000249	0.009932	0.000106	0.010139
0.000106	0.010139	0.000061	0.010190
0.000061	0.010190	0.000033	0.010282
0.000033	0.010282	0.000017	0.010147
0.000017	0.010147	0.000027	0.010108
0.000027	0.010108	0.000011	0.010054
0.000011	0.010054	0.000000	0.010100
0.000000	0.010100	0.000000	0.009865
0.000000	0.009865	0.000000	0.009789
0.000000	0.009789	0.000000	0.009579
0.000000	0.009579	0.000000	0.009610
0.000000	0.009610	0.000000	0.009777
0.000000	0.009777	0.000000	0.009815
0.000000	0.009815	0.000000	0.009912
0.000000	0.009912	0.000000	0.009826
0.000000	0.009826	0.000000	0.010186
0.000000	0.010186	0.000000	0.009694
0.000000	0.009694	0.000000	0.009689
0.000000	0.009689	0.000000	0.009627
0.000000	0.009627	0.000000	0.009657
0.000000	0.009657	0.000000	0.009366
0.000000	0.009366	0.000000	0.009210
0.000000	0.009210	0.000000	0.009593
0.000000	0.009593	0.000000	0.009271
0.000000	0.009271	0.000000	0.009273
0.000000	0.009273	0.000000	0.008782
0.000000	0.008782	0.000000	0.008710
0.000000	0.008710	0.000000	0.008713
0.000000	0.008713	0.000000	0.008835
0.000000	0.008835	0.000000	0.008659
0.000000	0.008659	0.000000	0.008687
0.000000	0.008687	0.000000	0.008608
0.000000	0.008608	0.000000	0.008554
0.000000	0.008554	0.000000	0.008514
0.000000	0.008514	0.000000	0.008409
0.000000	0.008409	0.000000	0.008559
0.000000	0.008559	0.000000	0.008728
0.000000	0.008728	0.000000	0.009123
0.000000	0.009123	0.000000	0.009526
0.000000	0.009526	0.000000	0.009696
0.000000	0.009696	0.000000	0.009569
0.000000	0.009569	0.000000	0.009651
0.000000	0.009651	0.000000	0.009607
0.000000	0.009607	0.000000	0.009502
0.000000	0.009502	0.000000	0.009617
0.000000	0.009617	0.000000	0.009516
0.000000	0.009516	0.000000	0.009632
0.000000	0.009632	0.000000	0.009718
0.000000	0.009718	0.000000	0.009438
0.000000	0.009438	0.000000	0.009811
0.000000	0.009811	0.000000	0.009450
0.000000	0.009450	0.000000	0.009032
0.000000	0.009032	0.000000	0.008992
0.000000	0.008992	0.000000	0.009037
0.000000	0.009037	0.000000	0.009027
0.000000	0.009027	0.000000	0.008956
0.000000	0.008956	0.000000	0.008981
0.000000	0.008981	0.000000	0.008972
0.000000	0.008972	0.000000	0.008821
0.000000	0.008821	0.000000	0.009060
0.000000	0.009060	0.000000	0.009028
0.000000	0.009028	0.000000	0.009115
0.000000	0.009115	0.000000	0.008754
0.000000	0.008754	0.000000	0.008842
0.000000	0.008842	0.000000	0.008958
0.000000	0.008958	0.000000	0.008669
0.000000	0.008669	0.000000	0.008503
0.000000	0.008503	0.000000	0.008438
0.000000	0.008438	0.000000	0.008322
0.000000	0.008322	0.000000	0.008388
0.000000	0.008388	0.000000	0.008442
0.000000	0.008442	0.000000	0.008563
0.000000	0.008563	0.000000	0.008707
0.000000	0.008707	0.000000	0.009044
0.000000	0.009044	0.000000	0.009053
0.000000	0.009053	0.000000	0.009150
0.000000	0.009150	0.000000	0.009182
0.000000	0.009182	0.000000	0.009304
0.000000	0.009304	0.000000	0.009467
0.000000	0.009467	0.000000	0.009325
0.000000	0.009325	0.000000	0.009248
0.000000	0.009248	0.000000	0.009243
0.000000	0.009243	0.000000	0.009321
0.000000	0.009321	0.000000	0.009331
0.000000	0.009331	0.000000	0.009242
0.000000	0.009242	0.000000	0.008833
0.000000	0.008833	0.000000	0.008864
0.000000	0.008864	0.000000	0.008687
0.000000	0.008687	0.000000	0.008741
0.000000	0.008741	0.000000	0.008955
0.000000	0.008955	0.000000	0.009042
0.000000	0.009042	0.000000	0.009072
0.000000	0.009072	0.000000	0.009436
0.000000	0.009436	0.000000	0.009552
0.000000	0.009552	0.000000	0.009492
0.000000	0.009492	0.000000	0.009684
0.000000	0.009684	0.000000	0.009683
0.000000	0.009683	0.000000	0.010122
0.000000	0.010122	0.000000	0.010047
0.000000	0.010047	0.000000	0.009846
0.000000	0.009846	0.000000	0.010102
0.000000	0.010102	0.000000	0.009992
0.000000	0.009992	0.000000	0.010041
0.000000	0.010041	0.000000	0.010005
0.000000	0.010005	0.000000	0.009991
0.000000	0.009991	0.000000	0.009827
0.000000	0.009827	0.000000	0.009794
0.000000	0.009794	0.000000	0.010017
0.000000	0.010017	0.000000	0.009896
0.000000	0.009896	0.000000	0.009744
0.000000	0.009744	0.000000	0.009755
0.000000	0.009755	0.000000	0.009925
0.000000	0.009925	0.000000	0.010092
0.000000	0.010092	0.000000	0.009848
0.000000	0.009848	0.000000	0.009544
0.000000	0.009544	0.000000	0.009398
0.000000	0.009398	0.000000	0.009365
0.000000	0.009365	0.000000	0.009309
0.000000	0.009309	0.000000	0.009086
0.000000	0.009086	0.000000	0.009128
0.000000	0.009128	0.000000	0.008736
0.000000	0.008736	0.000000	0.008727
0.000000	0.008727	0.000000	0.008583
0.000000	0.008583	0.000000	0.008661
0.000000	0.008661	0.000000	0.008784
0.000000	0.008784	0.000000	0.008753
0.000000	0.008753	0.000000	0.008808
0.000000	0.008808	0.000000	0.008979
0.000000	0.008979	0.000000	0.009064
0.000000	0.009064	0.000000	0.009246
0.000000	0.009246	0.000000	0.009023
0.000000	0.009023	0.000000	0.009177
0.000000	0.009177	0.000000	0.009487
0.000000	0.009487	0.000000	0.009477
0.000000	0.009477	0.000000	0.009504
0.000000	0.009504	0.000000	0.009529
0.000000	0.009529	0.000000	0.009432
0.000000	0.009432	0.000000	0.009715
0.000000	0.009715	0.000000	0.009809
0.000000	0.009809	0.000000	0.009633
0.000000	0.009633	0.000000	0.009559
0.000000	0.009559	0.000000	0.009723
0.000000	0.009723	0.000000	0.009721
0.000000	0.009721	0.000000	0.009801
0.000000	0.009801	0.000000	0.009844
0.000000	0.009844	0.000000	0.009976
0.000000	0.009976	0.000000	0.010015
0.000000	0.010015	0.000000	0.010252
0.000000	0.010252	0.000000	0.010188
0.000000	0.010188	0.000000	0.009905
0.000000	0.009905	0.000000	0.009821
0.000000	0.009821	0.000000	0.009663
0.000000	0.009663	0.000000	0.009756
0.000000	0.009756	0.000000	0.009719
0.000000	0.009719	0.000000	0.010086
0.000000	0.010086	0.000000	0.010266
0.000000	0.010266	0.000000	0.010446
0.000000	0.010446	0.000000	0.010184
0.000000	0.010184	0.000000	0.010351
0.000000	0.010351	0.000000	0.010823
0.000000	0.010823	0.000000	0.010811
0.000000	0.010811	0.000000	0.010816
0.000000	0.010816	0.000000	0.010654
0.000000	0.010654	0.000000	0.010428
0.000000	0.010428	0.000000	0.010450
0.000000	0.010450	0.000000	0.010147
0.000000	0.010147	0.000000	0.010301
0.000000	0.010301	0.000000	0.010514
0.000000	0.010514	0.000000	0.010329
0.000000	0.010329	0.000000	0.010288
0.000000	0.010288	0.000000	0.010580
0.000000	0.010580	0.000000	0.010731
0.000000	0.010731	0.000000	0.010612
0.000000	0.010612	0.000000	0.010630
0.000000	0.010630	0.000000	0.010732
0.000000	0.010732	0.000000	0.010505
0.000000	0.010505	0.000000	0.010562
0.000000	0.010562	0.000000	0.010428
0.350236	0.399640	0.313630	0.395004
0.313630	0.395004	0.299032	0.379204
0.299032	0.379204	0.289073	0.355960
0.289073	0.355960	0.269125	0.325216
0.269125	0.325216	0.236490	0.285714
0.236490	0.285714	0.195899	0.240525
0.195899	0.240525	0.154122	0.194192
0.154122	0.194192	0.115124	0.153161
0.115124	0.153161	0.080869	0.117497
0.080869	0.117497	0.053610	0.089109
0.053610	0.089109	0.033993	0.067373
0.033993	0.067373	0.021050	0.053277
0.021050	0.053277	0.013208	0.044394
0.013208	0.044394	0.008311	0.039725
0.008311	0.039725	0.005249	0.035741
0.005249	0.035741	0.003633	0.034419
0.003633	0.034419	0.002494	0.033997
0.002494	0.033997	0.001647	0.033250
0.001647	0.033250	0.001071	0.032498
0.001071	0.032498	0.000711	0.031571
0.000711	0.031571	0.000503	0.031509
0.000503	0.031509	0.000411	0.031231
0.000411	0.031231	0.000351	0.030806
0.000351	0.030806	0.000312	0.030166
0.000312	0.030166	0.000270	0.030131
0.000270	0.030131	0.000215	0.029817
0.000215	0.029817	0.000076	0.029520
0.000076	0.029520	0.000051	0.029555
0.000051	0.029555	0.000057	0.029471
0.000057	0.029471	0.000057	0.028901
0.000057	0.028901	0.000063	0.028317
0.000063	0.028317	0.000072	0.028403
0.000072	0.028403	0.000063	0.028386
0.000063	0.028386	0.000034	0.028130
0.000034	0.028130	0.000030	0.028081
0.000030	0.028081	0.000017	0.029127
0.000017	0.029127	0.000016	0.029211
0.000016	0.029211	0.000031	0.029560
0.000031	0.029560	0.000049	0.029492
0.000049	0.029492	0.000042	0.029587
0.000042	0.029587	0.000023	0.029608
0.000023	0.029608	0.000000	0.029369
0.000000	0.029369	0.000000	0.029545
0.000000	0.029545	0.000000	0.029359
0.000000	0.029359	0.000000	0.029255
0.000000	0.029255	0.000000	0.029020
0.000000	0.029020	0.000000	0.029345
0.000000	0.029345	0.000000	0.028805
0.000000	0.028805	0.000000	0.028659
0.000000	0.028659	0.000000	0.028918
0.000000	0.028918	0.000000	0.029289
0.000000	0.029289	0.000000	0.029014
0.000000	0.029014	0.000000	0.029136
0.000000	0.029136	0.000000	0.029286
0.000000	0.029286	0.000000	0.029559
0.000000	0.029559	0.000000	0.029867
0.000000	0.029867	0.000000	0.030153
0.000000	0.030153	0.000000	0.030099
0.000000	0.030099	0.000000	0.030335
0.000000	0.030335	0.000000	0.030488
0.000000	0.030488	0.000000	0.030689
0.000000	0.030689	0.000000	0.030536
0.000000	0.030536	0.000000	0.030216
0.000000	0.030216	0.000000	0.029790
0.000000	0.029790	0.000000	0.028974
0.000000	0.028974	0.000000	0.029430
0.000000	0.029430	0.000000	0.029561
0.000000	0.029561	0.000000	0.029247
0.000000	0.029247	0.000000	0.029384
0.000000	0.029384	0.000000	0.029056
0.000000	0.029056	0.000000	0.028925
0.000000	0.028925	0.000000	0.028571
0.000000	0.028571	0.000000	0.028737
0.000000	0.028737	0.000000	0.029462
0.000000	0.029462	0.000000	0.029082
0.000000	0.029082	0.000000	0.028672
0.000000	0.028672	0.000000	0.028744
0.000000	0.028744	0.000000	0.028944
0.000000	0.028944	0.000000	0.028623
0.000000	0.028623	0.000000	0.028077
0.000000	0.028077	0.000000	0.027946
0.000000	0.027946	0.000000	0.027964
0.000000	0.027964	0.000000	0.027723
0.000000	0.027723	0.000000	0.028626
0.000000	0.028626	0.000000	0.029050
0.000000	0.029050	0.000000	0.029096
0.000000	0.029096	0.000000	0.029259
0.000000	0.029259	0.000000	0.029152
0.000000	0.029152	0.000000	0.029730
0.000000	0.029730	0.000000	0.029935
0.000000	0.029935	0.000000	0.030031
0.000000	0.030031	0.000000	0.029362
0.000000	0.029362	0.000000	0.029173
0.000000	0.029173	0.000000	0.029455
0.000000	0.029455	0.000000	0.029008
0.000000	0.029008	0.000000	0.029066
0.000000	0.029066	0.000000	0.028821
0.000000	0.028821	0.000000	0.028848
0.000000	0.028848	0.000000	0.028216
0.000000	0.028216	0.000000	0.028487
0.000000	0.028487	0.000000	0.029103
0.000000	0.029103	0.000000	0.029064
0.000000	0.029064	0.000000	0.029127
0.000000	0.029127	0.000000	0.029037
0.000000	0.029037	0.000000	0.029085
0.000000	0.029085	0.000000	0.029180
0.000000	0.029180	0.000000	0.029238
0.000000	0.029238	0.000000	0.029208
0.000000	0.029208	0.000000	0.030027
0.000000	0.030027	0.000000	0.029596
0.000000	0.029596	0.000000	0.029489
0.000000	0.029489	0.000000	0.029301
0.000000	0.029301	0.000000	0.029243
0.000000	0.029243	0.000000	0.029116
0.000000	0.029116	0.000000	0.028683
0.000000	0.028683	0.000000	0.029045
0.000000	0.029045	0.000000	0.029594
0.000000	0.029594	0.000000	0.029106
0.000000	0.029106	0.000000	0.028549
0.000000	0.028549	0.000000	0.028611
0.000000	0.028611	0.000000	0.028948
0.000000	0.028948	0.000000	0.029199
0.000000	0.029199	0.000000	0.029020
0.000000	0.029020	0.000000	0.029149
0.000000	0.029149	0.000000	0.029050
0.000000	0.029050	0.000000	0.028981
0.000000	0.028981	0.000000	0.028586
0.000000	0.028586	0.000000	0.028971
0.000000	0.028971	0.000000	0.028795
0.000000	0.028795	0.000000	0.028608
0.000000	0.028608	0.000000	0.028624
0.000000	0.028624	0.000000	0.028685
0.000000	0.028685	0.000000	0.028750
0.000000	0.028750	0.000000	0.029059
0.000000	0.029059	0.000000	0.029734
0.000000	0.029734	0.000000	0.030556
0.000000	0.030556	0.000000	0.030507
0.000000	0.030507	0.000000	0.030212
0.000000	0.030212	0.000000	0.029822
0.000000	0.029822	0.000000	0.030390
0.000000	0.030390	0.000000	0.030211
0.000000	0.030211	0.000000	0.030035
0.000000	0.030035	0.000000	0.030005
0.000000	0.030005	0.000000	0.030033
0.000000	0.030033	0.000000	0.030264
0.000000	0.030264	0.000000	0.030712
0.000000	0.030712	0.000000	0.030583
0.000000	0.030583	0.000000	0.030525
0.000000	0.030525	0.000000	0.031022
0.000000	0.031022	0.000000	0.030880
0.000000	0.030880	0.000000	0.030893
0.000000	0.030893	0.000000	0.030738
0.000000	0.030738	0.000000	0.030973
0.000000	0.030973	0.000000	0.031125
0.000000	0.031125	0.000000	0.031267
0.000000	0.031267	0.000000	0.031322
0.000000	0.031322	0.000000	0.031196
0.000000	0.031196	0.000000	0.030895
0.000000	0.030895	0.000000	0.030827
0.000000	0.030827	0.000000	0.031230
0.000000	0.031230	0.000000	0.030949
0.000000	0.030949	0.000000	0.030410
0.000000	0.030410	0.000000	0.030631
0.000000	0.030631	0.000000	0.030130
0.000000	0.030130	0.000000	0.030225
0.000000	0.030225	0.000000	0.030179
0.000000	0.030179	0.000000	0.029637
0.000000	0.029637	0.000000	0.029951
0.000000	0.029951	0.000000	0.029639
0.000000	0.029639	0.000000	0.029196
0.000000	0.029196	0.000000	0.029912
0.000000	0.029912	0.000000	0.029755
0.000000	0.029755	0.000000	0.029322
0.000000	0.029322	0.000000	0.029425
0.000000	0.029425	0.000000	0.029504
0.000000	0.029504	0.000000	0.029051
0.000000	0.029051	0.000000	0.028886
0.000000	0.028886	0.000000	0.028750
0.000000	0.028750	0.000000	0.028271
0.000000	0.028271	0.000000	0.028269
0.000000	0.028269	0.000000	0.028287
0.000000	0.028287	0.000000	0.027899
0.000000	0.027899	0.000000	0.027991
0.000000	0.027991	0.000000	0.028041
0.000000	0.028041	0.000000	0.028031
0.000000	0.028031	0.000000	0.028026
0.000000	0.028026	0.000000	0.028032
0.000000	0.028032	0.000000	0.028266
0.000000	0.028266	0.000000	0.028797
0.000000	0.028797	0.000000	0.028917
0.000000	0.028917	0.000000	0.028524
0.000000	0.028524	0.000000	0.029043
0.000000	0.029043	0.000000	0.028900
0.000000	0.028900	0.000000	0.028694
0.000000	0.028694	0.000000	0.028938
0.000000	0.028938	0.000000	0.028885
0.000000	0.028885	0.000000	0.028496
0.000000	0.028496	0.000000	0.028274
0.000000	0.028274	0.000000	0.027877
0.349480	0.349888	0.238501	0.340434
0.238501	0.340434	0.193978	0.316121
0.193978	0.316121	0.172611	0.286912
0.172611	0.286912	0.154074	0.255999
0.154074	0.255999	0.134344	0.225846
0.134344	0.225846	0.112851	0.195326
0.112851	0.195326	0.091164	0.167341
0.091164	0.167341	0.069938	0.140556
0.069938	0.140556	0.051642	0.118223
0.051642	0.118223	0.037519	0.101436
0.037519	0.101436	0.026273	0.087565
0.026273	0.087565	0.018660	0.079135
0.018660	0.079135	0.013121	0.071860
0.013121	0.071860	0.009517	0.067947
0.009517	0.067947	0.007040	0.065168
0.007040	0.065168	0.005158	0.063262
0.005158	0.063262	0.003819	0.061072
0.003819	0.061072	0.002934	0.060551
0.002934	0.060551	0.002468	0.059440
0.002468	0.059440	0.002078	0.058898
0.002078	0.058898	0.001623	0.058092
0.001623	0.058092	0.001380	0.057214
0.001380	0.057214	0.001137	0.056256
0.001137	0.056256	0.000953	0.056341
0.000953	0.056341	0.000764	0.055829
0.000764	0.055829	0.000627	0.054990
0.000627	0.054990	0.000602	0.054657
0.000602	0.054657	0.000459	0.054233
0.000459	0.054233	0.000345	0.054755
0.000345	0.054755	0.000248	0.055668
0.000248	0.055668	0.000202	0.055448
0.000202	0.055448	0.000163	0.055351
0.000163	0.055351	0.000190	0.055331
0.000190	0.055331	0.000181	0.054927
0.000181	0.054927	0.000195	0.054785
0.000195	0.054785	0.000170	0.055181
0.000170	0.055181	0.000142	0.055442
0.000142	0.055442	0.000134	0.054851
0.000134	0.054851	0.000138	0.054822
0.000138	0.054822	0.000121	0.054931
0.000121	0.054931	0.000090	0.054563
0.000090	0.054563	0.000055	0.054900
0.000055	0.054900	0.000012	0.054929
0.000012	0.054929	0.000000	0.054699
0.000000	0.054699	0.000000	0.055205
0.000000	0.055205	0.000000	0.055717
0.000000	0.055717	0.000000	0.054987
0.000000	0.054987	0.000000	0.054910
0.000000	0.054910	0.000000	0.054828
0.000000	0.054828	0.000000	0.055420
0.000000	0.055420	0.000000	0.055006
0.000000	0.055006	0.000000	0.054853
0.000000	0.054853	0.000000	0.054182
0.000000	0.054182	0.000000	0.054548
0.000000	0.054548	0.000000	0.054335
0.000000	0.054335	0.000000	0.053892
0.000000	0.053892	0.000000	0.054458
0.000000	0.054458	0.000000	0.054458
0.000000	0.054458	0.000000	0.054698
0.000000	0.054698	0.000000	0.054609
0.000000	0.054609	0.000000	0.054447
0.000000	0.054447	0.000000	0.054119
0.000000	0.054119	0.000000	0.053650
0.000000	0.053650	0.000000	0.054165
0.000000	0.054165	0.000000	0.054125
0.000000	0.054125	0.000000	0.054155
0.000000	0.054155	0.000000	0.054712
0.000000	0.054712	0.000000	0.054954
0.000000	0.054954	0.000000	0.055032
0.000000	0.055032	0.000000	0.055150
0.000000	0.055150	0.000000	0.055805
0.000000	0.055805	0.000000	0.056255
0.000000	0.056255	0.000000	0.055265
0.000000	0.055265	0.000000	0.055211
0.000000	0.055211	0.000000	0.054742
0.000000	0.054742	0.000000	0.053976
0.000000	0.053976	0.000000	0.054257
0.000000	0.054257	0.000000	0.054464
0.000000	0.054464	0.000000	0.055088
0.000000	0.055088	0.000000	0.055627
0.000000	0.055627	0.000000	0.055525
0.000000	0.055525	0.000000	0.055023
0.000000	0.055023	0.000000	0.054475
0.000000	0.054475	0.000000	0.055145
0.000000	0.055145	0.000000	0.055079
0.000000	0.055079	0.000000	0.054925
0.000000	0.054925	0.000000	0.054094
0.000000	0.054094	0.000000	0.053991
0.000000	0.053991	0.000000	0.054059
0.000000	0.054059	0.000000	0.053585
0.000000	0.053585	0.000000	0.053597
0.000000	0.053597	0.000000	0.053619
0.000000	0.053619	0.000000	0.053638
0.000000	0.053638	0.000000	0.053364
0.000000	0.053364	0.000000	0.053152
0.000000	0.053152	0.000000	0.053359
0.000000	0.053359	0.000000	0.053505
0.000000	0.053505	0.000000	0.053377
0.000000	0.053377	0.000000	0.053556
0.000000	0.053556	0.000000	0.054138
0.000000	0.054138	0.000000	0.053736
0.000000	0.053736	0.000000	0.053601
0.000000	0.053601	0.000000	0.053842
0.000000	0.053842	0.000000	0.053924
0.000000	0.053924	0.000000	0.053305
0.000000	0.053305	0.000000	0.053515
0.000000	0.053515	0.000000	0.053891
0.000000	0.053891	0.000000	0.054152
0.000000	0.054152	0.000000	0.054135
0.000000	0.054135	0.000000	0.054709
0.000000	0.054709	0.000000	0.054720
0.000000	0.054720	0.000000	0.054319
0.000000	0.054319	0.000000	0.053932
0.000000	0.053932	0.000000	0.054005
0.000000	0.054005	0.000000	0.052922
0.000000	0.052922	0.000000	0.053055
0.000000	0.053055	0.000000	0.053112
0.000000	0.053112	0.000000	0.053137
0.000000	0.053137	0.000000	0.053744
0.000000	0.053744	0.000000	0.053051
0.000000	0.053051	0.000000	0.053086
0.000000	0.053086	0.000000	0.053240
0.000000	0.053240	0.000000	0.052871
0.000000	0.052871	0.000000	0.052909
0.000000	0.052909	0.000000	0.052060
0.000000	0.052060	0.000000	0.052191
0.000000	0.052191	0.000000	0.052445
0.000000	0.052445	0.000000	0.052737
0.000000	0.052737	0.000000	0.053550
0.000000	0.053550	0.000000	0.053902
0.000000	0.053902	0.000000	0.053708
0.000000	0.053708	0.000000	0.054048
0.000000	0.054048	0.000000	0.053677
0.000000	0.053677	0.000000	0.053204
0.000000	0.053204	0.000000	0.052390
0.000000	0.052390	0.000000	0.053128
0.000000	0.053128	0.000000	0.053577
0.000000	0.053577	0.000000	0.052941
0.000000	0.052941	0.000000	0.052297
0.000000	0.052297	0.000000	0.052551
0.000000	0.052551	0.000000	0.052573
0.000000	0.052573	0.000000	0.052626
0.000000	0.052626	0.000000	0.052688
0.000000	0.052688	0.000000	0.053202
0.000000	0.053202	0.000000	0.052957
0.000000	0.052957	0.000000	0.052864
0.000000	0.052864	0.000000	0.052844
0.000000	0.052844	0.000000	0.052808
0.000000	0.052808	0.000000	0.052474
0.000000	0.052474	0.000000	0.052597
0.000000	0.052597	0.000000	0.051441
0.000000	0.051441	0.000000	0.051383
0.000000	0.051383	0.000000	0.051401
0.000000	0.051401	0.000000	0.051086
0.000000	0.051086	0.000000	0.050384
0.000000	0.050384	0.000000	0.051169
0.000000	0.051169	0.000000	0.050421
0.000000	0.050421	0.000000	0.049864
0.000000	0.049864	0.000000	0.050233
0.000000	0.050233	0.000000	0.050139
0.000000	0.050139	0.000000	0.050063
0.000000	0.050063	0.000000	0.049310
0.000000	0.049310	0.000000	0.048995
0.000000	0.048995	0.000000	0.049371
0.000000	0.049371	0.000000	0.049319
0.000000	0.049319	0.000000	0.049046
0.000000	0.049046	0.000000	0.048659
0.000000	0.048659	0.000000	0.048233
0.000000	0.048233	0.000000	0.048005
0.000000	0.048005	0.000000	0.047698
0.000000	0.047698	0.000000	0.046891
0.000000	0.046891	0.000000	0.047034
0.000000	0.047034	0.000000	0.047029
0.000000	0.047029	0.000000	0.047198
0.000000	0.047198	0.000000	0.047790
0.000000	0.047790	0.000000	0.048136
0.000000	0.048136	0.000000	0.048181
0.000000	0.048181	0.000000	0.048035
0.000000	0.048035	0.000000	0.047734
0.000000	0.047734	0.000000	0.047661
0.000000	0.047661	0.000000	0.047667
0.000000	0.047667	0.000000	0.048069
0.000000	0.048069	0.000000	0.047428
0.000000	0.047428	0.000000	0.046945
0.000000	0.046945	0.000000	0.046988
0.000000	0.046988	0.000000	0.047091
0.000000	0.047091	0.000000	0.047192
0.000000	0.047192	0.000000	0.047119
0.000000	0.047119	0.000000	0.047435
0.000000	0.047435	0.000000	0.047215
0.000000	0.047215	0.000000	0.047444
0.000000	0.047444	0.000000	0.047327
0.000000	0.047327	0.000000	0.047107
0.000000	0.047107	0.000000	0.047093
0.000000	0.047093	0.000000	0.046707
0.000000	0.046707	0.000000	0.046110
0.000000	0.046110	0.000000	0.046281
0.000000	0.046281	0.000000	0.045794
0.000000	0.045794	0.000000	0.046177
0.350511	0.300209	0.174849	0.289689
0.174849	0.289689	0.118642	0.262654
0.118642	0.262654	0.097274	0.236469
0.097274	0.236469	0.084961	0.213479
0.084961	0.213479	0.074518	0.193083
0.074518	0.193083	0.063781	0.176133
0.063781	0.176133	0.053686	0.159707
0.053686	0.159707	0.043215	0.145063
0.043215	0.145063	0.035053	0.133054
0.035053	0.133054	0.027640	0.123203
0.027640	0.123203	0.022725	0.117238
0.022725	0.117238	0.018552	0.110237
0.018552	0.110237	0.014703	0.104558
0.014703	0.104558	0.011683	0.099794
0.011683	0.099794	0.009693	0.095682
0.009693	0.095682	0.007878	0.091549
0.007878	0.091549	0.006483	0.089505
0.006483	0.089505	0.005285	0.086390
0.005285	0.086390	0.004260	0.084601
0.004260	0.084601	0.003264	0.083996
0.003264	0.083996	0.002725	0.083192
0.002725	0.083192	0.002180	0.081801
0.002180	0.081801	0.001620	0.081309
0.001620	0.081309	0.001331	0.080903
0.001331	0.080903	0.000977	0.080339
0.000977	0.080339	0.000629	0.079894
0.000629	0.079894	0.000477	0.078996
0.000477	0.078996	0.000385	0.078589
0.000385	0.078589	0.000340	0.078552
0.000340	0.078552	0.000234	0.078009
0.000234	0.078009	0.000194	0.077684
0.000194	0.077684	0.000184	0.077475
0.000184	0.077475	0.000131	0.077364
0.000131	0.077364	0.000096	0.076842
0.000096	0.076842	0.000072	0.076725
0.000072	0.076725	0.000039	0.076179
0.000039	0.076179	0.000017	0.075746
0.000017	0.075746	0.000018	0.075452
0.000018	0.075452	0.000019	0.076412
0.000019	0.076412	0.000014	0.077684
0.000014	0.077684	0.000019	0.077443
0.000019	0.077443	0.000022	0.077012
0.000022	0.077012	0.000004	0.076336
0.000004	0.076336	0.000001	0.076100
0.000001	0.076100	0.000000	0.075651
0.000000	0.075651	0.000000	0.075518
0.000000	0.075518	0.000000	0.076357
0.000000	0.076357	0.000000	0.076499
0.000000	0.076499	0.000000	0.076742
0.000000	0.076742	0.000000	0.078016
0.000000	0.078016	0.000000	0.078355
0.000000	0.078355	0.000000	0.078199
0.000000	0.078199	0.000000	0.078408
0.000000	0.078408	0.000000	0.079062
0.000000	0.079062	0.000000	0.079326
0.000000	0.079326	0.000000	0.079998
0.000000	0.079998	0.000000	0.079172
0.000000	0.079172	0.000000	0.078436
0.000000	0.078436	0.000000	0.078006
0.000000	0.078006	0.000000	0.077514
0.000000	0.077514	0.000000	0.078737
0.000000	0.078737	0.000000	0.077434
0.000000	0.077434	0.000000	0.077331
0.000000	0.077331	0.000000	0.077441
0.000000	0.077441	0.000000	0.077260
0.000000	0.077260	0.000000	0.076906
0.000000	0.076906	0.000000	0.076633
0.000000	0.076633	0.000000	0.076338
0.000000	0.076338	0.000000	0.076116
0.000000	0.076116	0.000000	0.076529
0.000000	0.076529	0.000000	0.077400
0.000000	0.077400	0.000000	0.077176
0.000000	0.077176	0.000000	0.077320
0.000000	0.077320	0.000000	0.077842
0.000000	0.077842	0.000000	0.078099
0.000000	0.078099	0.000000	0.077801
0.000000	0.077801	0.000000	0.077729
0.000000	0.077729	0.000000	0.077548
0.000000	0.077548	0.000000	0.077888
0.000000	0.077888	0.000000	0.077254
0.000000	0.077254	0.000000	0.076337
0.000000	0.076337	0.000000	0.076379
0.000000	0.076379	0.000000	0.076325
0.000000	0.076325	0.000000	0.075441
0.000000	0.075441	0.000000	0.075407
0.000000	0.075407	0.000000	0.074661
0.000000	0.074661	0.000000	0.074561
0.000000	0.074561	0.000000	0.074662
0.000000	0.074662	0.000000	0.074988
0.000000	0.074988	0.000000	0.075180
0.000000	0.075180	0.000000	0.075193
0.000000	0.075193	0.000000	0.075123
0.000000	0.075123	0.000000	0.075394
0.000000	0.075394	0.000000	0.074550
0.000000	0.074550	0.000000	0.074371
0.000000	0.074371	0.000000	0.074868
0.000000	0.074868	0.000000	0.074704
0.000000	0.074704	0.000000	0.075262
0.000000	0.075262	0.000000	0.075371
0.000000	0.075371	0.000000	0.075639
0.000000	0.075639	0.000000	0.076163
0.000000	0.076163	0.000000	0.076298
0.000000	0.076298	0.000000	0.076311
0.000000	0.076311	0.000000	0.076358
0.000000	0.076358	0.000000	0.076538
0.000000	0.076538	0.000000	0.076647
0.000000	0.076647	0.000000	0.076936
0.000000	0.076936	0.000000	0.077146
0.000000	0.077146	0.000000	0.077732
0.000000	0.077732	0.000000	0.077297
0.000000	0.077297	0.000000	0.078534
0.000000	0.078534	0.000000	0.078841
0.000000	0.078841	0.000000	0.078429
0.000000	0.078429	0.000000	0.078054
0.000000	0.078054	0.000000	0.078114
0.000000	0.078114	0.000000	0.078034
0.000000	0.078034	0.000000	0.078168
0.000000	0.078168	0.000000	0.078665
0.000000	0.078665	0.000000	0.077699
0.000000	0.077699	0.000000	0.076940
0.000000	0.076940	0.000000	0.076182
0.000000	0.076182	0.000000	0.076360
0.000000	0.076360	0.000000	0.077220
0.000000	0.077220	0.000000	0.076887
0.000000	0.076887	0.000000	0.076414
0.000000	0.076414	0.000000	0.077624
0.000000	0.077624	0.000000	0.076949
0.000000	0.076949	0.000000	0.077151
0.000000	0.077151	0.000000	0.077492
0.000000	0.077492	0.000000	0.077539
0.000000	0.077539	0.000000	0.077426
0.000000	0.077426	0.000000	0.077307
0.000000	0.077307	0.000000	0.077740
0.000000	0.077740	0.000000	0.077783
0.000000	0.077783	0.000000	0.078691
0.000000	0.078691	0.000000	0.078077
0.000000	0.078077	0.000000	0.077899
0.000000	0.077899	0.000000	0.076856
0.000000	0.076856	0.000000	0.078159
0.000000	0.078159	0.000000	0.078833
0.000000	0.078833	0.000000	0.079183
0.000000	0.079183	0.000000	0.078741
0.000000	0.078741	0.000000	0.078864
0.000000	0.078864	0.000000	0.077740
0.000000	0.077740	0.000000	0.077273
0.000000	0.077273	0.000000	0.077150
0.000000	0.077150	0.000000	0.076895
0.000000	0.076895	0.000000	0.078002
0.000000	0.078002	0.000000	0.078083
0.000000	0.078083	0.000000	0.078930
0.000000	0.078930	0.000000	0.079340
0.000000	0.079340	0.000000	0.079650
0.000000	0.079650	0.000000	0.080163
0.000000	0.080163	0.000000	0.080126
0.000000	0.080126	0.000000	0.079887
0.000000	0.079887	0.000000	0.080477
0.000000	0.080477	0.000000	0.081437
0.000000	0.081437	0.000000	0.080699
0.000000	0.080699	0.000000	0.079642
0.000000	0.079642	0.000000	0.078873
0.000000	0.078873	0.000000	0.078873
0.000000	0.078873	0.000000	0.079357
0.000000	0.079357	0.000000	0.079479
0.000000	0.079479	0.000000	0.078998
0.000000	0.078998	0.000000	0.079172
0.000000	0.079172	0.000000	0.078986
0.000000	0.078986	0.000000	0.079199
0.000000	0.079199	0.000000	0.079851
0.000000	0.079851	0.000000	0.079940
0.000000	0.079940	0.000000	0.079792
0.000000	0.079792	0.000000	0.079955
0.000000	0.079955	0.000000	0.080359
0.000000	0.080359	0.000000	0.079784
0.000000	0.079784	0.000000	0.080625
0.000000	0.080625	0.000000	0.080449
0.000000	0.080449	0.000000	0.080812
0.000000	0.080812	0.000000	0.080943
0.000000	0.080943	0.000000	0.080372
0.000000	0.080372	0.000000	0.080215
0.000000	0.080215	0.000000	0.080188
0.000000	0.080188	0.000000	0.079984
0.000000	0.079984	0.000000	0.079512
0.000000	0.079512	0.000000	0.080215
0.000000	0.080215	0.000000	0.081410
0.000000	0.081410	0.000000	0.081140
0.000000	0.081140	0.000000	0.081718
0.000000	0.081718	0.000000	0.081537
0.000000	0.081537	0.000000	0.082228
0.000000	0.082228	0.000000	0.082090
0.000000	0.082090	0.000000	0.082258
0.000000	0.082258	0.000000	0.082581
0.000000	0.082581	0.000000	0.081112
0.000000	0.081112	0.000000	0.081264
0.000000	0.081264	0.000000	0.080888
0.000000	0.080888	0.000000	0.080837
0.000000	0.080837	0.000000	0.080806
0.000000	0.080806	0.000000	0.081505
0.000000	0.081505	0.000000	0.082124
0.000000	0.082124	0.000000	0.082324
0.350579	0.249942	0.121277	0.237265
0.121277	0.237265	0.063514	0.212509
0.063514	0.212509	0.046786	0.194922
0.046786	0.194922	0.039000	0.181353
0.039000	0.181353	0.033830	0.170326
0.033830	0.170326	0.029549	0.160516
0.029549	0.160516	0.025310	0.151976
0.025310	0.151976	0.021743	0.144963
0.021743	0.144963	0.019150	0.138824
0.019150	0.138824	0.016116	0.132447
0.016116	0.132447	0.012926	0.126468
0.012926	0.126468	0.010742	0.122353
0.010742	0.122353	0.008676	0.118854
0.008676	0.118854	0.007109	0.116842
0.007109	0.116842	0.005919	0.114057
0.005919	0.114057	0.004790	0.112124
0.004790	0.112124	0.004150	0.109615
0.004150	0.109615	0.003382	0.108727
0.003382	0.108727	0.002646	0.107903
0.002646	0.107903	0.002250	0.107641
0.002250	0.107641	0.001984	0.107284
0.001984	0.107284	0.001687	0.106476
0.001687	0.106476	0.001549	0.106375
0.001549	0.106375	0.001349	0.105420
0.001349	0.105420	0.001197	0.105189
0.001197	0.105189	0.000993	0.104667
0.000993	0.104667	0.000879	0.103399
0.000879	0.103399	0.000781	0.103353
0.000781	0.103353	0.000714	0.104258
0.000714	0.104258	0.000718	0.103831
0.000718	0.103831	0.000657	0.104146
0.000657	0.104146	0.000628	0.103827
0.000628	0.103827	0.000551	0.103749
0.000551	0.103749	0.000531	0.102449
0.000531	0.102449	0.000514	0.102321
0.000514	0.102321	0.000427	0.101958
0.000427	0.101958	0.000384	0.101632
0.000384	0.101632	0.000342	0.100967
0.000342	0.100967	0.000284	0.100374
0.000284	0.100374	0.000237	0.100105
0.000237	0.100105	0.000268	0.100003
0.000268	0.100003	0.000263	0.100170
0.000263	0.100170	0.000214	0.100201
0.000214	0.100201	0.000213	0.100652
0.000213	0.100652	0.000225	0.100265
0.000225	0.100265	0.000293	0.100490
0.000293	0.100490	0.000323	0.099785
0.000323	0.099785	0.000384	0.100320
0.000384	0.100320	0.000378	0.099849
0.000378	0.099849	0.000419	0.099189
0.000419	0.099189	0.000403	0.099402
0.000403	0.099402	0.000418	0.099701
0.000418	0.099701	0.000315	0.098211
0.000315	0.098211	0.000194	0.098028
0.000194	0.098028	0.000143	0.098018
0.000143	0.098018	0.000064	0.097018
0.000064	0.097018	0.000013	0.097308
0.000013	0.097308	0.000005	0.096408
0.000005	0.096408	0.000001	0.096248
0.000001	0.096248	0.000000	0.097201
0.000000	0.097201	0.000000	0.097545
0.000000	0.097545	0.000000	0.097499
0.000000	0.097499	0.000000	0.098377
0.000000	0.098377	0.000000	0.098320
0.000000	0.098320	0.000000	0.099024
0.000000	0.099024	0.000000	0.099393
0.000000	0.099393	0.000000	0.100075
0.000000	0.100075	0.000000	0.099976
0.000000	0.099976	0.000000	0.099574
0.000000	0.099574	0.000000	0.098934
0.000000	0.098934	0.000000	0.100294
0.000000	0.100294	0.000000	0.101005
0.000000	0.101005	0.000000	0.101267
0.000000	0.101267	0.000000	0.101245
0.000000	0.101245	0.000000	0.101577
0.000000	0.101577	0.000000	0.101071
0.000000	0.101071	0.000000	0.101530
0.000000	0.101530	0.000000	0.101706
0.000000	0.101706	0.000000	0.101689
0.000000	0.101689	0.000000	0.102716
0.000000	0.102716	0.000000	0.103059
0.000000	0.103059	0.000000	0.104006
0.000000	0.104006	0.000000	0.104490
0.000000	0.104490	0.000000	0.104693
0.000000	0.104693	0.000000	0.104332
0.000000	0.104332	0.000000	0.105559
0.000000	0.105559	0.000000	0.105511
0.000000	0.105511	0.000000	0.106688
0.000000	0.106688	0.000000	0.106692
0.000000	0.106692	0.000000	0.106768
0.000000	0.106768	0.000000	0.106705
0.000000	0.106705	0.000000	0.107153
0.000000	0.107153	0.000000	0.106770
0.000000	0.106770	0.000000	0.107159
0.000000	0.107159	0.000000	0.109179
0.000000	0.109179	0.000000	0.109055
0.000000	0.109055	0.000000	0.109231
0.000000	0.109231	0.000000	0.108804
0.000000	0.108804	0.000000	0.108813
0.000000	0.108813	0.000000	0.108578
0.000000	0.108578	0.000000	0.109346
0.000000	0.109346	0.000000	0.109636
0.000000	0.109636	0.000000	0.109715
0.000000	0.109715	0.000000	0.110045
0.000000	0.110045	0.000000	0.109087
0.000000	0.109087	0.000000	0.109504
0.000000	0.109504	0.000000	0.109506
0.000000	0.109506	0.000000	0.109131
0.000000	0.109131	0.000000	0.109922
0.000000	0.109922	0.000000	0.110124
0.000000	0.110124	0.000000	0.109377
0.000000	0.109377	0.000000	0.109470
0.000000	0.109470	0.000000	0.108909
0.000000	0.108909	0.000000	0.108833
0.000000	0.108833	0.000000	0.108637
0.000000	0.108637	0.000000	0.108764
0.000000	0.108764	0.000000	0.108469
0.000000	0.108469	0.000000	0.108320
0.000000	0.108320	0.000000	0.108022
0.000000	0.108022	0.000000	0.108197
0.000000	0.108197	0.000000	0.108159
0.000000	0.108159	0.000000	0.109538
0.000000	0.109538	0.000000	0.109448
0.000000	0.109448	0.000000	0.109026
0.000000	0.109026	0.000000	0.109753
0.000000	0.109753	0.000000	0.109839
0.000000	0.109839	0.000000	0.108907
0.000000	0.108907	0.000000	0.109169
0.000000	0.109169	0.000000	0.108922
0.000000	0.108922	0.000000	0.109189
0.000000	0.109189	0.000000	0.110356
0.000000	0.110356	0.000000	0.110494
0.000000	0.110494	0.000000	0.110425
0.000000	0.110425	0.000000	0.110283
0.000000	0.110283	0.000000	0.108944
0.000000	0.108944	0.000000	0.109744
0.000000	0.109744	0.000000	0.109971
0.000000	0.109971	0.000000	0.110516
0.000000	0.110516	0.000000	0.110396
0.000000	0.110396	0.000000	0.110326
0.000000	0.110326	0.000000	0.110628
0.000000	0.110628	0.000000	0.110167
0.000000	0.110167	0.000000	0.109645
0.000000	0.109645	0.000000	0.109690
0.000000	0.109690	0.000000	0.111002
0.000000	0.111002	0.000000	0.110567
0.000000	0.110567	0.000000	0.110657
0.000000	0.110657	0.000000	0.109630
0.000000	0.109630	0.000000	0.109997
0.000000	0.109997	0.000000	0.110360
0.000000	0.110360	0.000000	0.110228
0.000000	0.110228	0.000000	0.108991
0.000000	0.108991	0.000000	0.109675
0.000000	0.109675	0.000000	0.109417
0.000000	0.109417	0.000000	0.109090
0.000000	0.109090	0.000000	0.109116
0.000000	0.109116	0.000000	0.109688
0.000000	0.109688	0.000000	0.110073
0.000000	0.110073	0.000000	0.110103
0.000000	0.110103	0.000000	0.110075
0.000000	0.110075	0.000000	0.110176
0.000000	0.110176	0.000000	0.111301
0.000000	0.111301	0.000000	0.111659
0.000000	0.111659	0.000000	0.111173
0.000000	0.111173	0.000000	0.112406
0.000000	0.112406	0.000000	0.111697
0.000000	0.111697	0.000000	0.110633
0.000000	0.110633	0.000000	0.110465
0.000000	0.110465	0.000000	0.110969
0.000000	0.110969	0.000000	0.111988
0.000000	0.111988	0.000000	0.112530
0.000000	0.112530	0.000000	0.112142
0.000000	0.112142	0.000000	0.112204
0.000000	0.112204	0.000000	0.112488
0.000000	0.112488	0.000000	0.112317
0.000000	0.112317	0.000000	0.112782
0.000000	0.112782	0.000000	0.113264
0.000000	0.113264	0.000000	0.111796
0.000000	0.111796	0.000000	0.111097
0.000000	0.111097	0.000000	0.110803
0.000000	0.110803	0.000000	0.111017
0.000000	0.111017	0.000000	0.112227
0.000000	0.112227	0.000000	0.110920
0.000000	0.110920	0.000000	0.111350
0.000000	0.111350	0.000000	0.110965
0.000000	0.110965	0.000000	0.111313
0.000000	0.111313	0.000000	0.110948
0.000000	0.110948	0.000000	0.110441
0.000000	0.110441	0.000000	0.111592
0.000000	0.111592	0.000000	0.111338
0.000000	0.111338	0.000000	0.111320
0.000000	0.111320	0.000000	0.110829
0.000000	0.110829	0.000000	0.111269
0.000000	0.111269	0.000000	0.111056
0.000000	0.111056	0.000000	0.110257
0.000000	0.110257	0.000000	0.110443
0.000000	0.110443	0.000000	0.110849
0.000000	0.110849	0.000000	0.110823
0.000000	0.110823	0.000000	0.111123
0.349983	0.200397	0.079417	0.186162
0.079417	0.186162	0.031201	0.164780
0.031201	0.164780	0.020191	0.152540
0.020191	0.152540	0.015689	0.144981
0.015689	0.144981	0.012993	0.141474
0.012993	0.141474	0.010843	0.137778
0.010843	0.137778	0.009144	0.133692
0.009144	0.133692	0.007690	0.131076
0.007690	0.131076	0.007113	0.129609
0.007113	0.129609	0.006275	0.127195
0.006275	0.127195	0.004917	0.125048
0.004917	0.125048	0.004160	0.123794
0.004160	0.123794	0.003504	0.122655
0.003504	0.122655	0.002962	0.122534
0.002962	0.122534	0.002511	0.120034
0.002511	0.120034	0.001926	0.119504
0.001926	0.119504	0.001373	0.119430
0.001373	0.119430	0.001236	0.119902
0.001236	0.119902	0.001127	0.118803
0.001127	0.118803	0.001070	0.118270
0.001070	0.118270	0.000854	0.117572
0.000854	0.117572	0.000660	0.116596
0.000660	0.116596	0.000543	0.116644
0.000543	0.116644	0.000400	0.117207
0.000400	0.117207	0.000332	0.115971
0.000332	0.115971	0.000249	0.116370
0.000249	0.116370	0.000215	0.117131
0.000215	0.117131	0.000147	0.116302
0.000147	0.116302	0.000114	0.114875
0.000114	0.114875	0.000110	0.114613
0.000110	0.114613	0.000065	0.114546
0.000065	0.114546	0.000020	0.114754
0.000020	0.114754	0.000014	0.115161
0.000014	0.115161	0.000000	0.115624
0.000000	0.115624	0.000000	0.116524
0.000000	0.116524	0.000000	0.116459
0.000000	0.116459	0.000000	0.116961
0.000000	0.116961	0.000000	0.116782
0.000000	0.116782	0.000000	0.116965
0.000000	0.116965	0.000000	0.116896
0.000000	0.116896	0.000000	0.116570
0.000000	0.116570	0.000000	0.116803
0.000000	0.116803	0.000000	0.118218
0.000000	0.118218	0.000000	0.120254
0.000000	0.120254	0.000000	0.119674
0.000000	0.119674	0.000000	0.120029
0.000000	0.120029	0.000000	0.120640
0.000000	0.120640	0.000000	0.120204
0.000000	0.120204	0.000000	0.121132
0.000000	0.121132	0.000000	0.122282
0.000000	0.122282	0.000000	0.123292
0.000000	0.123292	0.000000	0.122976
0.000000	0.122976	0.000000	0.122750
0.000000	0.122750	0.000000	0.121702
0.000000	0.121702	0.000000	0.121656
0.000000	0.121656	0.000000	0.122059
0.000000	0.122059	0.000000	0.121683
0.000000	0.121683	0.000000	0.122379
0.000000	0.122379	0.000000	0.121501
0.000000	0.121501	0.000000	0.121348
0.000000	0.121348	0.000000	0.121480
0.000000	0.121480	0.000000	0.123045
0.000000	0.123045	0.000000	0.123584
0.000000	0.123584	0.000000	0.123102
0.000000	0.123102	0.000000	0.123729
0.000000	0.123729	0.000000	0.123749
0.000000	0.123749	0.000000	0.124193
0.000000	0.124193	0.000000	0.124218
0.000000	0.124218	0.000000	0.124054
0.000000	0.124054	0.000000	0.123712
0.000000	0.123712	0.000000	0.122949
0.000000	0.122949	0.000000	0.124723
0.000000	0.124723	0.000000	0.124711
0.000000	0.124711	0.000000	0.124449
0.000000	0.124449	0.000000	0.125076
0.000000	0.125076	0.000000	0.124657
0.000000	0.124657	0.000000	0.125115
0.000000	0.125115	0.000000	0.124387
0.000000	0.124387	0.000000	0.124327
0.000000	0.124327	0.000000	0.124241
0.000000	0.124241	0.000000	0.123555
0.000000	0.123555	0.000000	0.123926
0.000000	0.123926	0.000000	0.122626
0.000000	0.122626	0.000000	0.122283
0.000000	0.122283	0.000000	0.123325
0.000000	0.123325	0.000000	0.123698
0.000000	0.123698	0.000000	0.123112
0.000000	0.123112	0.000000	0.122768
0.000000	0.122768	0.000000	0.123824
0.000000	0.123824	0.000000	0.124340
0.000000	0.124340	0.000000	0.123969
0.000000	0.123969	0.000000	0.124413
0.000000	0.124413	0.000000	0.125830
0.000000	0.125830	0.000000	0.125210
0.000000	0.125210	0.000000	0.125639
0.000000	0.125639	0.000000	0.126788
0.000000	0.126788	0.000000	0.127018
0.000000	0.127018	0.000000	0.127647
0.000000	0.127647	0.000000	0.127949
0.000000	0.127949	0.000000	0.128043
0.000000	0.128043	0.000000	0.128256
0.000000	0.128256	0.000000	0.127868
0.000000	0.127868	0.000000	0.127431
0.000000	0.127431	0.000000	0.126041
0.000000	0.126041	0.000000	0.126557
0.000000	0.126557	0.000000	0.125853
0.000000	0.125853	0.000000	0.125434
0.000000	0.125434	0.000000	0.126710
0.000000	0.126710	0.000000	0.126551
0.000000	0.126551	0.000000	0.126899
0.000000	0.126899	0.000000	0.127820
0.000000	0.127820	0.000000	0.127102
0.000000	0.127102	0.000000	0.127148
0.000000	0.127148	0.000000	0.127338
0.000000	0.127338	0.000000	0.127091
0.000000	0.127091	0.000000	0.126227
0.000000	0.126227	0.000000	0.127007
0.000000	0.127007	0.000000	0.127789
0.000000	0.127789	0.000000	0.129947
0.000000	0.129947	0.000000	0.129771
0.000000	0.129771	0.000000	0.129199
0.000000	0.129199	0.000000	0.129344
0.000000	0.129344	0.000000	0.129015
0.000000	0.129015	0.000000	0.128726
0.000000	0.128726	0.000000	0.127733
0.000000	0.127733	0.000000	0.127402
0.000000	0.127402	0.000000	0.129069
0.000000	0.129069	0.000000	0.128364
0.000000	0.128364	0.000000	0.128764
0.000000	0.128764	0.000000	0.127980
0.000000	0.127980	0.000000	0.128750
0.000000	0.128750	0.000000	0.128114
0.000000	0.128114	0.000000	0.127599
0.000000	0.127599	0.000000	0.128785
0.000000	0.128785	0.000000	0.129870
0.000000	0.129870	0.000000	0.128764
0.000000	0.128764	0.000000	0.129056
0.000000	0.129056	0.000000	0.128138
0.000000	0.128138	0.000000	0.128542
0.000000	0.128542	0.000000	0.129319
0.000000	0.129319	0.000000	0.129466
0.000000	0.129466	0.000000	0.129626
0.000000	0.129626	0.000000	0.130311
0.000000	0.130311	0.000000	0.129475
0.000000	0.129475	0.000000	0.130864
0.000000	0.130864	0.000000	0.130857
0.000000	0.130857	0.000000	0.129234
0.000000	0.129234	0.000000	0.128998
0.000000	0.128998	0.000000	0.128521
0.000000	0.128521	0.000000	0.128516
0.000000	0.128516	0.000000	0.128486
0.000000	0.128486	0.000000	0.128202
0.000000	0.128202	0.000000	0.128118
0.000000	0.128118	0.000000	0.128313
0.000000	0.128313	0.000000	0.127993
0.000000	0.127993	0.000000	0.128471
0.000000	0.128471	0.000000	0.128146
0.000000	0.128146	0.000000	0.127557
0.000000	0.127557	0.000000	0.127129
0.000000	0.127129	0.000000	0.126454
0.000000	0.126454	0.000000	0.126350
0.000000	0.126350	0.000000	0.126412
0.000000	0.126412	0.000000	0.125847
0.000000	0.125847	0.000000	0.126611
0.000000	0.126611	0.000000	0.127499
0.000000	0.127499	0.000000	0.127986
0.000000	0.127986	0.000000	0.128431
0.000000	0.128431	0.000000	0.129191
0.000000	0.129191	0.000000	0.128579
0.000000	0.128579	0.000000	0.127904
0.000000	0.127904	0.000000	0.128362
0.000000	0.128362	0.000000	0.128666
0.000000	0.128666	0.000000	0.129489
0.000000	0.129489	0.000000	0.129767
0.000000	0.129767	0.000000	0.129826
0.000000	0.129826	0.000000	0.129879
0.000000	0.129879	0.000000	0.129713
0.000000	0.129713	0.000000	0.130224
0.000000	0.130224	0.000000	0.130017
0.000000	0.130017	0.000000	0.130899
0.000000	0.130899	0.000000	0.130915
0.000000	0.130915	0.000000	0.131311
0.000000	0.131311	0.000000	0.132127
0.000000	0.132127	0.000000	0.132595
0.000000	0.132595	0.000000	0.132894
0.000000	0.132894	0.000000	0.132790
0.000000	0.132790	0.000000	0.132262
0.000000	0.132262	0.000000	0.132015
0.000000	0.132015	0.000000	0.132711
0.000000	0.132711	0.000000	0.132977
0.000000	0.132977	0.000000	0.133371
0.000000	0.133371	0.000000	0.133540
0.000000	0.133540	0.000000	0.132766
0.000000	0.132766	0.000000	0.133063
0.000000	0.133063	0.000000	0.133343
0.000000	0.133343	0.000000	0.132652
0.000000	0.132652	0.000000	0.132895
0.000000	0.132895	0.000000	0.133014
0.000000	0.133014	0.000000	0.133353
0.350415	0.150006	0.048243	0.138174
0.048243	0.138174	0.013155	0.125950
0.013155	0.125950	0.006582	0.119348
0.006582	0.119348	0.004446	0.116542
0.004446	0.116542	0.003555	0.115692
0.003555	0.115692	0.002788	0.114839
0.002788	0.114839	0.002421	0.114424
0.002421	0.114424	0.002066	0.114843
0.002066	0.114843	0.001586	0.113154
0.001586	0.113154	0.001316	0.111994
0.001316	0.111994	0.001100	0.111976
0.001100	0.111976	0.000846	0.112250
0.000846	0.112250	0.000679	0.112228
0.000679	0.112228	0.000550	0.112809
0.000550	0.112809	0.000488	0.112918
0.000488	0.112918	0.000345	0.113267
0.000345	0.113267	0.000249	0.112170
0.000249	0.112170	0.000211	0.111476
0.000211	0.111476	0.000186	0.111862
0.000186	0.111862	0.000214	0.111809
0.000214	0.111809	0.000258	0.111180
0.000258	0.111180	0.000222	0.110097
0.000222	0.110097	0.000178	0.109759
0.000178	0.109759	0.000168	0.109308
0.000168	0.109308	0.000130	0.110043
0.000130	0.110043	0.000093	0.110618
0.000093	0.110618	0.000047	0.111483
0.000047	0.111483	0.000024	0.111373
0.000024	0.111373	0.000027	0.111151
0.000027	0.111151	0.000045	0.111488
0.000045	0.111488	0.000029	0.111895
0.000029	0.111895	0.000015	0.112918
0.000015	0.112918	0.000005	0.113628
0.000005	0.113628	0.000000	0.113529
0.000000	0.113529	0.000000	0.113819
0.000000	0.113819	0.000000	0.113301
0.000000	0.113301	0.000000	0.113714
0.000000	0.113714	0.000000	0.113960
0.000000	0.113960	0.000000	0.114473
0.000000	0.114473	0.000000	0.113892
0.000000	0.113892	0.000000	0.114298
0.000000	0.114298	0.000000	0.113430
0.000000	0.113430	0.000000	0.113445
0.000000	0.113445	0.000000	0.112716
0.000000	0.112716	0.000000	0.112139
0.000000	0.112139	0.000000	0.111079
0.000000	0.111079	0.000000	0.110774
0.000000	0.110774	0.000000	0.111339
0.000000	0.111339	0.000000	0.112053
0.000000	0.112053	0.000000	0.112524
0.000000	0.112524	0.000000	0.112761
0.000000	0.112761	0.000000	0.112059
0.000000	0.112059	0.000000	0.111840
0.000000	0.111840	0.000000	0.111777
0.000000	0.111777	0.000000	0.112018
0.000000	0.112018	0.000000	0.112258
0.000000	0.112258	0.000000	0.112304
0.000000	0.112304	0.000000	0.112530
0.000000	0.112530	0.000000	0.112132
0.000000	0.112132	0.000000	0.111917
0.000000	0.111917	0.000000	0.112085
0.000000	0.112085	0.000000	0.112081
0.000000	0.112081	0.000000	0.111805
0.000000	0.111805	0.000000	0.111779
0.000000	0.111779	0.000000	0.113059
0.000000	0.113059	0.000000	0.111852
0.000000	0.111852	0.000000	0.110635
0.000000	0.110635	0.000000	0.110260
0.000000	0.110260	0.000000	0.110746
0.000000	0.110746	0.000000	0.110983
0.000000	0.110983	0.000000	0.111141
0.000000	0.111141	0.000000	0.111370
0.000000	0.111370	0.000000	0.111655
0.000000	0.111655	0.000000	0.110929
0.000000	0.110929	0.000000	0.111490
0.000000	0.111490	0.000000	0.111439
0.000000	0.111439	0.000000	0.111370
0.000000	0.111370	0.000000	0.111769
0.000000	0.111769	0.000000	0.111546
0.000000	0.111546	0.000000	0.111471
0.000000	0.111471	0.000000	0.111572
0.000000	0.111572	0.000000	0.111700
0.000000	0.111700	0.000000	0.111486
0.000000	0.111486	0.000000	0.112116
0.000000	0.112116	0.000000	0.112863
0.000000	0.112863	0.000000	0.114109
0.000000	0.114109	0.000000	0.114548
0.000000	0.114548	0.000000	0.115503
0.000000	0.115503	0.000000	0.115767
0.000000	0.115767	0.000000	0.115265
0.000000	0.115265	0.000000	0.114958
0.000000	0.114958	0.000000	0.115469
0.000000	0.115469	0.000000	0.114605
0.000000	0.114605	0.000000	0.115477
0.000000	0.115477	0.000000	0.114722
0.000000	0.114722	0.000000	0.115021
0.000000	0.115021	0.000000	0.115897
0.000000	0.115897	0.000000	0.116810
0.000000	0.116810	0.000000	0.117239
0.000000	0.117239	0.000000	0.117526
0.000000	0.117526	0.000000	0.116368
0.000000	0.116368	0.000000	0.116561
0.000000	0.116561	0.000000	0.116511
0.000000	0.116511	0.000000	0.116231
0.000000	0.116231	0.000000	0.115583
0.000000	0.115583	0.000000	0.115559
0.000000	0.115559	0.000000	0.116258
0.000000	0.116258	0.000000	0.115039
0.000000	0.115039	0.000000	0.114258
0.000000	0.114258	0.000000	0.114808
0.000000	0.114808	0.000000	0.114964
0.000000	0.114964	0.000000	0.115813
0.000000	0.115813	0.000000	0.116426
0.000000	0.116426	0.000000	0.115976
0.000000	0.115976	0.000000	0.116010
0.000000	0.116010	0.000000	0.115836
0.000000	0.115836	0.000000	0.115611
0.000000	0.115611	0.000000	0.115252
0.000000	0.115252	0.000000	0.115633
0.000000	0.115633	0.000000	0.115136
0.000000	0.115136	0.000000	0.114629
0.000000	0.114629	0.000000	0.114876
0.000000	0.114876	0.000000	0.115614
0.000000	0.115614	0.000000	0.116538
0.000000	0.116538	0.000000	0.115969
0.000000	0.115969	0.000000	0.115895
0.000000	0.115895	0.000000	0.116412
0.000000	0.116412	0.000000	0.115539
0.000000	0.115539	0.000000	0.116156
0.000000	0.116156	0.000000	0.116119
0.000000	0.116119	0.000000	0.114715
0.000000	0.114715	0.000000	0.115322
0.000000	0.115322	0.000000	0.114642
0.000000	0.114642	0.000000	0.114536
0.000000	0.114536	0.000000	0.114278
0.000000	0.114278	0.000000	0.113944
0.000000	0.113944	0.000000	0.113216
0.000000	0.113216	0.000000	0.113265
0.000000	0.113265	0.000000	0.112894
0.000000	0.112894	0.000000	0.112950
0.000000	0.112950	0.000000	0.112912
0.000000	0.112912	0.000000	0.112633
0.000000	0.112633	0.000000	0.112793
0.000000	0.112793	0.000000	0.112483
0.000000	0.112483	0.000000	0.112728
0.000000	0.112728	0.000000	0.113538
0.000000	0.113538	0.000000	0.113293
0.000000	0.113293	0.000000	0.112966
0.000000	0.112966	0.000000	0.112169
0.000000	0.112169	0.000000	0.111624
0.000000	0.111624	0.000000	0.112011
0.000000	0.112011	0.000000	0.111825
0.000000	0.111825	0.000000	0.111420
0.000000	0.111420	0.000000	0.112029
0.000000	0.112029	0.000000	0.111252
0.000000	0.111252	0.000000	0.111617
0.000000	0.111617	0.000000	0.111784
0.000000	0.111784	0.000000	0.113351
0.000000	0.113351	0.000000	0.113246
0.000000	0.113246	0.000000	0.112880
0.000000	0.112880	0.000000	0.112813
0.000000	0.112813	0.000000	0.112822
0.000000	0.112822	0.000000	0.112202
0.000000	0.112202	0.000000	0.112786
0.000000	0.112786	0.000000	0.113118
0.000000	0.113118	0.000000	0.114037
0.000000	0.114037	0.000000	0.113795
0.000000	0.113795	0.000000	0.112950
0.000000	0.112950	0.000000	0.112837
0.000000	0.112837	0.000000	0.112802
0.000000	0.112802	0.000000	0.113245
0.000000	0.113245	0.000000	0.112714
0.000000	0.112714	0.000000	0.113973
0.000000	0.113973	0.000000	0.114400
0.000000	0.114400	0.000000	0.113870
0.000000	0.113870	0.000000	0.114051
0.000000	0.114051	0.000000	0.114188
0.000000	0.114188	0.000000	0.113813
0.000000	0.113813	0.000000	0.113636
0.000000	0.113636	0.000000	0.113041
0.000000	0.113041	0.000000	0.113588
0.000000	0.113588	0.000000	0.113210
0.000000	0.113210	0.000000	0.113127
0.000000	0.113127	0.000000	0.114294
0.000000	0.114294	0.000000	0.114811
0.000000	0.114811	0.000000	0.113677
0.000000	0.113677	0.000000	0.113822
0.000000	0.113822	0.000000	0.113716
0.000000	0.113716	0.000000	0.113619
0.000000	0.113619	0.000000	0.113990
0.000000	0.113990	0.000000	0.113431
0.000000	0.113431	0.000000	0.113694
0.000000	0.113694	0.000000	0.112495
0.000000	0.112495	0.000000	0.111115
0.000000	0.111115	0.000000	0.110989
0.000000	0.110989	0.000000	0.110725
0.000000	0.110725	0.000000	0.110304
0.000000	0.110304	0.000000	0.110362
0.000000	0.110362	0.000000	0.110233
0.349545	0.099817	0.026846	0.091815
0.026846	0.091815	0.004712	0.085015
0.004712	0.085015	0.001868	0.082984
0.001868	0.082984	0.001023	0.081624
0.001023	0.081624	0.000750	0.081230
0.000750	0.081230	0.000457	0.081514
0.000457	0.081514	0.000406	0.080306
0.000406	0.080306	0.000356	0.080836
0.000356	0.080836	0.000299	0.080361
0.000299	0.080361	0.000303	0.080977
0.000303	0.080977	0.000219	0.080685
0.000219	0.080685	0.000121	0.079812
0.000121	0.079812	0.000140	0.080425
0.000140	0.080425	0.000114	0.080613
0.000114	0.080613	0.000098	0.079627
0.000098	0.079627	0.000065	0.080238
0.000065	0.080238	0.000061	0.079335
0.000061	0.079335	0.000045	0.080110
0.000045	0.080110	0.000051	0.079724
0.000051	0.079724	0.000015	0.079573
0.000015	0.079573	0.000003	0.078501
0.000003	0.078501	0.000005	0.078682
0.000005	0.078682	0.000001	0.079172
0.000001	0.079172	0.000000	0.078882
0.000000	0.078882	0.000000	0.079403
0.000000	0.079403	0.000000	0.079195
0.000000	0.079195	0.000000	0.079091
0.000000	0.079091	0.000000	0.079245
0.000000	0.079245	0.000000	0.078985
0.000000	0.078985	0.000000	0.079752
0.000000	0.079752	0.000000	0.079279
0.000000	0.079279	0.000000	0.079126
0.000000	0.079126	0.000000	0.078799
0.000000	0.078799	0.000000	0.078240
0.000000	0.078240	0.000000	0.077653
0.000000	0.077653	0.000000	0.078292
0.000000	0.078292	0.000000	0.077453
0.000000	0.077453	0.000000	0.077461
0.000000	0.077461	0.000000	0.078304
0.000000	0.078304	0.000000	0.078200
0.000000	0.078200	0.000000	0.078284
0.000000	0.078284	0.000000	0.078343
0.000000	0.078343	0.000000	0.078895
0.000000	0.078895	0.000000	0.079473
0.000000	0.079473	0.000000	0.079667
0.000000	0.079667	0.000000	0.079841
0.000000	0.079841	0.000000	0.079016
0.000000	0.079016	0.000000	0.079903
0.000000	0.079903	0.000000	0.079766
0.000000	0.079766	0.000000	0.079581
0.000000	0.079581	0.000000	0.079815
0.000000	0.079815	0.000000	0.079511
0.000000	0.079511	0.000000	0.079523
0.000000	0.079523	0.000000	0.079596
0.000000	0.079596	0.000000	0.078837
0.000000	0.078837	0.000000	0.078861
0.000000	0.078861	0.000000	0.078961
0.000000	0.078961	0.000000	0.078907
0.000000	0.078907	0.000000	0.079303
0.000000	0.079303	0.000000	0.079730
0.000000	0.079730	0.000000	0.078701
0.000000	0.078701	0.000000	0.079003
0.000000	0.079003	0.000000	0.079491
0.000000	0.079491	0.000000	0.079416
0.000000	0.079416	0.000000	0.079145
0.000000	0.079145	0.000000	0.079799
0.000000	0.079799	0.000000	0.080049
0.000000	0.080049	0.000000	0.079478
0.000000	0.079478	0.000000	0.080185
0.000000	0.080185	0.000000	0.080526
0.000000	0.080526	0.000000	0.080418
0.000000	0.080418	0.000000	0.079704
0.000000	0.079704	0.000000	0.079147
0.000000	0.079147	0.000000	0.079674
0.000000	0.079674	0.000000	0.080056
0.000000	0.080056	0.000000	0.080186
0.000000	0.080186	0.000000	0.079889
0.000000	0.079889	0.000000	0.079243
0.000000	0.079243	0.000000	0.079450
0.000000	0.079450	0.000000	0.079549
0.000000	0.079549	0.000000	0.078824
0.000000	0.078824	0.000000	0.078518
0.000000	0.078518	0.000000	0.078240
0.000000	0.078240	0.000000	0.078232
0.000000	0.078232	0.000000	0.078073
0.000000	0.078073	0.000000	0.078037
0.000000	0.078037	0.000000	0.078244
0.000000	0.078244	0.000000	0.078805
0.000000	0.078805	0.000000	0.079037
0.000000	0.079037	0.000000	0.078472
0.000000	0.078472	0.000000	0.078470
0.000000	0.078470	0.000000	0.078518
0.000000	0.078518	0.000000	0.078264
0.000000	0.078264	0.000000	0.078281
0.000000	0.078281	0.000000	0.078265
0.000000	0.078265	0.000000	0.078489
0.000000	0.078489	0.000000	0.077832
0.000000	0.077832	0.000000	0.077170
0.000000	0.077170	0.000000	0.076505
0.000000	0.076505	0.000000	0.076424
0.000000	0.076424	0.000000	0.076727
0.000000	0.076727	0.000000	0.076743
0.000000	0.076743	0.000000	0.075646
0.000000	0.075646	0.000000	0.075765
0.000000	0.075765	0.000000	0.075765
0.000000	0.075765	0.000000	0.075471
0.000000	0.075471	0.000000	0.075631
0.000000	0.075631	0.000000	0.076455
0.000000	0.076455	0.000000	0.076275
0.000000	0.076275	0.000000	0.076954
0.000000	0.076954	0.000000	0.077510
0.000000	0.077510	0.000000	0.077073
0.000000	0.077073	0.000000	0.076988
0.000000	0.076988	0.000000	0.077726
0.000000	0.077726	0.000000	0.078085
0.000000	0.078085	0.000000	0.077319
0.000000	0.077319	0.000000	0.077583
0.000000	0.077583	0.000000	0.076914
0.000000	0.076914	0.000000	0.076361
0.000000	0.076361	0.000000	0.076492
0.000000	0.076492	0.000000	0.076046
0.000000	0.076046	0.000000	0.075955
0.000000	0.075955	0.000000	0.075711
0.000000	0.075711	0.000000	0.074940
0.000000	0.074940	0.000000	0.073963
0.000000	0.073963	0.000000	0.074308
0.000000	0.074308	0.000000	0.074573
0.000000	0.074573	0.000000	0.074772
0.000000	0.074772	0.000000	0.074510
0.000000	0.074510	0.000000	0.074195
0.000000	0.074195	0.000000	0.075114
0.000000	0.075114	0.000000	0.076359
0.000000	0.076359	0.000000	0.076939
0.000000	0.076939	0.000000	0.076873
0.000000	0.076873	0.000000	0.077040
0.000000	0.077040	0.000000	0.077084
0.000000	0.077084	0.000000	0.076885
0.000000	0.076885	0.000000	0.077574
0.000000	0.077574	0.000000	0.078572
0.000000	0.078572	0.000000	0.078353
0.000000	0.078353	0.000000	0.077778
0.000000	0.077778	0.000000	0.078488
0.000000	0.078488	0.000000	0.078071
0.000000	0.078071	0.000000	0.078105
0.000000	0.078105	0.000000	0.077788
0.000000	0.077788	0.000000	0.077499
0.000000	0.077499	0.000000	0.078057
0.000000	0.078057	0.000000	0.077369
0.000000	0.077369	0.000000	0.076678
0.000000	0.076678	0.000000	0.076442
0.000000	0.076442	0.000000	0.076328
0.000000	0.076328	0.000000	0.076591
0.000000	0.076591	0.000000	0.076332
0.000000	0.076332	0.000000	0.077047
0.000000	0.077047	0.000000	0.077232
0.000000	0.077232	0.000000	0.076653
0.000000	0.076653	0.000000	0.076940
0.000000	0.076940	0.000000	0.076703
0.000000	0.076703	0.000000	0.076854
0.000000	0.076854	0.000000	0.076664
0.000000	0.076664	0.000000	0.077540
0.000000	0.077540	0.000000	0.076931
0.000000	0.076931	0.000000	0.077220
0.000000	0.077220	0.000000	0.077717
0.000000	0.077717	0.000000	0.077676
0.000000	0.077676	0.000000	0.078164
0.000000	0.078164	0.000000	0.077444
0.000000	0.077444	0.000000	0.076181
0.000000	0.076181	0.000000	0.076155
0.000000	0.076155	0.000000	0.075422
0.000000	0.075422	0.000000	0.075860
0.000000	0.075860	0.000000	0.075549
0.000000	0.075549	0.000000	0.075728
0.000000	0.075728	0.000000	0.076411
0.000000	0.076411	0.000000	0.074849
0.000000	0.074849	0.000000	0.073904
0.000000	0.073904	0.000000	0.074032
0.000000	0.074032	0.000000	0.074146
0.000000	0.074146	0.000000	0.075241
0.000000	0.075241	0.000000	0.075036
0.000000	0.075036	0.000000	0.075150
0.000000	0.075150	0.000000	0.074285
0.000000	0.074285	0.000000	0.073638
0.000000	0.073638	0.000000	0.072789
0.000000	0.072789	0.000000	0.074271
0.000000	0.074271	0.000000	0.073221
0.000000	0.073221	0.000000	0.073284
0.000000	0.073284	0.000000	0.073192
0.000000	0.073192	0.000000	0.072474
0.000000	0.072474	0.000000	0.071853
0.000000	0.071853	0.000000	0.071145
0.000000	0.071145	0.000000	0.070449
0.000000	0.070449	0.000000	0.070034
0.000000	0.070034	0.000000	0.070260
0.000000	0.070260	0.000000	0.070267
0.000000	0.070267	0.000000	0.070427
0.000000	0.070427	0.000000	0.070995
0.000000	0.070995	0.000000	0.071150
0.000000	0.071150	0.000000	0.071690
0.349273	0.050206	0.013469	0.045133
0.013469	0.045133	0.001043	0.043341
0.001043	0.043341	0.000222	0.042838
0.000222	0.042838	0.000055	0.043465
0.000055	0.043465	0.000042	0.043224
0.000042	0.043224	0.000031	0.043313
0.000031	0.043313	0.000019	0.043661
0.000019	0.043661	0.000019	0.043667
0.000019	0.043667	0.000024	0.043155
0.000024	0.043155	0.000007	0.042974
0.000007	0.042974	0.000000	0.042868
0.000000	0.042868	0.000000	0.042807
0.000000	0.042807	0.000000	0.042214
0.000000	0.042214	0.000000	0.042569
0.000000	0.042569	0.000000	0.042669
0.000000	0.042669	0.000000	0.043006
0.000000	0.043006	0.000000	0.042622
0.000000	0.042622	0.000000	0.042266
0.000000	0.042266	0.000000	0.042622
0.000000	0.042622	0.000000	0.043005
0.000000	0.043005	0.000000	0.042889
0.000000	0.042889	0.000000	0.042645
0.000000	0.042645	0.000000	0.042515
0.000000	0.042515	0.000000	0.042459
0.000000	0.042459	0.000000	0.042151
0.000000	0.042151	0.000000	0.042130
0.000000	0.042130	0.000000	0.042493
0.000000	0.042493	0.000000	0.042021
0.000000	0.042021	0.000000	0.041745
0.000000	0.041745	0.000000	0.042125
0.000000	0.042125	0.000000	0.041390
0.000000	0.041390	0.000000	0.041636
0.000000	0.041636	0.000000	0.041513
0.000000	0.041513	0.000000	0.041472
0.000000	0.041472	0.000000	0.041825
0.000000	0.041825	0.000000	0.042009
0.000000	0.042009	0.000000	0.041280
0.000000	0.041280	0.000000	0.041016
0.000000	0.041016	0.000000	0.041609
0.000000	0.041609	0.000000	0.041794
0.000000	0.041794	0.000000	0.041499
0.000000	0.041499	0.000000	0.041557
0.000000	0.041557	0.000000	0.041577
0.000000	0.041577	0.000000	0.041733
0.000000	0.041733	0.000000	0.042397
0.000000	0.042397	0.000000	0.042384
0.000000	0.042384	0.000000	0.042239
0.000000	0.042239	0.000000	0.042354
0.000000	0.042354	0.000000	0.042253
0.000000	0.042253	0.000000	0.042305
0.000000	0.042305	0.000000	0.042182
0.000000	0.042182	0.000000	0.041649
0.000000	0.041649	0.000000	0.041786
0.000000	0.041786	0.000000	0.042222
0.000000	0.042222	0.000000	0.041812
0.000000	0.041812	0.000000	0.042186
0.000000	0.042186	0.000000	0.042310
0.000000	0.042310	0.000000	0.042095
0.000000	0.042095	0.000000	0.042489
0.000000	0.042489	0.000000	0.042331
0.000000	0.042331	0.000000	0.043146
0.000000	0.043146	0.000000	0.043585
0.000000	0.043585	0.000000	0.043314
0.000000	0.043314	0.000000	0.043400
0.000000	0.043400	0.000000	0.043605
0.000000	0.043605	0.000000	0.044257
0.000000	0.044257	0.000000	0.044525
0.000000	0.044525	0.000000	0.044564
0.000000	0.044564	0.000000	0.044640
0.000000	0.044640	0.000000	0.043676
0.000000	0.043676	0.000000	0.043394
0.000000	0.043394	0.000000	0.043430
0.000000	0.043430	0.000000	0.043511
0.000000	0.043511	0.000000	0.043447
0.000000	0.043447	0.000000	0.043377
0.000000	0.043377	0.000000	0.043452
0.000000	0.043452	0.000000	0.042794
0.000000	0.042794	0.000000	0.042630
0.000000	0.042630	0.000000	0.042745
0.000000	0.042745	0.000000	0.042427
0.000000	0.042427	0.000000	0.042387
0.000000	0.042387	0.000000	0.043106
0.000000	0.043106	0.000000	0.043369
0.000000	0.043369	0.000000	0.042981
0.000000	0.042981	0.000000	0.042860
0.000000	0.042860	0.000000	0.042718
0.000000	0.042718	0.000000	0.042482
0.000000	0.042482	0.000000	0.042345
0.000000	0.042345	0.000000	0.042366
0.000000	0.042366	0.000000	0.042671
0.000000	0.042671	0.000000	0.043351
0.000000	0.043351	0.000000	0.043429
0.000000	0.043429	0.000000	0.042964
0.000000	0.042964	0.000000	0.043187
0.000000	0.043187	0.000000	0.043383
0.000000	0.043383	0.000000	0.043448
0.000000	0.043448	0.000000	0.043522
0.000000	0.043522	0.000000	0.042909
0.000000	0.042909	0.000000	0.043560
0.000000	0.043560	0.000000	0.042749
0.000000	0.042749	0.000000	0.042217
0.000000	0.042217	0.000000	0.042561
0.000000	0.042561	0.000000	0.042756
0.000000	0.042756	0.000000	0.042857
0.000000	0.042857	0.000000	0.042529
0.000000	0.042529	0.000000	0.042226
0.000000	0.042226	0.000000	0.043002
0.000000	0.043002	0.000000	0.043258
0.000000	0.043258	0.000000	0.043984
0.000000	0.043984	0.000000	0.043146
0.000000	0.043146	0.000000	0.043290
0.000000	0.043290	0.000000	0.043190
0.000000	0.043190	0.000000	0.043170
0.000000	0.043170	0.000000	0.043487
0.000000	0.043487	0.000000	0.043368
0.000000	0.043368	0.000000	0.043195
0.000000	0.043195	0.000000	0.043571
0.000000	0.043571	0.000000	0.043950
0.000000	0.043950	0.000000	0.044244
0.000000	0.044244	0.000000	0.044462
0.000000	0.044462	0.000000	0.044622
0.000000	0.044622	0.000000	0.044712
0.000000	0.044712	0.000000	0.044427
0.000000	0.044427	0.000000	0.044548
0.000000	0.044548	0.000000	0.044295
0.000000	0.044295	0.000000	0.044662
0.000000	0.044662	0.000000	0.044123
0.000000	0.044123	0.000000	0.044604
0.000000	0.044604	0.000000	0.044937
0.000000	0.044937	0.000000	0.044187
0.000000	0.044187	0.000000	0.043848
0.000000	0.043848	0.000000	0.044182
0.000000	0.044182	0.000000	0.044734
0.000000	0.044734	0.000000	0.044887
0.000000	0.044887	0.000000	0.044620
0.000000	0.044620	0.000000	0.044524
0.000000	0.044524	0.000000	0.043823
0.000000	0.043823	0.000000	0.043577
0.000000	0.043577	0.000000	0.043345
0.000000	0.043345	0.000000	0.043241
0.000000	0.043241	0.000000	0.043574
0.000000	0.043574	0.000000	0.043321
0.000000	0.043321	0.000000	0.042618
0.000000	0.042618	0.000000	0.042090
0.000000	0.042090	0.000000	0.041822
0.000000	0.041822	0.000000	0.042308
0.000000	0.042308	0.000000	0.042235
0.000000	0.042235	0.000000	0.042497
0.000000	0.042497	0.000000	0.042560
0.000000	0.042560	0.000000	0.042153
0.000000	0.042153	0.000000	0.041960
0.000000	0.041960	0.000000	0.041666
0.000000	0.041666	0.000000	0.041751
0.000000	0.041751	0.000000	0.041449
0.000000	0.041449	0.000000	0.041234
0.000000	0.041234	0.000000	0.041570
0.000000	0.041570	0.000000	0.041716
0.000000	0.041716	0.000000	0.042005
0.000000	0.042005	0.000000	0.042723
0.000000	0.042723	0.000000	0.043229
0.000000	0.043229	0.000000	0.043211
0.000000	0.043211	0.000000	0.042813
0.000000	0.042813	0.000000	0.042555
0.000000	0.042555	0.000000	0.042496
0.000000	0.042496	0.000000	0.042480
0.000000	0.042480	0.000000	0.042386
0.000000	0.042386	0.000000	0.042298
0.000000	0.042298	0.000000	0.042813
0.000000	0.042813	0.000000	0.042478
0.000000	0.042478	0.000000	0.042011
0.000000	0.042011	0.000000	0.042585
0.000000	0.042585	0.000000	0.041853
0.000000	0.041853	0.000000	0.042184
0.000000	0.042184	0.000000	0.041824
0.000000	0.041824	0.000000	0.041983
0.000000	0.041983	0.000000	0.042229
0.000000	0.042229	0.000000	0.042972
0.000000	0.042972	0.000000	0.042696
0.000000	0.042696	0.000000	0.042086
0.000000	0.042086	0.000000	0.042182
0.000000	0.042182	0.000000	0.042605
0.000000	0.042605	0.000000	0.042911
0.000000	0.042911	0.000000	0.042221
0.000000	0.042221	0.000000	0.041869
0.000000	0.041869	0.000000	0.041294
0.000000	0.041294	0.000000	0.042067
0.000000	0.042067	0.000000	0.042242
0.000000	0.042242	0.000000	0.042875
0.000000	0.042875	0.000000	0.042540
0.000000	0.042540	0.000000	0.041771
0.000000	0.041771	0.000000	0.041469
0.000000	0.041469	0.000000	0.040950
0.000000	0.040950	0.000000	0.040734
0.000000	0.040734	0.000000	0.040126
0.000000	0.040126	0.000000	0.040422
0.000000	0.040422	0.000000	0.040277
0.000000	0.040277	0.000000	0.040656
0.000000	0.040656	0.000000	0.040727
0.000000	0.040727	0.000000	0.040865
