0.350419	0.449089	0.452305	0.454122
0.452305	0.454122	0.478283	0.461703
0.478283	0.461703	0.478474	0.463874
0.478474	0.463874	0.473470	0.463225
0.473470	0.463225	0.468529	0.461647
0.468529	0.461647	0.462304	0.456966
0.462304	0.456966	0.458604	0.454889
0.458604	0.454889	0.452380	0.449744
0.452380	0.449744	0.446387	0.444636
0.446387	0.444636	0.442174	0.440845
0.442174	0.440845	0.436618	0.435740
0.436618	0.435740	0.430909	0.430448
0.430909	0.430448	0.425187	0.424900
0.425187	0.424900	0.420492	0.420218
0.420492	0.420218	0.417390	0.417161
0.417390	0.417161	0.413452	0.413400
0.413452	0.413400	0.409708	0.409708
0.409708	0.409708	0.405195	0.405300
0.405195	0.405300	0.401197	0.401306
0.401197	0.401306	0.396699	0.396737
0.396699	0.396737	0.393979	0.394058
0.393979	0.394058	0.391748	0.391811
0.391748	0.391811	0.387786	0.387804
0.387786	0.387804	0.384637	0.384647
0.384637	0.384647	0.380303	0.380354
0.380303	0.380354	0.377704	0.377694
0.377704	0.377694	0.374343	0.374405
0.374343	0.374405	0.371535	0.371581
0.371535	0.371581	0.368670	0.368749
0.368670	0.368749	0.366445	0.366542
0.366445	0.366542	0.363660	0.363741
0.363660	0.363741	0.360840	0.360953
0.360840	0.360953	0.357697	0.357821
0.357697	0.357821	0.353892	0.354004
0.353892	0.354004	0.351603	0.351647
0.351603	0.351647	0.348569	0.348634
0.348569	0.348634	0.346149	0.346202
0.346149	0.346202	0.343539	0.343587
0.343539	0.343587	0.340724	0.340745
0.340724	0.340745	0.338010	0.338094
0.338010	0.338094	0.334934	0.335049
0.334934	0.335049	0.331773	0.331911
0.331773	0.331911	0.328423	0.328602
0.328423	0.328602	0.325138	0.325371
0.325138	0.325371	0.322822	0.323078
0.322822	0.323078	0.319985	0.320206
0.319985	0.320206	0.316787	0.317012
0.316787	0.317012	0.314564	0.314723
0.314564	0.314723	0.311689	0.311807
0.311689	0.311807	0.308693	0.308800
0.308693	0.308800	0.306619	0.306712
0.306619	0.306712	0.304216	0.304288
0.304216	0.304288	0.302078	0.302153
0.302078	0.302153	0.299258	0.299333
0.299258	0.299333	0.295873	0.295935
0.295873	0.295935	0.293228	0.293266
0.293228	0.293266	0.290822	0.290841
0.290822	0.290841	0.288075	0.288089
0.288075	0.288089	0.284979	0.284983
0.284979	0.284983	0.282146	0.282147
0.282146	0.282147	0.279110	0.279110
0.279110	0.279110	0.276561	0.276561
0.276561	0.276561	0.273224	0.273224
0.273224	0.273224	0.270983	0.270983
0.270983	0.270983	0.267953	0.267953
0.267953	0.267953	0.265106	0.265106
0.265106	0.265106	0.262542	0.262542
0.262542	0.262542	0.259722	0.259722
0.259722	0.259722	0.256522	0.256522
0.256522	0.256522	0.253978	0.253978
0.253978	0.253978	0.250814	0.250814
0.250814	0.250814	0.248138	0.248138
0.248138	0.248138	0.245135	0.245135
0.245135	0.245135	0.242949	0.242949
0.242949	0.242949	0.240668	0.240668
0.240668	0.240668	0.238258	0.238258
0.238258	0.238258	0.236094	0.236094
0.236094	0.236094	0.233056	0.233056
0.233056	0.233056	0.230722	0.230722
0.230722	0.230722	0.227753	0.227753
0.227753	0.227753	0.225292	0.225292
0.225292	0.225292	0.222957	0.222957
0.222957	0.222957	0.221155	0.221155
0.221155	0.221155	0.218581	0.218581
0.218581	0.218581	0.216333	0.216333
0.216333	0.216333	0.213704	0.213704
0.213704	0.213704	0.210734	0.210734
0.210734	0.210734	0.208761	0.208761
0.208761	0.208761	0.206406	0.206406
0.206406	0.206406	0.203732	0.203732
0.203732	0.203732	0.200905	0.200905
0.200905	0.200905	0.199529	0.199529
0.199529	0.199529	0.196643	0.196643
0.196643	0.196643	0.194189	0.194189
0.194189	0.194189	0.192737	0.192737
0.192737	0.192737	0.189926	0.189926
0.189926	0.189926	0.186940	0.186940
0.186940	0.186940	0.184511	0.184511
0.184511	0.184511	0.182318	0.182318
0.182318	0.182318	0.180086	0.180086
0.180086	0.180086	0.177892	0.177892
0.177892	0.177892	0.175469	0.175469
0.175469	0.175469	0.173164	0.173164
0.173164	0.173164	0.169974	0.169974
0.169974	0.169974	0.167629	0.167629
0.167629	0.167629	0.164845	0.164845
0.164845	0.164845	0.161826	0.161826
0.161826	0.161826	0.159406	0.159406
0.159406	0.159406	0.157012	0.157012
0.157012	0.157012	0.155117	0.155117
0.155117	0.155117	0.152855	0.152855
0.152855	0.152855	0.150203	0.150203
0.150203	0.150203	0.148394	0.148394
0.148394	0.148394	0.146157	0.146157
0.146157	0.146157	0.143881	0.143881
0.143881	0.143881	0.141816	0.141816
0.141816	0.141816	0.140488	0.140488
0.140488	0.140488	0.138717	0.138717
0.138717	0.138717	0.136457	0.136457
0.136457	0.136457	0.134605	0.134605
0.134605	0.134605	0.132772	0.132772
0.132772	0.132772	0.130876	0.130876
0.130876	0.130876	0.128787	0.128787
0.128787	0.128787	0.126548	0.126548
0.126548	0.126548	0.124601	0.124601
0.124601	0.124601	0.122121	0.122121
0.122121	0.122121	0.120015	0.120015
0.120015	0.120015	0.117706	0.117706
0.117706	0.117706	0.115592	0.115592
0.115592	0.115592	0.113786	0.113786
0.113786	0.113786	0.111878	0.111878
0.111878	0.111878	0.109645	0.109645
0.109645	0.109645	0.107687	0.107687
0.107687	0.107687	0.105855	0.105855
0.105855	0.105855	0.104093	0.104093
0.104093	0.104093	0.102689	0.102689
0.102689	0.102689	0.100992	0.100992
0.100992	0.100992	0.098964	0.098964
0.098964	0.098964	0.097181	0.097181
0.097181	0.097181	0.095553	0.095553
0.095553	0.095553	0.093984	0.093984
0.093984	0.093984	0.092671	0.092671
0.092671	0.092671	0.091339	0.091339
0.091339	0.091339	0.089706	0.089706
0.089706	0.089706	0.088322	0.088322
0.088322	0.088322	0.086240	0.086240
0.086240	0.086240	0.084717	0.084717
0.084717	0.084717	0.083127	0.083127
0.083127	0.083127	0.082100	0.082100
0.082100	0.082100	0.080481	0.080481
0.080481	0.080481	0.078732	0.078732
0.078732	0.078732	0.077541	0.077541
0.077541	0.077541	0.076109	0.076109
0.076109	0.076109	0.074625	0.074625
0.074625	0.074625	0.073489	0.073489
0.073489	0.073489	0.072290	0.072290
0.072290	0.072290	0.071315	0.071315
0.071315	0.071315	0.070077	0.070077
0.070077	0.070077	0.068643	0.068643
0.068643	0.068643	0.067489	0.067489
0.067489	0.067489	0.066321	0.066321
0.066321	0.066321	0.064971	0.064971
0.064971	0.064971	0.063492	0.063492
0.063492	0.063492	0.062544	0.062544
0.062544	0.062544	0.061492	0.061492
0.061492	0.061492	0.060431	0.060431
0.060431	0.060431	0.059158	0.059158
0.059158	0.059158	0.058180	0.058180
0.058180	0.058180	0.057229	0.057229
0.057229	0.057229	0.056153	0.056153
0.056153	0.056153	0.055139	0.055139
0.055139	0.055139	0.054065	0.054065
0.054065	0.054065	0.053093	0.053093
0.053093	0.053093	0.052000	0.052000
0.052000	0.052000	0.051079	0.051079
0.051079	0.051079	0.050436	0.050436
0.050436	0.050436	0.049277	0.049277
0.049277	0.049277	0.048408	0.048408
0.048408	0.048408	0.047349	0.047349
0.047349	0.047349	0.046107	0.046107
0.046107	0.046107	0.044907	0.044907
0.044907	0.044907	0.043606	0.043606
0.043606	0.043606	0.042388	0.042388
0.042388	0.042388	0.041512	0.041512
0.041512	0.041512	0.040623	0.040623
0.040623	0.040623	0.040037	0.040037
0.040037	0.040037	0.038897	0.038897
0.038897	0.038897	0.038134	0.038134
0.038134	0.038134	0.037167	0.037167
0.037167	0.037167	0.036452	0.036452
0.036452	0.036452	0.035723	0.035723
0.035723	0.035723	0.034600	0.034600
0.034600	0.034600	0.033644	0.033644
0.033644	0.033644	0.033051	0.033051
0.033051	0.033051	0.032426	0.032426
0.032426	0.032426	0.031553	0.031553
0.031553	0.031553	0.030979	0.030979
0.030979	0.030979	0.030140	0.030140
0.030140	0.030140	0.029503	0.029503
0.351021	0.400010	0.382062	0.401804
0.382062	0.401804	0.391482	0.407007
0.391482	0.407007	0.395803	0.411428
0.395803	0.411428	0.399409	0.411713
0.399409	0.411713	0.399660	0.409025
0.399660	0.409025	0.399399	0.406172
0.399399	0.406172	0.394363	0.399316
0.394363	0.399316	0.389529	0.393164
0.389529	0.393164	0.383215	0.385961
0.383215	0.385961	0.376264	0.378271
0.376264	0.378271	0.369599	0.371046
0.369599	0.371046	0.362472	0.363335
0.362472	0.363335	0.355488	0.356030
0.355488	0.356030	0.347809	0.348349
0.347809	0.348349	0.341487	0.341926
0.341487	0.341926	0.334545	0.335064
0.334545	0.335064	0.327709	0.328096
0.327709	0.328096	0.320640	0.321064
0.320640	0.321064	0.314593	0.314909
0.314593	0.314909	0.307841	0.308078
0.307841	0.308078	0.301087	0.301325
0.301087	0.301325	0.294903	0.295116
0.294903	0.295116	0.289732	0.290004
0.289732	0.290004	0.283195	0.283454
0.283195	0.283454	0.278103	0.278370
0.278103	0.278370	0.272015	0.272172
0.272015	0.272172	0.266510	0.266650
0.266510	0.266650	0.261010	0.261101
0.261010	0.261101	0.254258	0.254350
0.254258	0.254350	0.250799	0.250874
0.250799	0.250874	0.245718	0.245800
0.245718	0.245800	0.239910	0.239969
0.239910	0.239969	0.234410	0.234467
0.234410	0.234467	0.230000	0.230031
0.230000	0.230031	0.225351	0.225371
0.225351	0.225371	0.221110	0.221121
0.221110	0.221121	0.215950	0.215952
0.215950	0.215952	0.210543	0.210543
0.210543	0.210543	0.206534	0.206534
0.206534	0.206534	0.201819	0.201819
0.201819	0.201819	0.197981	0.197981
0.197981	0.197981	0.193736	0.193736
0.193736	0.193736	0.189228	0.189228
0.189228	0.189228	0.185475	0.185475
0.185475	0.185475	0.181636	0.181636
0.181636	0.181636	0.177029	0.177029
0.177029	0.177029	0.173507	0.173507
0.173507	0.173507	0.168809	0.168809
0.168809	0.168809	0.164410	0.164410
0.164410	0.164410	0.160508	0.160508
0.160508	0.160508	0.156987	0.156987
0.156987	0.156987	0.153688	0.153688
0.153688	0.153688	0.149867	0.149867
0.149867	0.149867	0.146263	0.146263
0.146263	0.146263	0.142888	0.142888
0.142888	0.142888	0.139271	0.139271
0.139271	0.139271	0.135510	0.135510
0.135510	0.135510	0.132254	0.132254
0.132254	0.132254	0.127984	0.127984
0.127984	0.127984	0.124531	0.124531
0.124531	0.124531	0.121367	0.121367
0.121367	0.121367	0.117899	0.117899
0.117899	0.117899	0.114640	0.114640
0.114640	0.114640	0.111579	0.111579
0.111579	0.111579	0.108260	0.108260
0.108260	0.108260	0.104955	0.104955
0.104955	0.104955	0.101875	0.101875
0.101875	0.101875	0.098902	0.098902
0.098902	0.098902	0.095928	0.095928
0.095928	0.095928	0.093029	0.093029
0.093029	0.093029	0.089875	0.089875
0.089875	0.089875	0.086616	0.086616
0.086616	0.086616	0.084311	0.084311
0.084311	0.084311	0.081983	0.081983
0.081983	0.081983	0.079831	0.079831
0.079831	0.079831	0.077864	0.077864
0.077864	0.077864	0.074764	0.074764
0.074764	0.074764	0.072750	0.072750
0.072750	0.072750	0.069976	0.069976
0.069976	0.069976	0.067651	0.067651
0.067651	0.067651	0.065306	0.065306
0.065306	0.065306	0.062601	0.062601
0.062601	0.062601	0.060443	0.060443
0.060443	0.060443	0.058616	0.058616
0.058616	0.058616	0.056769	0.056769
0.056769	0.056769	0.055244	0.055244
0.055244	0.055244	0.053053	0.053053
0.053053	0.053053	0.050887	0.050887
0.050887	0.050887	0.048827	0.048827
0.048827	0.048827	0.047179	0.047179
0.047179	0.047179	0.045383	0.045383
0.045383	0.045383	0.043396	0.043396
0.043396	0.043396	0.041133	0.041133
0.041133	0.041133	0.039339	0.039339
0.039339	0.039339	0.037851	0.037851
0.037851	0.037851	0.036694	0.036694
0.036694	0.036694	0.035612	0.035612
0.035612	0.035612	0.034019	0.034019
0.034019	0.034019	0.032710	0.032710
0.032710	0.032710	0.031198	0.031198
0.031198	0.031198	0.030059	0.030059
0.030059	0.030059	0.028508	0.028508
0.028508	0.028508	0.027157	0.027157
0.027157	0.027157	0.025923	0.025923
0.025923	0.025923	0.024707	0.024707
0.024707	0.024707	0.023581	0.023581
0.023581	0.023581	0.022390	0.022390
0.022390	0.022390	0.021322	0.021322
0.021322	0.021322	0.020579	0.020579
0.020579	0.020579	0.019459	0.019459
0.019459	0.019459	0.018451	0.018451
0.018451	0.018451	0.017573	0.017573
0.017573	0.017573	0.016846	0.016846
0.016846	0.016846	0.016203	0.016203
0.016203	0.016203	0.015461	0.015461
0.015461	0.015461	0.014685	0.014685
0.014685	0.014685	0.013952	0.013952
0.013952	0.013952	0.013174	0.013174
0.013174	0.013174	0.012399	0.012399
0.012399	0.012399	0.011524	0.011524
0.011524	0.011524	0.010872	0.010872
0.010872	0.010872	0.010250	0.010250
0.010250	0.010250	0.009569	0.009569
0.009569	0.009569	0.008966	0.008966
0.008966	0.008966	0.008615	0.008615
0.008615	0.008615	0.008086	0.008086
0.008086	0.008086	0.007719	0.007719
0.007719	0.007719	0.007187	0.007187
0.007187	0.007187	0.006796	0.006796
0.006796	0.006796	0.006402	0.006402
0.006402	0.006402	0.005865	0.005865
0.005865	0.005865	0.005496	0.005496
0.005496	0.005496	0.005156	0.005156
0.005156	0.005156	0.004847	0.004847
0.004847	0.004847	0.004523	0.004523
0.004523	0.004523	0.004279	0.004279
0.004279	0.004279	0.003864	0.003864
0.003864	0.003864	0.003642	0.003642
0.003642	0.003642	0.003599	0.003599
0.003599	0.003599	0.003343	0.003343
0.003343	0.003343	0.003117	0.003117
0.003117	0.003117	0.002960	0.002960
0.002960	0.002960	0.002968	0.002968
0.002968	0.002968	0.002854	0.002854
0.002854	0.002854	0.002626	0.002626
0.002626	0.002626	0.002471	0.002471
0.002471	0.002471	0.002258	0.002258
0.002258	0.002258	0.002172	0.002172
0.002172	0.002172	0.002129	0.002129
0.002129	0.002129	0.002014	0.002014
0.002014	0.002014	0.001874	0.001874
0.001874	0.001874	0.001671	0.001671
0.001671	0.001671	0.001493	0.001493
0.001493	0.001493	0.001367	0.001367
0.001367	0.001367	0.001245	0.001245
0.001245	0.001245	0.001101	0.001101
0.001101	0.001101	0.000944	0.000944
0.000944	0.000944	0.000912	0.000912
0.000912	0.000912	0.000833	0.000833
0.000833	0.000833	0.000820	0.000820
0.000820	0.000820	0.000758	0.000758
0.000758	0.000758	0.000657	0.000657
0.000657	0.000657	0.000647	0.000647
0.000647	0.000647	0.000581	0.000581
0.000581	0.000581	0.000536	0.000536
0.000536	0.000536	0.000529	0.000529
0.000529	0.000529	0.000478	0.000478
0.000478	0.000478	0.000453	0.000453
0.000453	0.000453	0.000443	0.000443
0.000443	0.000443	0.000401	0.000401
0.000401	0.000401	0.000334	0.000334
0.000334	0.000334	0.000310	0.000310
0.000310	0.000310	0.000283	0.000283
0.000283	0.000283	0.000227	0.000227
0.000227	0.000227	0.000227	0.000227
0.000227	0.000227	0.000221	0.000221
0.000221	0.000221	0.000203	0.000203
0.000203	0.000203	0.000154	0.000154
0.000154	0.000154	0.000117	0.000117
0.000117	0.000117	0.000099	0.000099
0.000099	0.000099	0.000057	0.000057
0.000057	0.000057	0.000052	0.000052
0.000052	0.000052	0.000029	0.000029
0.000029	0.000029	0.000011	0.000011
0.000011	0.000011	0.000012	0.000012
0.000012	0.000012	0.000002	0.000002
0.000002	0.000002	0.000000	0.000000
0.000000	0.000000	0.000000	0.000000
0.000000	0.000000	0.000000	0.000000
0.000000	0.000000	0.000000	0.000000
0.000000	0.000000	0.000000	0.000000
0.000000	0.000000	0.000000	0.000000
0.000000	0.000000	0.000000	0.000000
0.000000	0.000000	0.000000	0.000000
0.000000	0.000000	0.000000	0.000000
0.000000	0.000000	0.000000	0.000000
0.000000	0.000000	0.000000	0.000000
0.000000	0.000000	0.000000	0.000000
0.000000	0.000000	0.000000	0.000000
0.350575	0.349441	0.312086	0.351363
0.312086	0.351363	0.303980	0.352340
0.303980	0.352340	0.310338	0.353798
0.310338	0.353798	0.318213	0.352869
0.318213	0.352869	0.325166	0.349736
0.325166	0.349736	0.326073	0.343839
0.326073	0.343839	0.323538	0.335521
0.323538	0.335521	0.318064	0.326529
0.318064	0.326529	0.311807	0.317623
0.311807	0.317623	0.301836	0.305947
0.301836	0.305947	0.292276	0.295347
0.292276	0.295347	0.282279	0.284666
0.282279	0.284666	0.272526	0.274147
0.272526	0.274147	0.262752	0.264190
0.262752	0.264190	0.252674	0.253628
0.252674	0.253628	0.243612	0.244344
0.243612	0.244344	0.233288	0.233876
0.233288	0.233876	0.224122	0.224618
0.224122	0.224618	0.216168	0.216560
0.216168	0.216560	0.207805	0.208114
0.207805	0.208114	0.200044	0.200296
0.200044	0.200296	0.191552	0.191746
0.191552	0.191746	0.184275	0.184475
0.184275	0.184475	0.175572	0.175686
0.175572	0.175686	0.168253	0.168350
0.168253	0.168350	0.161188	0.161286
0.161188	0.161286	0.154252	0.154350
0.154252	0.154350	0.146996	0.147070
0.146996	0.147070	0.140822	0.140934
0.140822	0.140934	0.134285	0.134401
0.134285	0.134401	0.128783	0.128883
0.128783	0.128883	0.123368	0.123467
0.123368	0.123467	0.118013	0.118094
0.118013	0.118094	0.113023	0.113084
0.113023	0.113084	0.107963	0.108040
0.107963	0.108040	0.103070	0.103159
0.103070	0.103159	0.097765	0.097853
0.097765	0.097853	0.093006	0.093075
0.093006	0.093075	0.088618	0.088697
0.088618	0.088697	0.084422	0.084503
0.084422	0.084503	0.080753	0.080794
0.080753	0.080794	0.076907	0.076936
0.076907	0.076936	0.073092	0.073129
0.073092	0.073129	0.069526	0.069568
0.069526	0.069568	0.065763	0.065799
0.065763	0.065799	0.062551	0.062603
0.062551	0.062603	0.059626	0.059693
0.059626	0.059693	0.057074	0.057134
0.057074	0.057134	0.054604	0.054651
0.054604	0.054651	0.051467	0.051517
0.051467	0.051517	0.049335	0.049395
0.049335	0.049395	0.047268	0.047321
0.047268	0.047321	0.045337	0.045357
0.045337	0.045357	0.043498	0.043523
0.043498	0.043523	0.041365	0.041400
0.041365	0.041400	0.039472	0.039527
0.039472	0.039527	0.037833	0.037882
0.037833	0.037882	0.036188	0.036253
0.036188	0.036253	0.034339	0.034382
0.034339	0.034382	0.032212	0.032248
0.032212	0.032248	0.030810	0.030854
0.030810	0.030854	0.029398	0.029439
0.029398	0.029439	0.027965	0.028025
0.027965	0.028025	0.026326	0.026390
0.026326	0.026390	0.024755	0.024837
0.024755	0.024837	0.023183	0.023245
0.023183	0.023245	0.021908	0.021960
0.021908	0.021960	0.020696	0.020717
0.020696	0.020717	0.019283	0.019300
0.019283	0.019300	0.018326	0.018339
0.018326	0.018339	0.016874	0.016874
0.016874	0.016874	0.015828	0.015828
0.015828	0.015828	0.014803	0.014803
0.014803	0.014803	0.013911	0.013911
0.013911	0.013911	0.012994	0.012994
0.012994	0.012994	0.012325	0.012325
0.012325	0.012325	0.011723	0.011723
0.011723	0.011723	0.011234	0.011234
0.011234	0.011234	0.010540	0.010540
0.010540	0.010540	0.009812	0.009812
0.009812	0.009812	0.009224	0.009224
0.009224	0.009224	0.008429	0.008429
0.008429	0.008429	0.007756	0.007756
0.007756	0.007756	0.007219	0.007219
0.007219	0.007219	0.006736	0.006736
0.006736	0.006736	0.006240	0.006240
0.006240	0.006240	0.005707	0.005707
0.005707	0.005707	0.005267	0.005267
0.005267	0.005267	0.004983	0.004983
0.004983	0.004983	0.004605	0.004605
0.004605	0.004605	0.004255	0.004255
0.004255	0.004255	0.003885	0.003885
0.003885	0.003885	0.003503	0.003503
0.003503	0.003503	0.003215	0.003215
0.003215	0.003215	0.002953	0.002953
0.002953	0.002953	0.002837	0.002837
0.002837	0.002837	0.002636	0.002636
0.002636	0.002636	0.002268	0.002268
0.002268	0.002268	0.002065	0.002065
0.002065	0.002065	0.001922	0.001922
0.001922	0.001922	0.001964	0.001964
0.001964	0.001964	0.001930	0.001930
0.001930	0.001930	0.001818	0.001818
0.001818	0.001818	0.001682	0.001682
0.001682	0.001682	0.001591	0.001591
0.001591	0.001591	0.001449	0.001449
0.001449	0.001449	0.001357	0.001357
0.001357	0.001357	0.001263	0.001263
0.001263	0.001263	0.001182	0.001182
0.001182	0.001182	0.001073	0.001073
0.001073	0.001073	0.001006	0.001006
0.001006	0.001006	0.000948	0.000948
0.000948	0.000948	0.000868	0.000868
0.000868	0.000868	0.000748	0.000748
0.000748	0.000748	0.000680	0.000680
0.000680	0.000680	0.000566	0.000566
0.000566	0.000566	0.000501	0.000501
0.000501	0.000501	0.000491	0.000491
0.000491	0.000491	0.000471	0.000471
0.000471	0.000471	0.000351	0.000351
0.000351	0.000351	0.000337	0.000337
0.000337	0.000337	0.000313	0.000313
0.000313	0.000313	0.000263	0.000263
0.000263	0.000263	0.000238	0.000238
0.000238	0.000238	0.000211	0.000211
0.000211	0.000211	0.000205	0.000205
0.000205	0.000205	0.000180	0.000180
0.000180	0.000180	0.000163	0.000163
0.000163	0.000163	0.000131	0.000131
0.000131	0.000131	0.000104	0.000104
0.000104	0.000104	0.000043	0.000043
0.000043	0.000043	0.000019	0.000019
0.000019	0.000019	0.000008	0.000008
0.000008	0.000008	0.000007	0.000007
0.000007	0.000007	0.000000	0.000000
0.000000	0.000000	0.000000	0.000000
0.000000	0.000000	0.000000	0.000000
0.000000	0.000000	0.000000	0.000000
0.000000	0.000000	0.000000	0.000000
0.000000	0.000000	0.000000	0.000000
0.000000	0.000000	0.000000	0.000000
0.000000	0.000000	0.000000	0.000000
0.000000	0.000000	0.000000	0.000000
0.000000	0.000000	0.000000	0.000000
0.000000	0.000000	0.000000	0.000000
0.000000	0.000000	0.000000	0.000000
0.000000	0.000000	0.000000	0.000000
0.000000	0.000000	0.000000	0.000000
0.000000	0.000000	0.000000	0.000000
0.000000	0.000000	0.000000	0.000000
0.000000	0.000000	0.000000	0.000000
0.000000	0.000000	0.000000	0.000000
0.000000	0.000000	0.000000	0.000000
0.000000	0.000000	0.000000	0.000000
0.000000	0.000000	0.000000	0.000000
0.000000	0.000000	0.000000	0.000000
0.000000	0.000000	0.000000	0.000000
0.000000	0.000000	0.000000	0.000000
0.000000	0.000000	0.000000	0.000000
0.000000	0.000000	0.000000	0.000000
0.000000	0.000000	0.000000	0.000000
0.000000	0.000000	0.000000	0.000000
0.000000	0.000000	0.000000	0.000000
0.000000	0.000000	0.000000	0.000000
0.000000	0.000000	0.000000	0.000000
0.000000	0.000000	0.000000	0.000000
0.000000	0.000000	0.000000	0.000000
0.000000	0.000000	0.000000	0.000000
0.000000	0.000000	0.000000	0.000000
0.000000	0.000000	0.000000	0.000000
0.000000	0.000000	0.000000	0.000000
0.000000	0.000000	0.000000	0.000000
0.000000	0.000000	0.000000	0.000000
0.000000	0.000000	0.000000	0.000000
0.000000	0.000000	0.000000	0.000000
0.000000	0.000000	0.000000	0.000000
0.000000	0.000000	0.000000	0.000000
0.000000	0.000000	0.000000	0.000000
0.000000	0.000000	0.000000	0.000000
0.000000	0.000000	0.000000	0.000000
0.000000	0.000000	0.000000	0.000000
0.000000	0.000000	0.000000	0.000000
0.000000	0.000000	0.000000	0.000000
0.000000	0.000000	0.000000	0.000000
0.000000	0.000000	0.000000	0.000000
0.000000	0.000000	0.000000	0.000000
0.000000	0.000000	0.000000	0.000000
0.000000	0.000000	0.000000	0.000000
0.000000	0.000000	0.000000	0.000000
0.000000	0.000000	0.000000	0.000000
0.000000	0.000000	0.000000	0.000000
0.000000	0.000000	0.000000	0.000000
0.000000	0.000000	0.000000	0.000000
0.000000	0.000000	0.000000	0.000000
0.000000	0.000000	0.000000	0.000000
0.000000	0.000000	0.000000	0.000000
0.000000	0.000000	0.000000	0.000000
0.000000	0.000000	0.000000	0.000000
0.000000	0.000000	0.000000	0.000000
0.350178	0.299860	0.242431	0.297834
0.242431	0.297834	0.221060	0.295962
0.221060	0.295962	0.226359	0.294384
0.226359	0.294384	0.236479	0.290016
0.236479	0.290016	0.244227	0.283921
0.244227	0.283921	0.247285	0.275703
0.247285	0.275703	0.246050	0.266660
0.246050	0.266660	0.240989	0.255557
0.240989	0.255557	0.233098	0.243038
0.233098	0.243038	0.222660	0.229786
0.222660	0.229786	0.212087	0.217537
0.212087	0.217537	0.201386	0.205669
0.201386	0.205669	0.189536	0.193075
0.189536	0.193075	0.178326	0.181061
0.178326	0.181061	0.167340	0.169711
0.167340	0.169711	0.156712	0.158694
0.156712	0.158694	0.147289	0.148971
0.147289	0.148971	0.137515	0.138865
0.137515	0.138865	0.128512	0.129750
0.128512	0.129750	0.119900	0.121001
0.119900	0.121001	0.111345	0.112347
0.111345	0.112347	0.104597	0.105367
0.104597	0.105367	0.097274	0.097994
0.097274	0.097994	0.090029	0.090666
0.090029	0.090666	0.084160	0.084777
0.084160	0.084777	0.078133	0.078669
0.078133	0.078669	0.072238	0.072753
0.072238	0.072753	0.066883	0.067418
0.066883	0.067418	0.062378	0.062910
0.062378	0.062910	0.058024	0.058529
0.058024	0.058529	0.053666	0.054149
0.053666	0.054149	0.049129	0.049585
0.049129	0.049585	0.045345	0.045825
0.045345	0.045825	0.042059	0.042542
0.042059	0.042542	0.039352	0.039769
0.039352	0.039769	0.036524	0.036939
0.036524	0.036939	0.033870	0.034262
0.033870	0.034262	0.031296	0.031708
0.031296	0.031708	0.029414	0.029856
0.029414	0.029856	0.027075	0.027563
0.027075	0.027563	0.024903	0.025289
0.024903	0.025289	0.022939	0.023316
0.022939	0.023316	0.021219	0.021622
0.021219	0.021622	0.019585	0.019990
0.019585	0.019990	0.017952	0.018362
0.017952	0.018362	0.016649	0.017094
0.016649	0.017094	0.015102	0.015532
0.015102	0.015532	0.014024	0.014439
0.014024	0.014439	0.012727	0.013151
0.012727	0.013151	0.011664	0.012088
0.011664	0.012088	0.010581	0.010971
0.010581	0.010971	0.009845	0.010245
0.009845	0.010245	0.009440	0.009817
0.009440	0.009817	0.008749	0.009180
0.008749	0.009180	0.007999	0.008381
0.007999	0.008381	0.007269	0.007723
0.007269	0.007723	0.006638	0.007078
0.006638	0.007078	0.006288	0.006663
0.006288	0.006663	0.005902	0.006264
0.005902	0.006264	0.005462	0.005814
0.005462	0.005814	0.005045	0.005422
0.005045	0.005422	0.004573	0.004938
0.004573	0.004938	0.004393	0.004799
0.004393	0.004799	0.004201	0.004583
0.004201	0.004583	0.003839	0.004256
0.003839	0.004256	0.003573	0.003944
0.003573	0.003944	0.003291	0.003712
0.003291	0.003712	0.003190	0.003567
0.003190	0.003567	0.002991	0.003345
0.002991	0.003345	0.002885	0.003238
0.002885	0.003238	0.002548	0.002922
0.002548	0.002922	0.002265	0.002599
0.002265	0.002599	0.002131	0.002488
0.002131	0.002488	0.002007	0.002428
0.002007	0.002428	0.001834	0.002277
0.001834	0.002277	0.001602	0.002029
0.001602	0.002029	0.001508	0.001946
0.001508	0.001946	0.001392	0.001821
0.001392	0.001821	0.001217	0.001729
0.001217	0.001729	0.001123	0.001598
0.001123	0.001598	0.001037	0.001505
0.001037	0.001505	0.000991	0.001437
0.000991	0.001437	0.000918	0.001407
0.000918	0.001407	0.000794	0.001233
0.000794	0.001233	0.000714	0.001158
0.000714	0.001158	0.000651	0.001088
0.000651	0.001088	0.000570	0.001065
0.000570	0.001065	0.000512	0.001047
0.000512	0.001047	0.000460	0.000969
0.000460	0.000969	0.000387	0.000821
0.000387	0.000821	0.000363	0.000746
0.000363	0.000746	0.000301	0.000669
0.000301	0.000669	0.000289	0.000680
0.000289	0.000680	0.000258	0.000641
0.000258	0.000641	0.000236	0.000652
0.000236	0.000652	0.000184	0.000514
0.000184	0.000514	0.000160	0.000507
0.000160	0.000507	0.000148	0.000493
0.000148	0.000493	0.000136	0.000500
0.000136	0.000500	0.000132	0.000435
0.000132	0.000435	0.000103	0.000417
0.000103	0.000417	0.000096	0.000462
0.000096	0.000462	0.000096	0.000477
0.000096	0.000477	0.000094	0.000488
0.000094	0.000488	0.000095	0.000484
0.000095	0.000484	0.000063	0.000421
0.000063	0.000421	0.000064	0.000463
0.000064	0.000463	0.000040	0.000358
0.000040	0.000358	0.000034	0.000324
0.000034	0.000324	0.000039	0.000311
0.000039	0.000311	0.000041	0.000332
0.000041	0.000332	0.000031	0.000288
0.000031	0.000288	0.000032	0.000250
0.000032	0.000250	0.000032	0.000211
0.000032	0.000211	0.000024	0.000218
0.000024	0.000218	0.000033	0.000215
0.000033	0.000215	0.000011	0.000192
0.000011	0.000192	0.000005	0.000206
0.000005	0.000206	0.000000	0.000207
0.000000	0.000207	0.000000	0.000168
0.000000	0.000168	0.000000	0.000212
0.000000	0.000212	0.000000	0.000236
0.000000	0.000236	0.000000	0.000226
0.000000	0.000226	0.000000	0.000226
0.000000	0.000226	0.000000	0.000209
0.000000	0.000209	0.000000	0.000177
0.000000	0.000177	0.000000	0.000202
0.000000	0.000202	0.000000	0.000242
0.000000	0.000242	0.000000	0.000286
0.000000	0.000286	0.000000	0.000303
0.000000	0.000303	0.000000	0.000302
0.000000	0.000302	0.000000	0.000285
0.000000	0.000285	0.000000	0.000292
0.000000	0.000292	0.000000	0.000313
0.000000	0.000313	0.000000	0.000376
0.000000	0.000376	0.000000	0.000338
0.000000	0.000338	0.000000	0.000304
0.000000	0.000304	0.000000	0.000269
0.000000	0.000269	0.000000	0.000252
0.000000	0.000252	0.000000	0.000245
0.000000	0.000245	0.000000	0.000315
0.000000	0.000315	0.000000	0.000304
0.000000	0.000304	0.000000	0.000302
0.000000	0.000302	0.000000	0.000283
0.000000	0.000283	0.000000	0.000303
0.000000	0.000303	0.000000	0.000238
0.000000	0.000238	0.000000	0.000275
0.000000	0.000275	0.000000	0.000262
0.000000	0.000262	0.000000	0.000291
0.000000	0.000291	0.000000	0.000239
0.000000	0.000239	0.000000	0.000205
0.000000	0.000205	0.000000	0.000214
0.000000	0.000214	0.000000	0.000195
0.000000	0.000195	0.000000	0.000181
0.000000	0.000181	0.000000	0.000223
0.000000	0.000223	0.000000	0.000223
0.000000	0.000223	0.000000	0.000245
0.000000	0.000245	0.000000	0.000237
0.000000	0.000237	0.000000	0.000267
0.000000	0.000267	0.000000	0.000225
0.000000	0.000225	0.000000	0.000247
0.000000	0.000247	0.000000	0.000217
0.000000	0.000217	0.000000	0.000290
0.000000	0.000290	0.000000	0.000283
0.000000	0.000283	0.000000	0.000270
0.000000	0.000270	0.000000	0.000270
0.000000	0.000270	0.000000	0.000287
0.000000	0.000287	0.000000	0.000315
0.000000	0.000315	0.000000	0.000306
0.000000	0.000306	0.000000	0.000312
0.000000	0.000312	0.000000	0.000279
0.000000	0.000279	0.000000	0.000301
0.000000	0.000301	0.000000	0.000283
0.000000	0.000283	0.000000	0.000251
0.000000	0.000251	0.000000	0.000248
0.000000	0.000248	0.000000	0.000220
0.000000	0.000220	0.000000	0.000217
0.000000	0.000217	0.000000	0.000219
0.000000	0.000219	0.000000	0.000179
0.000000	0.000179	0.000000	0.000166
0.000000	0.000166	0.000000	0.000181
0.000000	0.000181	0.000000	0.000184
0.000000	0.000184	0.000000	0.000195
0.000000	0.000195	0.000000	0.000185
0.000000	0.000185	0.000000	0.000156
0.000000	0.000156	0.000000	0.000184
0.000000	0.000184	0.000000	0.000162
0.000000	0.000162	0.000000	0.000158
0.000000	0.000158	0.000000	0.000160
0.000000	0.000160	0.000000	0.000179
0.000000	0.000179	0.000000	0.000138
0.000000	0.000138	0.000000	0.000136
0.000000	0.000136	0.000000	0.000135
0.000000	0.000135	0.000000	0.000130
0.000000	0.000130	0.000000	0.000095
0.000000	0.000095	0.000000	0.000090
0.000000	0.000090	0.000000	0.000084
0.000000	0.000084	0.000000	0.000107
0.000000	0.000107	0.000000	0.000133
0.350136	0.250280	0.178128	0.243014
0.178128	0.243014	0.145441	0.235594
0.145441	0.235594	0.150016	0.230022
0.150016	0.230022	0.159137	0.224804
0.159137	0.224804	0.168060	0.219882
0.168060	0.219882	0.172899	0.213127
0.172899	0.213127	0.172773	0.203785
0.172773	0.203785	0.168878	0.192636
0.168878	0.192636	0.163040	0.181089
0.163040	0.181089	0.154989	0.168753
0.154989	0.168753	0.145576	0.156378
0.145576	0.156378	0.136343	0.144875
0.136343	0.144875	0.126767	0.134065
0.126767	0.134065	0.117248	0.123710
0.117248	0.123710	0.108056	0.113457
0.108056	0.113457	0.098420	0.103192
0.098420	0.103192	0.089754	0.093876
0.089754	0.093876	0.082179	0.086101
0.082179	0.086101	0.074882	0.078627
0.074882	0.078627	0.068702	0.071979
0.068702	0.071979	0.062860	0.066169
0.062860	0.066169	0.057183	0.060208
0.057183	0.060208	0.052209	0.055042
0.052209	0.055042	0.047510	0.050115
0.047510	0.050115	0.043131	0.045567
0.043131	0.045567	0.038862	0.041151
0.038862	0.041151	0.034757	0.037141
0.034757	0.037141	0.031462	0.033727
0.031462	0.033727	0.028022	0.030146
0.028022	0.030146	0.024932	0.026993
0.024932	0.026993	0.022768	0.024816
0.022768	0.024816	0.020581	0.022689
0.020581	0.022689	0.018461	0.020530
0.018461	0.020530	0.016530	0.018529
0.016530	0.018529	0.014797	0.016832
0.014797	0.016832	0.013222	0.015140
0.013222	0.015140	0.011912	0.013862
0.011912	0.013862	0.010394	0.012563
0.010394	0.012563	0.009279	0.011508
0.009279	0.011508	0.008166	0.010241
0.008166	0.010241	0.007169	0.009230
0.007169	0.009230	0.006446	0.008504
0.006446	0.008504	0.005835	0.007855
0.005835	0.007855	0.005300	0.007361
0.005300	0.007361	0.004564	0.006510
0.004564	0.006510	0.003844	0.005807
0.003844	0.005807	0.003424	0.005291
0.003424	0.005291	0.002907	0.004681
0.002907	0.004681	0.002549	0.004251
0.002549	0.004251	0.002214	0.003849
0.002214	0.003849	0.001934	0.003509
0.001934	0.003509	0.001564	0.003092
0.001564	0.003092	0.001395	0.002792
0.001395	0.002792	0.001127	0.002493
0.001127	0.002493	0.000985	0.002380
0.000985	0.002380	0.000895	0.002363
0.000895	0.002363	0.000667	0.002215
0.000667	0.002215	0.000550	0.002048
0.000550	0.002048	0.000387	0.001949
0.000387	0.001949	0.000310	0.001965
0.000310	0.001965	0.000295	0.001982
0.000295	0.001982	0.000272	0.001918
0.000272	0.001918	0.000214	0.001784
0.000214	0.001784	0.000154	0.001781
0.000154	0.001781	0.000152	0.001716
0.000152	0.001716	0.000129	0.001852
0.000129	0.001852	0.000130	0.001919
0.000130	0.001919	0.000123	0.002039
0.000123	0.002039	0.000114	0.001963
0.000114	0.001963	0.000086	0.002043
0.000086	0.002043	0.000063	0.001970
0.000063	0.001970	0.000022	0.001880
0.000022	0.001880	0.000007	0.001839
0.000007	0.001839	0.000003	0.001794
0.000003	0.001794	0.000001	0.001774
0.000001	0.001774	0.000000	0.001810
0.000000	0.001810	0.000000	0.001818
0.000000	0.001818	0.000000	0.001870
0.000000	0.001870	0.000000	0.001873
0.000000	0.001873	0.000000	0.001778
0.000000	0.001778	0.000000	0.001789
0.000000	0.001789	0.000000	0.001804
0.000000	0.001804	0.000000	0.001803
0.000000	0.001803	0.000000	0.001921
0.000000	0.001921	0.000000	0.001975
0.000000	0.001975	0.000000	0.002019
0.000000	0.002019	0.000000	0.001893
0.000000	0.001893	0.000000	0.001918
0.000000	0.001918	0.000000	0.001873
0.000000	0.001873	0.000000	0.001830
0.000000	0.001830	0.000000	0.001798
0.000000	0.001798	0.000000	0.001800
0.000000	0.001800	0.000000	0.001853
0.000000	0.001853	0.000000	0.001944
0.000000	0.001944	0.000000	0.001804
0.000000	0.001804	0.000000	0.001740
0.000000	0.001740	0.000000	0.001728
0.000000	0.001728	0.000000	0.001724
0.000000	0.001724	0.000000	0.001802
0.000000	0.001802	0.000000	0.001883
0.000000	0.001883	0.000000	0.001825
0.000000	0.001825	0.000000	0.001815
0.000000	0.001815	0.000000	0.001905
0.000000	0.001905	0.000000	0.002082
0.000000	0.002082	0.000000	0.002066
0.000000	0.002066	0.000000	0.002086
0.000000	0.002086	0.000000	0.001857
0.000000	0.001857	0.000000	0.001783
0.000000	0.001783	0.000000	0.002042
0.000000	0.002042	0.000000	0.002047
0.000000	0.002047	0.000000	0.002204
0.000000	0.002204	0.000000	0.002073
0.000000	0.002073	0.000000	0.002176
0.000000	0.002176	0.000000	0.002066
0.000000	0.002066	0.000000	0.002064
0.000000	0.002064	0.000000	0.001998
0.000000	0.001998	0.000000	0.001903
0.000000	0.001903	0.000000	0.001895
0.000000	0.001895	0.000000	0.001807
0.000000	0.001807	0.000000	0.001829
0.000000	0.001829	0.000000	0.001683
0.000000	0.001683	0.000000	0.001655
0.000000	0.001655	0.000000	0.001650
0.000000	0.001650	0.000000	0.001668
0.000000	0.001668	0.000000	0.001596
0.000000	0.001596	0.000000	0.001552
0.000000	0.001552	0.000000	0.001484
0.000000	0.001484	0.000000	0.001462
0.000000	0.001462	0.000000	0.001567
0.000000	0.001567	0.000000	0.001533
0.000000	0.001533	0.000000	0.001508
0.000000	0.001508	0.000000	0.001598
0.000000	0.001598	0.000000	0.001588
0.000000	0.001588	0.000000	0.001672
0.000000	0.001672	0.000000	0.001637
0.000000	0.001637	0.000000	0.001657
0.000000	0.001657	0.000000	0.001688
0.000000	0.001688	0.000000	0.001696
0.000000	0.001696	0.000000	0.001725
0.000000	0.001725	0.000000	0.001828
0.000000	0.001828	0.000000	0.001631
0.000000	0.001631	0.000000	0.001745
0.000000	0.001745	0.000000	0.001895
0.000000	0.001895	0.000000	0.001856
0.000000	0.001856	0.000000	0.001825
0.000000	0.001825	0.000000	0.001904
0.000000	0.001904	0.000000	0.001865
0.000000	0.001865	0.000000	0.001848
0.000000	0.001848	0.000000	0.001853
0.000000	0.001853	0.000000	0.001766
0.000000	0.001766	0.000000	0.001896
0.000000	0.001896	0.000000	0.001912
0.000000	0.001912	0.000000	0.001904
0.000000	0.001904	0.000000	0.001772
0.000000	0.001772	0.000000	0.001767
0.000000	0.001767	0.000000	0.001612
0.000000	0.001612	0.000000	0.001690
0.000000	0.001690	0.000000	0.001725
0.000000	0.001725	0.000000	0.001859
0.000000	0.001859	0.000000	0.001865
0.000000	0.001865	0.000000	0.001832
0.000000	0.001832	0.000000	0.001800
0.000000	0.001800	0.000000	0.001787
0.000000	0.001787	0.000000	0.001820
0.000000	0.001820	0.000000	0.001969
0.000000	0.001969	0.000000	0.001916
0.000000	0.001916	0.000000	0.001942
0.000000	0.001942	0.000000	0.001869
0.000000	0.001869	0.000000	0.001896
0.000000	0.001896	0.000000	0.001930
0.000000	0.001930	0.000000	0.002048
0.000000	0.002048	0.000000	0.002082
0.000000	0.002082	0.000000	0.002220
0.000000	0.002220	0.000000	0.002295
0.000000	0.002295	0.000000	0.002301
0.000000	0.002301	0.000000	0.002358
0.000000	0.002358	0.000000	0.002236
0.000000	0.002236	0.000000	0.002241
0.000000	0.002241	0.000000	0.002115
0.000000	0.002115	0.000000	0.002266
0.000000	0.002266	0.000000	0.002213
0.000000	0.002213	0.000000	0.002414
0.000000	0.002414	0.000000	0.002368
0.000000	0.002368	0.000000	0.002317
0.000000	0.002317	0.000000	0.002488
0.000000	0.002488	0.000000	0.002663
0.000000	0.002663	0.000000	0.002517
0.000000	0.002517	0.000000	0.002609
0.000000	0.002609	0.000000	0.002698
0.000000	0.002698	0.000000	0.002686
0.000000	0.002686	0.000000	0.002588
0.000000	0.002588	0.000000	0.002577
0.000000	0.002577	0.000000	0.002485
0.000000	0.002485	0.000000	0.002519
0.000000	0.002519	0.000000	0.002670
0.000000	0.002670	0.000000	0.002704
0.000000	0.002704	0.000000	0.002655
0.000000	0.002655	0.000000	0.002600
0.000000	0.002600	0.000000	0.002611
0.349104	0.200054	0.125060	0.192992
0.125060	0.192992	0.086853	0.183308
0.086853	0.183308	0.086804	0.177449
0.086804	0.177449	0.093084	0.172046
0.093084	0.172046	0.100707	0.166099
0.100707	0.166099	0.105125	0.159495
0.105125	0.159495	0.105665	0.150456
0.105665	0.150456	0.104213	0.141632
0.104213	0.141632	0.100620	0.132107
0.100620	0.132107	0.095219	0.122498
0.095219	0.122498	0.088613	0.112633
0.088613	0.112633	0.082615	0.103150
0.082615	0.103150	0.076305	0.093666
0.076305	0.093666	0.070060	0.085688
0.070060	0.085688	0.063910	0.078153
0.063910	0.078153	0.058474	0.071460
0.058474	0.071460	0.053337	0.065040
0.053337	0.065040	0.048190	0.059240
0.048190	0.059240	0.043242	0.053515
0.043242	0.053515	0.038506	0.047982
0.038506	0.047982	0.034192	0.043304
0.034192	0.043304	0.030194	0.038697
0.030194	0.038697	0.026816	0.034859
0.026816	0.034859	0.023921	0.031378
0.023921	0.031378	0.021589	0.028831
0.021589	0.028831	0.018822	0.025407
0.018822	0.025407	0.016758	0.023123
0.016758	0.023123	0.014961	0.021090
0.014961	0.021090	0.013084	0.019175
0.013084	0.019175	0.011407	0.017431
0.011407	0.017431	0.010409	0.016461
0.010409	0.016461	0.009603	0.015543
0.009603	0.015543	0.008694	0.014408
0.008694	0.014408	0.007876	0.013515
0.007876	0.013515	0.007096	0.012645
0.007096	0.012645	0.006472	0.011938
0.006472	0.011938	0.005788	0.010990
0.005788	0.010990	0.005223	0.010461
0.005223	0.010461	0.004740	0.009992
0.004740	0.009992	0.004168	0.009373
0.004168	0.009373	0.003628	0.008757
0.003628	0.008757	0.003380	0.008443
0.003380	0.008443	0.002911	0.007868
0.002911	0.007868	0.002479	0.007486
0.002479	0.007486	0.002216	0.007291
0.002216	0.007291	0.001923	0.007040
0.001923	0.007040	0.001580	0.006792
0.001580	0.006792	0.001298	0.006775
0.001298	0.006775	0.001115	0.006820
0.001115	0.006820	0.000916	0.006615
0.000916	0.006615	0.000835	0.006398
0.000835	0.006398	0.000846	0.006390
0.000846	0.006390	0.000741	0.006244
0.000741	0.006244	0.000659	0.006452
0.000659	0.006452	0.000621	0.006498
0.000621	0.006498	0.000549	0.006347
0.000549	0.006347	0.000529	0.006251
0.000529	0.006251	0.000613	0.006304
0.000613	0.006304	0.000631	0.005996
0.000631	0.005996	0.000634	0.006035
0.000634	0.006035	0.000587	0.005874
0.000587	0.005874	0.000510	0.005972
0.000510	0.005972	0.000469	0.006015
0.000469	0.006015	0.000412	0.005895
0.000412	0.005895	0.000360	0.005690
0.000360	0.005690	0.000260	0.005557
0.000260	0.005557	0.000183	0.005598
0.000183	0.005598	0.000161	0.005655
0.000161	0.005655	0.000149	0.005808
0.000149	0.005808	0.000149	0.005668
0.000149	0.005668	0.000116	0.005687
0.000116	0.005687	0.000093	0.005751
0.000093	0.005751	0.000097	0.005661
0.000097	0.005661	0.000087	0.005796
0.000087	0.005796	0.000084	0.005687
0.000084	0.005687	0.000106	0.005714
0.000106	0.005714	0.000115	0.005764
0.000115	0.005764	0.000129	0.005883
0.000129	0.005883	0.000106	0.005746
0.000106	0.005746	0.000092	0.005755
0.000092	0.005755	0.000078	0.005664
0.000078	0.005664	0.000093	0.005791
0.000093	0.005791	0.000080	0.005726
0.000080	0.005726	0.000062	0.005750
0.000062	0.005750	0.000036	0.005727
0.000036	0.005727	0.000036	0.005608
0.000036	0.005608	0.000026	0.005583
0.000026	0.005583	0.000017	0.005701
0.000017	0.005701	0.000010	0.005890
0.000010	0.005890	0.000000	0.005904
0.000000	0.005904	0.000000	0.005908
0.000000	0.005908	0.000000	0.005741
0.000000	0.005741	0.000000	0.005751
0.000000	0.005751	0.000000	0.005662
0.000000	0.005662	0.000000	0.005758
0.000000	0.005758	0.000000	0.005625
0.000000	0.005625	0.000000	0.005752
0.000000	0.005752	0.000000	0.005846
0.000000	0.005846	0.000000	0.005855
0.000000	0.005855	0.000000	0.005718
0.000000	0.005718	0.000000	0.005621
0.000000	0.005621	0.000000	0.005276
0.000000	0.005276	0.000000	0.005157
0.000000	0.005157	0.000000	0.005226
0.000000	0.005226	0.000000	0.005221
0.000000	0.005221	0.000000	0.005430
0.000000	0.005430	0.000000	0.005416
0.000000	0.005416	0.000000	0.005492
0.000000	0.005492	0.000000	0.005532
0.000000	0.005532	0.000000	0.005376
0.000000	0.005376	0.000000	0.005406
0.000000	0.005406	0.000000	0.005446
0.000000	0.005446	0.000000	0.005500
0.000000	0.005500	0.000000	0.005479
0.000000	0.005479	0.000000	0.005626
0.000000	0.005626	0.000000	0.005609
0.000000	0.005609	0.000000	0.005547
0.000000	0.005547	0.000000	0.005606
0.000000	0.005606	0.000000	0.005669
0.000000	0.005669	0.000000	0.005899
0.000000	0.005899	0.000000	0.005918
0.000000	0.005918	0.000000	0.006180
0.000000	0.006180	0.000000	0.006169
0.000000	0.006169	0.000000	0.005965
0.000000	0.005965	0.000000	0.006062
0.000000	0.006062	0.000000	0.006313
0.000000	0.006313	0.000000	0.006342
0.000000	0.006342	0.000000	0.006426
0.000000	0.006426	0.000000	0.006286
0.000000	0.006286	0.000000	0.006471
0.000000	0.006471	0.000000	0.006367
0.000000	0.006367	0.000000	0.006424
0.000000	0.006424	0.000000	0.006551
0.000000	0.006551	0.000000	0.006587
0.000000	0.006587	0.000000	0.006779
0.000000	0.006779	0.000000	0.006643
0.000000	0.006643	0.000000	0.006337
0.000000	0.006337	0.000000	0.006298
0.000000	0.006298	0.000000	0.006389
0.000000	0.006389	0.000000	0.006366
0.000000	0.006366	0.000000	0.006210
0.000000	0.006210	0.000000	0.006424
0.000000	0.006424	0.000000	0.006238
0.000000	0.006238	0.000000	0.006040
0.000000	0.006040	0.000000	0.005975
0.000000	0.005975	0.000000	0.006220
0.000000	0.006220	0.000000	0.006141
0.000000	0.006141	0.000000	0.005977
0.000000	0.005977	0.000000	0.005997
0.000000	0.005997	0.000000	0.005962
0.000000	0.005962	0.000000	0.006112
0.000000	0.006112	0.000000	0.006295
0.000000	0.006295	0.000000	0.006145
0.000000	0.006145	0.000000	0.006234
0.000000	0.006234	0.000000	0.005894
0.000000	0.005894	0.000000	0.006049
0.000000	0.006049	0.000000	0.006083
0.000000	0.006083	0.000000	0.006401
0.000000	0.006401	0.000000	0.006453
0.000000	0.006453	0.000000	0.006326
0.000000	0.006326	0.000000	0.006217
0.000000	0.006217	0.000000	0.006209
0.000000	0.006209	0.000000	0.006226
0.000000	0.006226	0.000000	0.006390
0.000000	0.006390	0.000000	0.006352
0.000000	0.006352	0.000000	0.006150
0.000000	0.006150	0.000000	0.006029
0.000000	0.006029	0.000000	0.005953
0.000000	0.005953	0.000000	0.005779
0.000000	0.005779	0.000000	0.005863
0.000000	0.005863	0.000000	0.006059
0.000000	0.006059	0.000000	0.006085
0.000000	0.006085	0.000000	0.006027
0.000000	0.006027	0.000000	0.006123
0.000000	0.006123	0.000000	0.006063
0.000000	0.006063	0.000000	0.006036
0.000000	0.006036	0.000000	0.006026
0.000000	0.006026	0.000000	0.005767
0.000000	0.005767	0.000000	0.005731
0.000000	0.005731	0.000000	0.005550
0.000000	0.005550	0.000000	0.005540
0.000000	0.005540	0.000000	0.005372
0.000000	0.005372	0.000000	0.005382
0.000000	0.005382	0.000000	0.005276
0.000000	0.005276	0.000000	0.005486
0.000000	0.005486	0.000000	0.005373
0.000000	0.005373	0.000000	0.005616
0.000000	0.005616	0.000000	0.005398
0.000000	0.005398	0.000000	0.005363
0.000000	0.005363	0.000000	0.005430
0.000000	0.005430	0.000000	0.005309
0.000000	0.005309	0.000000	0.005345
0.000000	0.005345	0.000000	0.005350
0.000000	0.005350	0.000000	0.005202
0.000000	0.005202	0.000000	0.005141
0.000000	0.005141	0.000000	0.005158
0.000000	0.005158	0.000000	0.004854
0.000000	0.004854	0.000000	0.004980
0.000000	0.004980	0.000000	0.005083
0.350124	0.149708	0.080705	0.141297
0.080705	0.141297	0.042179	0.129611
0.042179	0.129611	0.037601	0.121094
0.037601	0.121094	0.038358	0.115085
0.038358	0.115085	0.040567	0.109240
0.040567	0.109240	0.041601	0.104119
0.041601	0.104119	0.042341	0.099200
0.042341	0.099200	0.041966	0.093379
0.041966	0.093379	0.040367	0.087249
0.040367	0.087249	0.039302	0.082844
0.039302	0.082844	0.038271	0.079020
0.038271	0.079020	0.036464	0.074740
0.036464	0.074740	0.034813	0.070620
0.034813	0.070620	0.033098	0.066721
0.033098	0.066721	0.030968	0.062407
0.030968	0.062407	0.028848	0.059036
0.028848	0.059036	0.027527	0.056298
0.027527	0.056298	0.025156	0.052918
0.025156	0.052918	0.023250	0.050564
0.023250	0.050564	0.021522	0.047107
0.021522	0.047107	0.020176	0.045440
0.020176	0.045440	0.018160	0.043182
0.018160	0.043182	0.016674	0.041585
0.016674	0.041585	0.015160	0.039227
0.015160	0.039227	0.014085	0.037550
0.014085	0.037550	0.012854	0.035307
0.012854	0.035307	0.011773	0.033868
0.011773	0.033868	0.010712	0.032602
0.010712	0.032602	0.009669	0.031302
0.009669	0.031302	0.008611	0.029601
0.008611	0.029601	0.007885	0.028612
0.007885	0.028612	0.007124	0.027503
0.007124	0.027503	0.006503	0.026396
0.006503	0.026396	0.005911	0.025739
0.005911	0.025739	0.005329	0.025395
0.005329	0.025395	0.004790	0.024361
0.004790	0.024361	0.004446	0.023809
0.004446	0.023809	0.004200	0.023745
0.004200	0.023745	0.003822	0.023367
0.003822	0.023367	0.003342	0.023206
0.003342	0.023206	0.003009	0.023062
0.003009	0.023062	0.002767	0.022740
0.002767	0.022740	0.002594	0.022633
0.002594	0.022633	0.002359	0.022373
0.002359	0.022373	0.002238	0.022864
0.002238	0.022864	0.002084	0.022365
0.002084	0.022365	0.001845	0.022016
0.001845	0.022016	0.001681	0.021702
0.001681	0.021702	0.001592	0.021371
0.001592	0.021371	0.001549	0.021338
0.001549	0.021338	0.001454	0.020726
0.001454	0.020726	0.001476	0.020725
0.001476	0.020725	0.001458	0.020630
0.001458	0.020630	0.001379	0.020319
0.001379	0.020319	0.001404	0.020331
0.001404	0.020331	0.001347	0.020457
0.001347	0.020457	0.001323	0.020428
0.001323	0.020428	0.001305	0.020069
0.001305	0.020069	0.001246	0.019828
0.001246	0.019828	0.001169	0.019451
0.001169	0.019451	0.001132	0.019645
0.001132	0.019645	0.001167	0.019272
0.001167	0.019272	0.001232	0.019589
0.001232	0.019589	0.001200	0.019489
0.001200	0.019489	0.001200	0.019817
0.001200	0.019817	0.001104	0.019850
0.001104	0.019850	0.000977	0.019744
0.000977	0.019744	0.000853	0.019743
0.000853	0.019743	0.000836	0.019765
0.000836	0.019765	0.000711	0.019870
0.000711	0.019870	0.000712	0.020127
0.000712	0.020127	0.000678	0.020055
0.000678	0.020055	0.000681	0.019889
0.000681	0.019889	0.000665	0.019848
0.000665	0.019848	0.000694	0.019629
0.000694	0.019629	0.000603	0.019605
0.000603	0.019605	0.000533	0.019581
0.000533	0.019581	0.000480	0.019301
0.000480	0.019301	0.000476	0.019452
0.000476	0.019452	0.000430	0.019521
0.000430	0.019521	0.000457	0.019663
0.000457	0.019663	0.000413	0.019843
0.000413	0.019843	0.000417	0.020122
0.000417	0.020122	0.000410	0.019981
0.000410	0.019981	0.000398	0.020259
0.000398	0.020259	0.000332	0.020213
0.000332	0.020213	0.000284	0.020288
0.000284	0.020288	0.000245	0.020631
0.000245	0.020631	0.000187	0.020541
0.000187	0.020541	0.000168	0.020409
0.000168	0.020409	0.000121	0.020347
0.000121	0.020347	0.000089	0.020146
0.000089	0.020146	0.000038	0.020059
0.000038	0.020059	0.000009	0.019973
0.000009	0.019973	0.000004	0.019981
0.000004	0.019981	0.000004	0.019836
0.000004	0.019836	0.000000	0.019922
0.000000	0.019922	0.000000	0.019987
0.000000	0.019987	0.000000	0.019698
0.000000	0.019698	0.000000	0.019943
0.000000	0.019943	0.000000	0.020036
0.000000	0.020036	0.000000	0.019884
0.000000	0.019884	0.000000	0.020157
0.000000	0.020157	0.000000	0.019849
0.000000	0.019849	0.000000	0.020056
0.000000	0.020056	0.000000	0.020351
0.000000	0.020351	0.000000	0.020296
0.000000	0.020296	0.000000	0.020661
0.000000	0.020661	0.000000	0.020215
0.000000	0.020215	0.000000	0.020463
0.000000	0.020463	0.000000	0.020626
0.000000	0.020626	0.000000	0.020599
0.000000	0.020599	0.000000	0.021073
0.000000	0.021073	0.000000	0.021014
0.000000	0.021014	0.000000	0.020777
0.000000	0.020777	0.000000	0.020801
0.000000	0.020801	0.000000	0.020444
0.000000	0.020444	0.000000	0.020457
0.000000	0.020457	0.000000	0.020066
0.000000	0.020066	0.000000	0.020174
0.000000	0.020174	0.000000	0.020217
0.000000	0.020217	0.000000	0.020204
0.000000	0.020204	0.000000	0.020625
0.000000	0.020625	0.000000	0.020875
0.000000	0.020875	0.000000	0.021113
0.000000	0.021113	0.000000	0.021010
0.000000	0.021010	0.000000	0.021216
0.000000	0.021216	0.000000	0.021490
0.000000	0.021490	0.000000	0.021451
0.000000	0.021451	0.000000	0.021319
0.000000	0.021319	0.000000	0.021287
0.000000	0.021287	0.000000	0.021346
0.000000	0.021346	0.000000	0.020838
0.000000	0.020838	0.000000	0.020626
0.000000	0.020626	0.000000	0.020471
0.000000	0.020471	0.000000	0.020803
0.000000	0.020803	0.000000	0.020655
0.000000	0.020655	0.000000	0.020506
0.000000	0.020506	0.000000	0.020310
0.000000	0.020310	0.000000	0.020526
0.000000	0.020526	0.000000	0.020301
0.000000	0.020301	0.000000	0.020418
0.000000	0.020418	0.000000	0.020487
0.000000	0.020487	0.000000	0.021321
0.000000	0.021321	0.000000	0.020831
0.000000	0.020831	0.000000	0.021015
0.000000	0.021015	0.000000	0.020810
0.000000	0.020810	0.000000	0.020583
0.000000	0.020583	0.000000	0.020523
0.000000	0.020523	0.000000	0.020872
0.000000	0.020872	0.000000	0.020709
0.000000	0.020709	0.000000	0.020795
0.000000	0.020795	0.000000	0.020534
0.000000	0.020534	0.000000	0.020564
0.000000	0.020564	0.000000	0.020610
0.000000	0.020610	0.000000	0.020714
0.000000	0.020714	0.000000	0.021112
0.000000	0.021112	0.000000	0.021614
0.000000	0.021614	0.000000	0.021641
0.000000	0.021641	0.000000	0.021552
0.000000	0.021552	0.000000	0.021254
0.000000	0.021254	0.000000	0.020955
0.000000	0.020955	0.000000	0.020832
0.000000	0.020832	0.000000	0.020631
0.000000	0.020631	0.000000	0.020917
0.000000	0.020917	0.000000	0.020926
0.000000	0.020926	0.000000	0.020903
0.000000	0.020903	0.000000	0.021121
0.000000	0.021121	0.000000	0.020748
0.000000	0.020748	0.000000	0.020370
0.000000	0.020370	0.000000	0.020457
0.000000	0.020457	0.000000	0.020296
0.000000	0.020296	0.000000	0.020345
0.000000	0.020345	0.000000	0.020328
0.000000	0.020328	0.000000	0.020226
0.000000	0.020226	0.000000	0.019982
0.000000	0.019982	0.000000	0.019941
0.000000	0.019941	0.000000	0.020004
0.000000	0.020004	0.000000	0.019747
0.000000	0.019747	0.000000	0.019420
0.000000	0.019420	0.000000	0.019465
0.000000	0.019465	0.000000	0.019799
0.000000	0.019799	0.000000	0.020414
0.000000	0.020414	0.000000	0.020845
0.000000	0.020845	0.000000	0.020853
0.000000	0.020853	0.000000	0.020496
0.000000	0.020496	0.000000	0.020588
0.000000	0.020588	0.000000	0.020598
0.000000	0.020598	0.000000	0.020868
0.000000	0.020868	0.000000	0.021085
0.000000	0.021085	0.000000	0.021338
0.000000	0.021338	0.000000	0.021415
0.000000	0.021415	0.000000	0.021234
0.000000	0.021234	0.000000	0.020943
0.000000	0.020943	0.000000	0.021151
0.000000	0.021151	0.000000	0.020925
0.000000	0.020925	0.000000	0.020784
0.000000	0.020784	0.000000	0.020982
0.000000	0.020982	0.000000	0.020792
0.349366	0.099975	0.046958	0.094165
0.046958	0.094165	0.017315	0.085039
0.017315	0.085039	0.013708	0.078223
0.013708	0.078223	0.013036	0.073969
0.013036	0.073969	0.013146	0.070555
0.013146	0.070555	0.013167	0.067419
0.013167	0.067419	0.013268	0.064222
0.013268	0.064222	0.012749	0.061285
0.012749	0.061285	0.012433	0.058862
0.012433	0.058862	0.012057	0.057798
0.012057	0.057798	0.011714	0.056003
0.011714	0.056003	0.010871	0.053661
0.010871	0.053661	0.010075	0.052093
0.010075	0.052093	0.009429	0.050601
0.009429	0.050601	0.008894	0.049139
0.008894	0.049139	0.008301	0.047574
0.008301	0.047574	0.007717	0.046345
0.007717	0.046345	0.007133	0.044780
0.007133	0.044780	0.006874	0.044120
0.006874	0.044120	0.006307	0.042667
0.006307	0.042667	0.005824	0.042319
0.005824	0.042319	0.005402	0.041757
0.005402	0.041757	0.005356	0.040770
0.005356	0.040770	0.005178	0.039758
0.005178	0.039758	0.005005	0.039164
0.005005	0.039164	0.004574	0.039101
0.004574	0.039101	0.004087	0.039000
0.004087	0.039000	0.003746	0.038322
0.003746	0.038322	0.003530	0.038255
0.003530	0.038255	0.003348	0.037573
0.003348	0.037573	0.003015	0.037190
0.003015	0.037190	0.002727	0.036552
0.002727	0.036552	0.002734	0.036534
0.002734	0.036534	0.002704	0.035770
0.002704	0.035770	0.002736	0.035911
0.002736	0.035911	0.002511	0.035421
0.002511	0.035421	0.002353	0.035167
0.002353	0.035167	0.002282	0.035146
0.002282	0.035146	0.002072	0.035126
0.002072	0.035126	0.001758	0.034287
0.001758	0.034287	0.001634	0.034052
0.001634	0.034052	0.001527	0.033790
0.001527	0.033790	0.001298	0.032727
0.001298	0.032727	0.000988	0.032287
0.000988	0.032287	0.000716	0.031325
0.000716	0.031325	0.000575	0.032013
0.000575	0.032013	0.000468	0.032381
0.000468	0.032381	0.000380	0.031054
0.000380	0.031054	0.000272	0.031045
0.000272	0.031045	0.000250	0.031311
0.000250	0.031311	0.000218	0.031122
0.000218	0.031122	0.000179	0.031289
0.000179	0.031289	0.000118	0.031023
0.000118	0.031023	0.000077	0.030684
0.000077	0.030684	0.000052	0.030561
0.000052	0.030561	0.000054	0.030749
0.000054	0.030749	0.000044	0.031035
0.000044	0.031035	0.000022	0.031633
0.000022	0.031633	0.000006	0.031641
0.000006	0.031641	0.000000	0.032062
0.000000	0.032062	0.000000	0.032005
0.000000	0.032005	0.000000	0.032243
0.000000	0.032243	0.000000	0.032308
0.000000	0.032308	0.000000	0.033057
0.000000	0.033057	0.000000	0.033279
0.000000	0.033279	0.000000	0.032836
0.000000	0.032836	0.000000	0.033271
0.000000	0.033271	0.000000	0.033087
0.000000	0.033087	0.000000	0.033379
0.000000	0.033379	0.000000	0.033865
0.000000	0.033865	0.000000	0.034152
0.000000	0.034152	0.000000	0.034035
0.000000	0.034035	0.000000	0.034068
0.000000	0.034068	0.000000	0.033945
0.000000	0.033945	0.000000	0.034315
0.000000	0.034315	0.000000	0.034518
0.000000	0.034518	0.000000	0.034295
0.000000	0.034295	0.000000	0.034728
0.000000	0.034728	0.000000	0.034943
0.000000	0.034943	0.000000	0.034701
0.000000	0.034701	0.000000	0.034759
0.000000	0.034759	0.000000	0.034330
0.000000	0.034330	0.000000	0.034223
0.000000	0.034223	0.000000	0.033708
0.000000	0.033708	0.000000	0.033702
0.000000	0.033702	0.000000	0.033731
0.000000	0.033731	0.000000	0.033483
0.000000	0.033483	0.000000	0.033671
0.000000	0.033671	0.000000	0.033844
0.000000	0.033844	0.000000	0.033529
0.000000	0.033529	0.000000	0.032535
0.000000	0.032535	0.000000	0.032726
0.000000	0.032726	0.000000	0.032568
0.000000	0.032568	0.000000	0.032306
0.000000	0.032306	0.000000	0.032316
0.000000	0.032316	0.000000	0.032608
0.000000	0.032608	0.000000	0.032631
0.000000	0.032631	0.000000	0.032788
0.000000	0.032788	0.000000	0.033292
0.000000	0.033292	0.000000	0.033973
0.000000	0.033973	0.000000	0.034524
0.000000	0.034524	0.000000	0.034514
0.000000	0.034514	0.000000	0.035386
0.000000	0.035386	0.000000	0.034748
0.000000	0.034748	0.000000	0.034511
0.000000	0.034511	0.000000	0.034678
0.000000	0.034678	0.000000	0.034971
0.000000	0.034971	0.000000	0.035075
0.000000	0.035075	0.000000	0.034704
0.000000	0.034704	0.000000	0.034791
0.000000	0.034791	0.000000	0.034593
0.000000	0.034593	0.000000	0.035041
0.000000	0.035041	0.000000	0.035179
0.000000	0.035179	0.000000	0.035771
0.000000	0.035771	0.000000	0.035904
0.000000	0.035904	0.000000	0.036279
0.000000	0.036279	0.000000	0.036239
0.000000	0.036239	0.000000	0.035827
0.000000	0.035827	0.000000	0.035331
0.000000	0.035331	0.000000	0.035462
0.000000	0.035462	0.000000	0.035751
0.000000	0.035751	0.000000	0.035096
0.000000	0.035096	0.000000	0.035285
0.000000	0.035285	0.000000	0.035326
0.000000	0.035326	0.000000	0.035700
0.000000	0.035700	0.000000	0.035586
0.000000	0.035586	0.000000	0.035529
0.000000	0.035529	0.000000	0.035352
0.000000	0.035352	0.000000	0.034976
0.000000	0.034976	0.000000	0.034740
0.000000	0.034740	0.000000	0.034914
0.000000	0.034914	0.000000	0.034787
0.000000	0.034787	0.000000	0.034999
0.000000	0.034999	0.000000	0.034845
0.000000	0.034845	0.000000	0.035311
0.000000	0.035311	0.000000	0.035220
0.000000	0.035220	0.000000	0.035449
0.000000	0.035449	0.000000	0.035647
0.000000	0.035647	0.000000	0.034992
0.000000	0.034992	0.000000	0.035218
0.000000	0.035218	0.000000	0.034985
0.000000	0.034985	0.000000	0.035060
0.000000	0.035060	0.000000	0.035307
0.000000	0.035307	0.000000	0.034731
0.000000	0.034731	0.000000	0.034465
0.000000	0.034465	0.000000	0.034128
0.000000	0.034128	0.000000	0.034225
0.000000	0.034225	0.000000	0.033792
0.000000	0.033792	0.000000	0.033556
0.000000	0.033556	0.000000	0.033813
0.000000	0.033813	0.000000	0.033905
0.000000	0.033905	0.000000	0.034343
0.000000	0.034343	0.000000	0.034347
0.000000	0.034347	0.000000	0.034425
0.000000	0.034425	0.000000	0.034626
0.000000	0.034626	0.000000	0.033932
0.000000	0.033932	0.000000	0.034303
0.000000	0.034303	0.000000	0.034537
0.000000	0.034537	0.000000	0.034804
0.000000	0.034804	0.000000	0.034487
0.000000	0.034487	0.000000	0.034730
0.000000	0.034730	0.000000	0.035494
0.000000	0.035494	0.000000	0.035718
0.000000	0.035718	0.000000	0.035625
0.000000	0.035625	0.000000	0.036282
0.000000	0.036282	0.000000	0.036483
0.000000	0.036483	0.000000	0.035662
0.000000	0.035662	0.000000	0.035388
0.000000	0.035388	0.000000	0.035548
0.000000	0.035548	0.000000	0.035784
0.000000	0.035784	0.000000	0.035170
0.000000	0.035170	0.000000	0.035253
0.000000	0.035253	0.000000	0.035058
0.000000	0.035058	0.000000	0.034813
0.000000	0.034813	0.000000	0.034586
0.000000	0.034586	0.000000	0.034944
0.000000	0.034944	0.000000	0.035457
0.000000	0.035457	0.000000	0.035684
0.000000	0.035684	0.000000	0.035745
0.000000	0.035745	0.000000	0.035449
0.000000	0.035449	0.000000	0.035212
0.000000	0.035212	0.000000	0.035285
0.000000	0.035285	0.000000	0.035297
0.000000	0.035297	0.000000	0.035029
0.000000	0.035029	0.000000	0.035345
0.000000	0.035345	0.000000	0.035683
0.000000	0.035683	0.000000	0.035871
0.000000	0.035871	0.000000	0.035911
0.000000	0.035911	0.000000	0.036254
0.000000	0.036254	0.000000	0.035759
0.000000	0.035759	0.000000	0.035593
0.000000	0.035593	0.000000	0.035737
0.000000	0.035737	0.000000	0.035577
0.000000	0.035577	0.000000	0.036139
0.000000	0.036139	0.000000	0.035988
0.000000	0.035988	0.000000	0.035481
0.000000	0.035481	0.000000	0.035688
0.000000	0.035688	0.000000	0.036102
0.000000	0.036102	0.000000	0.036339
0.349615	0.050004	0.022971	0.044741
0.022971	0.044741	0.004828	0.039753
0.004828	0.039753	0.002652	0.037709
0.002652	0.037709	0.001888	0.035353
0.001888	0.035353	0.001475	0.034599
0.001475	0.034599	0.001345	0.034057
0.001345	0.034057	0.001253	0.033128
0.001253	0.033128	0.001118	0.032534
0.001118	0.032534	0.001047	0.031977
0.001047	0.031977	0.000995	0.031921
0.000995	0.031921	0.000997	0.031546
0.000997	0.031546	0.001003	0.031421
0.001003	0.031421	0.000982	0.031521
0.000982	0.031521	0.001052	0.031091
0.001052	0.031091	0.000975	0.030848
0.000975	0.030848	0.001041	0.030878
0.001041	0.030878	0.000997	0.030923
0.000997	0.030923	0.001001	0.031152
0.001001	0.031152	0.001019	0.031248
0.001019	0.031248	0.001023	0.031294
0.001023	0.031294	0.000933	0.030720
0.000933	0.030720	0.000851	0.030731
0.000851	0.030731	0.000738	0.031051
0.000738	0.031051	0.000679	0.030957
0.000679	0.030957	0.000573	0.030417
0.000573	0.030417	0.000485	0.029838
0.000485	0.029838	0.000407	0.029744
0.000407	0.029744	0.000361	0.029364
0.000361	0.029364	0.000332	0.029165
0.000332	0.029165	0.000324	0.028805
0.000324	0.028805	0.000301	0.028385
0.000301	0.028385	0.000269	0.028478
0.000269	0.028478	0.000214	0.028643
0.000214	0.028643	0.000190	0.028320
0.000190	0.028320	0.000170	0.028011
0.000170	0.028011	0.000140	0.028172
0.000140	0.028172	0.000117	0.027596
0.000117	0.027596	0.000077	0.027706
0.000077	0.027706	0.000056	0.028427
0.000056	0.028427	0.000033	0.028228
0.000033	0.028228	0.000016	0.027992
0.000016	0.027992	0.000004	0.027844
0.000004	0.027844	0.000000	0.027587
0.000000	0.027587	0.000000	0.027092
0.000000	0.027092	0.000000	0.027356
0.000000	0.027356	0.000000	0.027434
0.000000	0.027434	0.000000	0.027603
0.000000	0.027603	0.000000	0.027374
0.000000	0.027374	0.000000	0.027491
0.000000	0.027491	0.000000	0.027220
0.000000	0.027220	0.000000	0.026862
0.000000	0.026862	0.000000	0.027016
0.000000	0.027016	0.000000	0.027321
0.000000	0.027321	0.000000	0.027306
0.000000	0.027306	0.000000	0.027570
0.000000	0.027570	0.000000	0.027344
0.000000	0.027344	0.000000	0.027374
0.000000	0.027374	0.000000	0.027739
0.000000	0.027739	0.000000	0.027427
0.000000	0.027427	0.000000	0.027655
0.000000	0.027655	0.000000	0.027591
0.000000	0.027591	0.000000	0.027490
0.000000	0.027490	0.000000	0.027643
0.000000	0.027643	0.000000	0.027672
0.000000	0.027672	0.000000	0.027463
0.000000	0.027463	0.000000	0.027192
0.000000	0.027192	0.000000	0.027226
0.000000	0.027226	0.000000	0.027169
0.000000	0.027169	0.000000	0.027255
0.000000	0.027255	0.000000	0.027474
0.000000	0.027474	0.000000	0.027701
0.000000	0.027701	0.000000	0.027600
0.000000	0.027600	0.000000	0.027840
0.000000	0.027840	0.000000	0.027552
0.000000	0.027552	0.000000	0.027419
0.000000	0.027419	0.000000	0.027634
0.000000	0.027634	0.000000	0.027641
0.000000	0.027641	0.000000	0.027654
0.000000	0.027654	0.000000	0.027654
0.000000	0.027654	0.000000	0.027123
0.000000	0.027123	0.000000	0.026757
0.000000	0.026757	0.000000	0.026837
0.000000	0.026837	0.000000	0.027140
0.000000	0.027140	0.000000	0.027047
0.000000	0.027047	0.000000	0.027251
0.000000	0.027251	0.000000	0.027218
0.000000	0.027218	0.000000	0.026867
0.000000	0.026867	0.000000	0.027259
0.000000	0.027259	0.000000	0.027720
0.000000	0.027720	0.000000	0.027892
0.000000	0.027892	0.000000	0.027811
0.000000	0.027811	0.000000	0.027153
0.000000	0.027153	0.000000	0.026501
0.000000	0.026501	0.000000	0.026792
0.000000	0.026792	0.000000	0.026663
0.000000	0.026663	0.000000	0.026559
0.000000	0.026559	0.000000	0.026509
0.000000	0.026509	0.000000	0.026441
0.000000	0.026441	0.000000	0.026059
0.000000	0.026059	0.000000	0.026047
0.000000	0.026047	0.000000	0.026077
0.000000	0.026077	0.000000	0.025967
0.000000	0.025967	0.000000	0.025942
0.000000	0.025942	0.000000	0.025745
0.000000	0.025745	0.000000	0.024988
0.000000	0.024988	0.000000	0.025056
0.000000	0.025056	0.000000	0.024943
0.000000	0.024943	0.000000	0.024995
0.000000	0.024995	0.000000	0.024429
0.000000	0.024429	0.000000	0.024524
0.000000	0.024524	0.000000	0.024520
0.000000	0.024520	0.000000	0.024446
0.000000	0.024446	0.000000	0.024275
0.000000	0.024275	0.000000	0.024236
0.000000	0.024236	0.000000	0.023992
0.000000	0.023992	0.000000	0.023668
0.000000	0.023668	0.000000	0.023583
0.000000	0.023583	0.000000	0.023586
0.000000	0.023586	0.000000	0.022964
0.000000	0.022964	0.000000	0.022857
0.000000	0.022857	0.000000	0.022570
0.000000	0.022570	0.000000	0.022875
0.000000	0.022875	0.000000	0.022890
0.000000	0.022890	0.000000	0.022934
0.000000	0.022934	0.000000	0.022977
0.000000	0.022977	0.000000	0.023185
0.000000	0.023185	0.000000	0.022847
0.000000	0.022847	0.000000	0.022794
0.000000	0.022794	0.000000	0.023075
0.000000	0.023075	0.000000	0.023107
0.000000	0.023107	0.000000	0.023372
0.000000	0.023372	0.000000	0.023578
0.000000	0.023578	0.000000	0.023044
0.000000	0.023044	0.000000	0.023286
0.000000	0.023286	0.000000	0.023477
0.000000	0.023477	0.000000	0.023799
0.000000	0.023799	0.000000	0.024278
0.000000	0.024278	0.000000	0.023953
0.000000	0.023953	0.000000	0.023909
0.000000	0.023909	0.000000	0.024197
0.000000	0.024197	0.000000	0.023796
0.000000	0.023796	0.000000	0.023630
0.000000	0.023630	0.000000	0.023832
0.000000	0.023832	0.000000	0.024666
0.000000	0.024666	0.000000	0.024670
0.000000	0.024670	0.000000	0.025050
0.000000	0.025050	0.000000	0.024715
0.000000	0.024715	0.000000	0.024639
0.000000	0.024639	0.000000	0.024636
0.000000	0.024636	0.000000	0.025153
0.000000	0.025153	0.000000	0.024626
0.000000	0.024626	0.000000	0.024805
0.000000	0.024805	0.000000	0.024373
0.000000	0.024373	0.000000	0.024080
0.000000	0.024080	0.000000	0.024196
0.000000	0.024196	0.000000	0.023985
0.000000	0.023985	0.000000	0.023853
0.000000	0.023853	0.000000	0.023808
0.000000	0.023808	0.000000	0.024069
0.000000	0.024069	0.000000	0.023873
0.000000	0.023873	0.000000	0.023758
0.000000	0.023758	0.000000	0.023622
0.000000	0.023622	0.000000	0.023574
0.000000	0.023574	0.000000	0.023539
0.000000	0.023539	0.000000	0.023001
0.000000	0.023001	0.000000	0.022900
0.000000	0.022900	0.000000	0.022814
0.000000	0.022814	0.000000	0.022593
0.000000	0.022593	0.000000	0.022455
0.000000	0.022455	0.000000	0.022379
0.000000	0.022379	0.000000	0.022442
0.000000	0.022442	0.000000	0.022808
0.000000	0.022808	0.000000	0.022564
0.000000	0.022564	0.000000	0.022620
0.000000	0.022620	0.000000	0.022577
0.000000	0.022577	0.000000	0.022291
0.000000	0.022291	0.000000	0.021843
0.000000	0.021843	0.000000	0.022085
0.000000	0.022085	0.000000	0.022049
0.000000	0.022049	0.000000	0.022328
0.000000	0.022328	0.000000	0.022445
0.000000	0.022445	0.000000	0.022712
0.000000	0.022712	0.000000	0.023336
0.000000	0.023336	0.000000	0.023377
0.000000	0.023377	0.000000	0.024238
0.000000	0.024238	0.000000	0.024185
0.000000	0.024185	0.000000	0.024618
0.000000	0.024618	0.000000	0.024585
0.000000	0.024585	0.000000	0.024673
0.000000	0.024673	0.000000	0.024669
0.000000	0.024669	0.000000	0.024816
0.000000	0.024816	0.000000	0.024872
0.000000	0.024872	0.000000	0.024969
0.000000	0.024969	0.000000	0.025401
0.000000	0.025401	0.000000	0.025963
0.000000	0.025963	0.000000	0.025870
0.000000	0.025870	0.000000	0.026108
0.000000	0.026108	0.000000	0.026337
0.000000	0.026337	0.000000	0.026656
