0.350419	0.449089	0.286281	0.443796
0.286281	0.443796	0.234344	0.420493
0.234344	0.420493	0.194820	0.383322
0.194820	0.383322	0.160162	0.333120
0.160162	0.333120	0.125943	0.273673
0.125943	0.273673	0.093641	0.214807
0.093641	0.214807	0.065139	0.159634
0.065139	0.159634	0.041689	0.112854
0.041689	0.112854	0.024622	0.075568
0.024622	0.075568	0.014031	0.049404
0.014031	0.049404	0.007161	0.032123
0.007161	0.032123	0.003320	0.020301
0.003320	0.020301	0.001307	0.012888
0.001307	0.012888	0.000545	0.008818
0.000545	0.008818	0.000153	0.006641
0.000153	0.006641	0.000047	0.005249
0.000047	0.005249	0.000003	0.004784
0.000003	0.004784	0.000000	0.004486
0.000000	0.004486	0.000000	0.004298
0.000000	0.004298	0.000000	0.004069
0.000000	0.004069	0.000000	0.003892
0.000000	0.003892	0.000000	0.003707
0.000000	0.003707	0.000000	0.003733
0.000000	0.003733	0.000000	0.003625
0.000000	0.003625	0.000000	0.003528
0.000000	0.003528	0.000000	0.003520
0.000000	0.003520	0.000000	0.003682
0.000000	0.003682	0.000000	0.003651
0.000000	0.003651	0.000000	0.003827
0.000000	0.003827	0.000000	0.003948
0.000000	0.003948	0.000000	0.003880
0.000000	0.003880	0.000000	0.003733
0.000000	0.003733	0.000000	0.003889
0.000000	0.003889	0.000000	0.003902
0.000000	0.003902	0.000000	0.003975
0.000000	0.003975	0.000000	0.004032
0.000000	0.004032	0.000000	0.004079
0.000000	0.004079	0.000000	0.004159
0.000000	0.004159	0.000000	0.004046
0.000000	0.004046	0.000000	0.004106
0.000000	0.004106	0.000000	0.004165
0.000000	0.004165	0.000000	0.004136
0.000000	0.004136	0.000000	0.004239
0.000000	0.004239	0.000000	0.004208
0.000000	0.004208	0.000000	0.004356
0.000000	0.004356	0.000000	0.004455
0.000000	0.004455	0.000000	0.004489
0.000000	0.004489	0.000000	0.004426
0.000000	0.004426	0.000000	0.004371
0.000000	0.004371	0.000000	0.004280
0.000000	0.004280	0.000000	0.004445
0.000000	0.004445	0.000000	0.004205
0.000000	0.004205	0.000000	0.004259
0.000000	0.004259	0.000000	0.004430
0.000000	0.004430	0.000000	0.004308
0.000000	0.004308	0.000000	0.004268
0.000000	0.004268	0.000000	0.004445
0.000000	0.004445	0.000000	0.004508
0.000000	0.004508	0.000000	0.004531
0.000000	0.004531	0.000000	0.004447
0.000000	0.004447	0.000000	0.004541
0.000000	0.004541	0.000000	0.004708
0.000000	0.004708	0.000000	0.004470
0.000000	0.004470	0.000000	0.004385
0.000000	0.004385	0.000000	0.004413
0.000000	0.004413	0.000000	0.004425
0.000000	0.004425	0.000000	0.004434
0.000000	0.004434	0.000000	0.004546
0.000000	0.004546	0.000000	0.004584
0.000000	0.004584	0.000000	0.004437
0.000000	0.004437	0.000000	0.004406
0.000000	0.004406	0.000000	0.004560
0.000000	0.004560	0.000000	0.004647
0.000000	0.004647	0.000000	0.004582
0.000000	0.004582	0.000000	0.004710
0.000000	0.004710	0.000000	0.004643
0.000000	0.004643	0.000000	0.004679
0.000000	0.004679	0.000000	0.004628
0.000000	0.004628	0.000000	0.004664
0.000000	0.004664	0.000000	0.004612
0.000000	0.004612	0.000000	0.004512
0.000000	0.004512	0.000000	0.004403
0.000000	0.004403	0.000000	0.004357
0.000000	0.004357	0.000000	0.004269
0.000000	0.004269	0.000000	0.004240
0.000000	0.004240	0.000000	0.004122
0.000000	0.004122	0.000000	0.004212
0.000000	0.004212	0.000000	0.004231
0.000000	0.004231	0.000000	0.004142
0.000000	0.004142	0.000000	0.004056
0.000000	0.004056	0.000000	0.004231
0.000000	0.004231	0.000000	0.004228
0.000000	0.004228	0.000000	0.004150
0.000000	0.004150	0.000000	0.004170
0.000000	0.004170	0.000000	0.004248
0.000000	0.004248	0.000000	0.004296
0.000000	0.004296	0.000000	0.004252
0.000000	0.004252	0.000000	0.004612
0.000000	0.004612	0.000000	0.004302
0.000000	0.004302	0.000000	0.004329
0.000000	0.004329	0.000000	0.004341
0.000000	0.004341	0.000000	0.004337
0.000000	0.004337	0.000000	0.004622
0.000000	0.004622	0.000000	0.004584
0.000000	0.004584	0.000000	0.004443
0.000000	0.004443	0.000000	0.004508
0.000000	0.004508	0.000000	0.004470
0.000000	0.004470	0.000000	0.004573
0.000000	0.004573	0.000000	0.004541
0.000000	0.004541	0.000000	0.004492
0.000000	0.004492	0.000000	0.004389
0.000000	0.004389	0.000000	0.004247
0.000000	0.004247	0.000000	0.004160
0.000000	0.004160	0.000000	0.004268
0.000000	0.004268	0.000000	0.004136
0.000000	0.004136	0.000000	0.003999
0.000000	0.003999	0.000000	0.004160
0.000000	0.004160	0.000000	0.004137
0.000000	0.004137	0.000000	0.004152
0.000000	0.004152	0.000000	0.004247
0.000000	0.004247	0.000000	0.004335
0.000000	0.004335	0.000000	0.004523
0.000000	0.004523	0.000000	0.004304
0.000000	0.004304	0.000000	0.004181
0.000000	0.004181	0.000000	0.004424
0.000000	0.004424	0.000000	0.004674
0.000000	0.004674	0.000000	0.004940
0.000000	0.004940	0.000000	0.004993
0.000000	0.004993	0.000000	0.005023
0.000000	0.005023	0.000000	0.005250
0.000000	0.005250	0.000000	0.005258
0.000000	0.005258	0.000000	0.005071
0.000000	0.005071	0.000000	0.004972
0.000000	0.004972	0.000000	0.004956
0.000000	0.004956	0.000000	0.005016
0.000000	0.005016	0.000000	0.004971
0.000000	0.004971	0.000000	0.005064
0.000000	0.005064	0.000000	0.005005
0.000000	0.005005	0.000000	0.005205
0.000000	0.005205	0.000000	0.004877
0.000000	0.004877	0.000000	0.004791
0.000000	0.004791	0.000000	0.004865
0.000000	0.004865	0.000000	0.004796
0.000000	0.004796	0.000000	0.004945
0.000000	0.004945	0.000000	0.004945
0.000000	0.004945	0.000000	0.005094
0.000000	0.005094	0.000000	0.004950
0.000000	0.004950	0.000000	0.005042
0.000000	0.005042	0.000000	0.004828
0.000000	0.004828	0.000000	0.004880
0.000000	0.004880	0.000000	0.004861
0.000000	0.004861	0.000000	0.004897
0.000000	0.004897	0.000000	0.004917
0.000000	0.004917	0.000000	0.005055
0.000000	0.005055	0.000000	0.005060
0.000000	0.005060	0.000000	0.005124
0.000000	0.005124	0.000000	0.004927
0.000000	0.004927	0.000000	0.004888
0.000000	0.004888	0.000000	0.005287
0.000000	0.005287	0.000000	0.005513
0.000000	0.005513	0.000000	0.005497
0.000000	0.005497	0.000000	0.005316
0.000000	0.005316	0.000000	0.005282
0.000000	0.005282	0.000000	0.005302
0.000000	0.005302	0.000000	0.005050
0.000000	0.005050	0.000000	0.004871
0.000000	0.004871	0.000000	0.004894
0.000000	0.004894	0.000000	0.004971
0.000000	0.004971	0.000000	0.004655
0.000000	0.004655	0.000000	0.004509
0.000000	0.004509	0.000000	0.004282
0.000000	0.004282	0.000000	0.004161
0.000000	0.004161	0.000000	0.004033
0.000000	0.004033	0.000000	0.003949
0.000000	0.003949	0.000000	0.004006
0.000000	0.004006	0.000000	0.004049
0.000000	0.004049	0.000000	0.003888
0.000000	0.003888	0.000000	0.003828
0.000000	0.003828	0.000000	0.003990
0.000000	0.003990	0.000000	0.003973
0.000000	0.003973	0.000000	0.004179
0.000000	0.004179	0.000000	0.004197
0.000000	0.004197	0.000000	0.004326
0.000000	0.004326	0.000000	0.004126
0.000000	0.004126	0.000000	0.004181
0.000000	0.004181	0.000000	0.004174
0.000000	0.004174	0.000000	0.004215
0.000000	0.004215	0.000000	0.004188
0.000000	0.004188	0.000000	0.004174
0.000000	0.004174	0.000000	0.004102
0.000000	0.004102	0.000000	0.004063
0.000000	0.004063	0.000000	0.004024
0.000000	0.004024	0.000000	0.004051
0.000000	0.004051	0.000000	0.004069
0.000000	0.004069	0.000000	0.004015
0.000000	0.004015	0.000000	0.004210
0.000000	0.004210	0.000000	0.004260
0.000000	0.004260	0.000000	0.004042
0.000000	0.004042	0.000000	0.003941
0.350062	0.399911	0.227655	0.393270
0.227655	0.393270	0.171300	0.364272
0.171300	0.364272	0.134833	0.319547
0.134833	0.319547	0.103697	0.261903
0.103697	0.261903	0.074007	0.201144
0.074007	0.201144	0.049063	0.146385
0.049063	0.146385	0.029396	0.099006
0.029396	0.099006	0.015270	0.065215
0.015270	0.065215	0.007025	0.042577
0.007025	0.042577	0.002673	0.030072
0.002673	0.030072	0.000965	0.023961
0.000965	0.023961	0.000324	0.020647
0.000324	0.020647	0.000124	0.019207
0.000124	0.019207	0.000086	0.018630
0.000086	0.018630	0.000035	0.018125
0.000035	0.018125	0.000005	0.018413
0.000005	0.018413	0.000000	0.018618
0.000000	0.018618	0.000000	0.018798
0.000000	0.018798	0.000000	0.018733
0.000000	0.018733	0.000000	0.018851
0.000000	0.018851	0.000000	0.018512
0.000000	0.018512	0.000000	0.018896
0.000000	0.018896	0.000000	0.018828
0.000000	0.018828	0.000000	0.018900
0.000000	0.018900	0.000000	0.018885
0.000000	0.018885	0.000000	0.018890
0.000000	0.018890	0.000000	0.019417
0.000000	0.019417	0.000000	0.019426
0.000000	0.019426	0.000000	0.018683
0.000000	0.018683	0.000000	0.019022
0.000000	0.019022	0.000000	0.019211
0.000000	0.019211	0.000000	0.019258
0.000000	0.019258	0.000000	0.019207
0.000000	0.019207	0.000000	0.019420
0.000000	0.019420	0.000000	0.019878
0.000000	0.019878	0.000000	0.019594
0.000000	0.019594	0.000000	0.019557
0.000000	0.019557	0.000000	0.019969
0.000000	0.019969	0.000000	0.019933
0.000000	0.019933	0.000000	0.020675
0.000000	0.020675	0.000000	0.020952
0.000000	0.020952	0.000000	0.021091
0.000000	0.021091	0.000000	0.021020
0.000000	0.021020	0.000000	0.021230
0.000000	0.021230	0.000000	0.021289
0.000000	0.021289	0.000000	0.021562
0.000000	0.021562	0.000000	0.021985
0.000000	0.021985	0.000000	0.022176
0.000000	0.022176	0.000000	0.022221
0.000000	0.022221	0.000000	0.022421
0.000000	0.022421	0.000000	0.022167
0.000000	0.022167	0.000000	0.022009
0.000000	0.022009	0.000000	0.022121
0.000000	0.022121	0.000000	0.022204
0.000000	0.022204	0.000000	0.022125
0.000000	0.022125	0.000000	0.022049
0.000000	0.022049	0.000000	0.021698
0.000000	0.021698	0.000000	0.021734
0.000000	0.021734	0.000000	0.021833
0.000000	0.021833	0.000000	0.022452
0.000000	0.022452	0.000000	0.022368
0.000000	0.022368	0.000000	0.022394
0.000000	0.022394	0.000000	0.022508
0.000000	0.022508	0.000000	0.022632
0.000000	0.022632	0.000000	0.023010
0.000000	0.023010	0.000000	0.022997
0.000000	0.022997	0.000000	0.023285
0.000000	0.023285	0.000000	0.023122
0.000000	0.023122	0.000000	0.023600
0.000000	0.023600	0.000000	0.023551
0.000000	0.023551	0.000000	0.023320
0.000000	0.023320	0.000000	0.023359
0.000000	0.023359	0.000000	0.022774
0.000000	0.022774	0.000000	0.023296
0.000000	0.023296	0.000000	0.022691
0.000000	0.022691	0.000000	0.022854
0.000000	0.022854	0.000000	0.022466
0.000000	0.022466	0.000000	0.022602
0.000000	0.022602	0.000000	0.022324
0.000000	0.022324	0.000000	0.022587
0.000000	0.022587	0.000000	0.022880
0.000000	0.022880	0.000000	0.022934
0.000000	0.022934	0.000000	0.022754
0.000000	0.022754	0.000000	0.022861
0.000000	0.022861	0.000000	0.023403
0.000000	0.023403	0.000000	0.023459
0.000000	0.023459	0.000000	0.023614
0.000000	0.023614	0.000000	0.023249
0.000000	0.023249	0.000000	0.023251
0.000000	0.023251	0.000000	0.023243
0.000000	0.023243	0.000000	0.023275
0.000000	0.023275	0.000000	0.023120
0.000000	0.023120	0.000000	0.023258
0.000000	0.023258	0.000000	0.023182
0.000000	0.023182	0.000000	0.023699
0.000000	0.023699	0.000000	0.023594
0.000000	0.023594	0.000000	0.023856
0.000000	0.023856	0.000000	0.023332
0.000000	0.023332	0.000000	0.023479
0.000000	0.023479	0.000000	0.023500
0.000000	0.023500	0.000000	0.023321
0.000000	0.023321	0.000000	0.023389
0.000000	0.023389	0.000000	0.023138
0.000000	0.023138	0.000000	0.023091
0.000000	0.023091	0.000000	0.023034
0.000000	0.023034	0.000000	0.023249
0.000000	0.023249	0.000000	0.023506
0.000000	0.023506	0.000000	0.023409
0.000000	0.023409	0.000000	0.023175
0.000000	0.023175	0.000000	0.023137
0.000000	0.023137	0.000000	0.022993
0.000000	0.022993	0.000000	0.023324
0.000000	0.023324	0.000000	0.023405
0.000000	0.023405	0.000000	0.022922
0.000000	0.022922	0.000000	0.022663
0.000000	0.022663	0.000000	0.022493
0.000000	0.022493	0.000000	0.022246
0.000000	0.022246	0.000000	0.021645
0.000000	0.021645	0.000000	0.021572
0.000000	0.021572	0.000000	0.021665
0.000000	0.021665	0.000000	0.021210
0.000000	0.021210	0.000000	0.021178
0.000000	0.021178	0.000000	0.021243
0.000000	0.021243	0.000000	0.021545
0.000000	0.021545	0.000000	0.021093
0.000000	0.021093	0.000000	0.021566
0.000000	0.021566	0.000000	0.021303
0.000000	0.021303	0.000000	0.021593
0.000000	0.021593	0.000000	0.021878
0.000000	0.021878	0.000000	0.021843
0.000000	0.021843	0.000000	0.021996
0.000000	0.021996	0.000000	0.022002
0.000000	0.022002	0.000000	0.021987
0.000000	0.021987	0.000000	0.021885
0.000000	0.021885	0.000000	0.021607
0.000000	0.021607	0.000000	0.021754
0.000000	0.021754	0.000000	0.021085
0.000000	0.021085	0.000000	0.021009
0.000000	0.021009	0.000000	0.021215
0.000000	0.021215	0.000000	0.021305
0.000000	0.021305	0.000000	0.021324
0.000000	0.021324	0.000000	0.021421
0.000000	0.021421	0.000000	0.021460
0.000000	0.021460	0.000000	0.020943
0.000000	0.020943	0.000000	0.021125
0.000000	0.021125	0.000000	0.021197
0.000000	0.021197	0.000000	0.021297
0.000000	0.021297	0.000000	0.021579
0.000000	0.021579	0.000000	0.021334
0.000000	0.021334	0.000000	0.021467
0.000000	0.021467	0.000000	0.021526
0.000000	0.021526	0.000000	0.021911
0.000000	0.021911	0.000000	0.022113
0.000000	0.022113	0.000000	0.022016
0.000000	0.022016	0.000000	0.022405
0.000000	0.022405	0.000000	0.022313
0.000000	0.022313	0.000000	0.022365
0.000000	0.022365	0.000000	0.022112
0.000000	0.022112	0.000000	0.022441
0.000000	0.022441	0.000000	0.022129
0.000000	0.022129	0.000000	0.022015
0.000000	0.022015	0.000000	0.022331
0.000000	0.022331	0.000000	0.022287
0.000000	0.022287	0.000000	0.022271
0.000000	0.022271	0.000000	0.022521
0.000000	0.022521	0.000000	0.022532
0.000000	0.022532	0.000000	0.022533
0.000000	0.022533	0.000000	0.022726
0.000000	0.022726	0.000000	0.023089
0.000000	0.023089	0.000000	0.023022
0.000000	0.023022	0.000000	0.023344
0.000000	0.023344	0.000000	0.023432
0.000000	0.023432	0.000000	0.023488
0.000000	0.023488	0.000000	0.023617
0.000000	0.023617	0.000000	0.024085
0.000000	0.024085	0.000000	0.023950
0.000000	0.023950	0.000000	0.023786
0.000000	0.023786	0.000000	0.023284
0.000000	0.023284	0.000000	0.023402
0.000000	0.023402	0.000000	0.023627
0.000000	0.023627	0.000000	0.023762
0.000000	0.023762	0.000000	0.023531
0.000000	0.023531	0.000000	0.023895
0.000000	0.023895	0.000000	0.023528
0.000000	0.023528	0.000000	0.023331
0.000000	0.023331	0.000000	0.023541
0.000000	0.023541	0.000000	0.023389
0.000000	0.023389	0.000000	0.023323
0.000000	0.023323	0.000000	0.023035
0.000000	0.023035	0.000000	0.022885
0.000000	0.022885	0.000000	0.022848
0.000000	0.022848	0.000000	0.022463
0.000000	0.022463	0.000000	0.022273
0.000000	0.022273	0.000000	0.022005
0.000000	0.022005	0.000000	0.021627
0.000000	0.021627	0.000000	0.021169
0.000000	0.021169	0.000000	0.021095
0.000000	0.021095	0.000000	0.020796
0.000000	0.020796	0.000000	0.020946
0.349738	0.349707	0.168670	0.337867
0.168670	0.337867	0.111373	0.305008
0.111373	0.305008	0.082246	0.261477
0.082246	0.261477	0.061594	0.212659
0.061594	0.212659	0.043320	0.164786
0.043320	0.164786	0.027264	0.122510
0.027264	0.122510	0.015439	0.090400
0.015439	0.090400	0.007996	0.069164
0.007996	0.069164	0.003788	0.055958
0.003788	0.055958	0.001612	0.048499
0.001612	0.048499	0.000739	0.044284
0.000739	0.044284	0.000297	0.042137
0.000297	0.042137	0.000194	0.041143
0.000194	0.041143	0.000128	0.040126
0.000128	0.040126	0.000049	0.040144
0.000049	0.040144	0.000037	0.040083
0.000037	0.040083	0.000034	0.039975
0.000034	0.039975	0.000019	0.039340
0.000019	0.039340	0.000002	0.039940
0.000002	0.039940	0.000000	0.039999
0.000000	0.039999	0.000000	0.040312
0.000000	0.040312	0.000000	0.039431
0.000000	0.039431	0.000000	0.039862
0.000000	0.039862	0.000000	0.040143
0.000000	0.040143	0.000000	0.040350
0.000000	0.040350	0.000000	0.039887
0.000000	0.039887	0.000000	0.039867
0.000000	0.039867	0.000000	0.039538
0.000000	0.039538	0.000000	0.039779
0.000000	0.039779	0.000000	0.039573
0.000000	0.039573	0.000000	0.039551
0.000000	0.039551	0.000000	0.039028
0.000000	0.039028	0.000000	0.039828
0.000000	0.039828	0.000000	0.039499
0.000000	0.039499	0.000000	0.039935
0.000000	0.039935	0.000000	0.039783
0.000000	0.039783	0.000000	0.039735
0.000000	0.039735	0.000000	0.039768
0.000000	0.039768	0.000000	0.039695
0.000000	0.039695	0.000000	0.039614
0.000000	0.039614	0.000000	0.039187
0.000000	0.039187	0.000000	0.039434
0.000000	0.039434	0.000000	0.039182
0.000000	0.039182	0.000000	0.039765
0.000000	0.039765	0.000000	0.039301
0.000000	0.039301	0.000000	0.039095
0.000000	0.039095	0.000000	0.038997
0.000000	0.038997	0.000000	0.039084
0.000000	0.039084	0.000000	0.038999
0.000000	0.038999	0.000000	0.039415
0.000000	0.039415	0.000000	0.039238
0.000000	0.039238	0.000000	0.039321
0.000000	0.039321	0.000000	0.038470
0.000000	0.038470	0.000000	0.038194
0.000000	0.038194	0.000000	0.038040
0.000000	0.038040	0.000000	0.037660
0.000000	0.037660	0.000000	0.037565
0.000000	0.037565	0.000000	0.037964
0.000000	0.037964	0.000000	0.037749
0.000000	0.037749	0.000000	0.038372
0.000000	0.038372	0.000000	0.037851
0.000000	0.037851	0.000000	0.038163
0.000000	0.038163	0.000000	0.038229
0.000000	0.038229	0.000000	0.038167
0.000000	0.038167	0.000000	0.038267
0.000000	0.038267	0.000000	0.038712
0.000000	0.038712	0.000000	0.038654
0.000000	0.038654	0.000000	0.038617
0.000000	0.038617	0.000000	0.038827
0.000000	0.038827	0.000000	0.039044
0.000000	0.039044	0.000000	0.038659
0.000000	0.038659	0.000000	0.038515
0.000000	0.038515	0.000000	0.038469
0.000000	0.038469	0.000000	0.038542
0.000000	0.038542	0.000000	0.038140
0.000000	0.038140	0.000000	0.038116
0.000000	0.038116	0.000000	0.037997
0.000000	0.037997	0.000000	0.037918
0.000000	0.037918	0.000000	0.037037
0.000000	0.037037	0.000000	0.036923
0.000000	0.036923	0.000000	0.037534
0.000000	0.037534	0.000000	0.037340
0.000000	0.037340	0.000000	0.037482
0.000000	0.037482	0.000000	0.037500
0.000000	0.037500	0.000000	0.037269
0.000000	0.037269	0.000000	0.036896
0.000000	0.036896	0.000000	0.036456
0.000000	0.036456	0.000000	0.036746
0.000000	0.036746	0.000000	0.036415
0.000000	0.036415	0.000000	0.036808
0.000000	0.036808	0.000000	0.036845
0.000000	0.036845	0.000000	0.036731
0.000000	0.036731	0.000000	0.036235
0.000000	0.036235	0.000000	0.035974
0.000000	0.035974	0.000000	0.035508
0.000000	0.035508	0.000000	0.036009
0.000000	0.036009	0.000000	0.036186
0.000000	0.036186	0.000000	0.036184
0.000000	0.036184	0.000000	0.036726
0.000000	0.036726	0.000000	0.036980
0.000000	0.036980	0.000000	0.036625
0.000000	0.036625	0.000000	0.036543
0.000000	0.036543	0.000000	0.036665
0.000000	0.036665	0.000000	0.037328
0.000000	0.037328	0.000000	0.036911
0.000000	0.036911	0.000000	0.036306
0.000000	0.036306	0.000000	0.037262
0.000000	0.037262	0.000000	0.037649
0.000000	0.037649	0.000000	0.037982
0.000000	0.037982	0.000000	0.037220
0.000000	0.037220	0.000000	0.036792
0.000000	0.036792	0.000000	0.036448
0.000000	0.036448	0.000000	0.037027
0.000000	0.037027	0.000000	0.036642
0.000000	0.036642	0.000000	0.036364
0.000000	0.036364	0.000000	0.036525
0.000000	0.036525	0.000000	0.036862
0.000000	0.036862	0.000000	0.036889
0.000000	0.036889	0.000000	0.037010
0.000000	0.037010	0.000000	0.037094
0.000000	0.037094	0.000000	0.037498
0.000000	0.037498	0.000000	0.037395
0.000000	0.037395	0.000000	0.036374
0.000000	0.036374	0.000000	0.036390
0.000000	0.036390	0.000000	0.036599
0.000000	0.036599	0.000000	0.036813
0.000000	0.036813	0.000000	0.036728
0.000000	0.036728	0.000000	0.036560
0.000000	0.036560	0.000000	0.036319
0.000000	0.036319	0.000000	0.036205
0.000000	0.036205	0.000000	0.036870
0.000000	0.036870	0.000000	0.036959
0.000000	0.036959	0.000000	0.037355
0.000000	0.037355	0.000000	0.037274
0.000000	0.037274	0.000000	0.037346
0.000000	0.037346	0.000000	0.037920
0.000000	0.037920	0.000000	0.038340
0.000000	0.038340	0.000000	0.038751
0.000000	0.038751	0.000000	0.038215
0.000000	0.038215	0.000000	0.037956
0.000000	0.037956	0.000000	0.038030
0.000000	0.038030	0.000000	0.037973
0.000000	0.037973	0.000000	0.037597
0.000000	0.037597	0.000000	0.037649
0.000000	0.037649	0.000000	0.037594
0.000000	0.037594	0.000000	0.038286
0.000000	0.038286	0.000000	0.038166
0.000000	0.038166	0.000000	0.038933
0.000000	0.038933	0.000000	0.038867
0.000000	0.038867	0.000000	0.038785
0.000000	0.038785	0.000000	0.039112
0.000000	0.039112	0.000000	0.039728
0.000000	0.039728	0.000000	0.039751
0.000000	0.039751	0.000000	0.039323
0.000000	0.039323	0.000000	0.039337
0.000000	0.039337	0.000000	0.038680
0.000000	0.038680	0.000000	0.038727
0.000000	0.038727	0.000000	0.038758
0.000000	0.038758	0.000000	0.038880
0.000000	0.038880	0.000000	0.039157
0.000000	0.039157	0.000000	0.039080
0.000000	0.039080	0.000000	0.039291
0.000000	0.039291	0.000000	0.038928
0.000000	0.038928	0.000000	0.039026
0.000000	0.039026	0.000000	0.039610
0.000000	0.039610	0.000000	0.039941
0.000000	0.039941	0.000000	0.039307
0.000000	0.039307	0.000000	0.039658
0.000000	0.039658	0.000000	0.039383
0.000000	0.039383	0.000000	0.039657
0.000000	0.039657	0.000000	0.039443
0.000000	0.039443	0.000000	0.038699
0.000000	0.038699	0.000000	0.038961
0.000000	0.038961	0.000000	0.039087
0.000000	0.039087	0.000000	0.039276
0.000000	0.039276	0.000000	0.039694
0.000000	0.039694	0.000000	0.039661
0.000000	0.039661	0.000000	0.039936
0.000000	0.039936	0.000000	0.039658
0.000000	0.039658	0.000000	0.038998
0.000000	0.038998	0.000000	0.039246
0.000000	0.039246	0.000000	0.038803
0.000000	0.038803	0.000000	0.038834
0.000000	0.038834	0.000000	0.039055
0.000000	0.039055	0.000000	0.038644
0.000000	0.038644	0.000000	0.038614
0.000000	0.038614	0.000000	0.038462
0.000000	0.038462	0.000000	0.039130
0.000000	0.039130	0.000000	0.039296
0.000000	0.039296	0.000000	0.039493
0.000000	0.039493	0.000000	0.039345
0.000000	0.039345	0.000000	0.039796
0.000000	0.039796	0.000000	0.040083
0.000000	0.040083	0.000000	0.040063
0.000000	0.040063	0.000000	0.039653
0.000000	0.039653	0.000000	0.039642
0.000000	0.039642	0.000000	0.039620
0.000000	0.039620	0.000000	0.039816
0.000000	0.039816	0.000000	0.039527
0.349934	0.299838	0.119486	0.284315
0.119486	0.284315	0.065721	0.253206
0.065721	0.253206	0.046380	0.218539
0.046380	0.218539	0.034091	0.184207
0.034091	0.184207	0.023722	0.151970
0.023722	0.151970	0.015565	0.126091
0.015565	0.126091	0.009634	0.106066
0.009634	0.106066	0.005472	0.092663
0.005472	0.092663	0.003189	0.084554
0.003189	0.084554	0.001877	0.078178
0.001877	0.078178	0.001153	0.073904
0.001153	0.073904	0.000663	0.070701
0.000663	0.070701	0.000448	0.068692
0.000448	0.068692	0.000286	0.067373
0.000286	0.067373	0.000159	0.066898
0.000159	0.066898	0.000084	0.065603
0.000084	0.065603	0.000044	0.064289
0.000044	0.064289	0.000021	0.064233
0.000021	0.064233	0.000016	0.064109
0.000016	0.064109	0.000022	0.063223
0.000022	0.063223	0.000014	0.062859
0.000014	0.062859	0.000006	0.061863
0.000006	0.061863	0.000000	0.061894
0.000000	0.061894	0.000000	0.061568
0.000000	0.061568	0.000000	0.061790
0.000000	0.061790	0.000000	0.061146
0.000000	0.061146	0.000000	0.061274
0.000000	0.061274	0.000000	0.061373
0.000000	0.061373	0.000000	0.061632
0.000000	0.061632	0.000000	0.062024
0.000000	0.062024	0.000000	0.061758
0.000000	0.061758	0.000000	0.062441
0.000000	0.062441	0.000000	0.062101
0.000000	0.062101	0.000000	0.061254
0.000000	0.061254	0.000000	0.061349
0.000000	0.061349	0.000000	0.060922
0.000000	0.060922	0.000000	0.060662
0.000000	0.060662	0.000000	0.061557
0.000000	0.061557	0.000000	0.061477
0.000000	0.061477	0.000000	0.060590
0.000000	0.060590	0.000000	0.060796
0.000000	0.060796	0.000000	0.059684
0.000000	0.059684	0.000000	0.059080
0.000000	0.059080	0.000000	0.059418
0.000000	0.059418	0.000000	0.060125
0.000000	0.060125	0.000000	0.060539
0.000000	0.060539	0.000000	0.060573
0.000000	0.060573	0.000000	0.060683
0.000000	0.060683	0.000000	0.060435
0.000000	0.060435	0.000000	0.059604
0.000000	0.059604	0.000000	0.060113
0.000000	0.060113	0.000000	0.060487
0.000000	0.060487	0.000000	0.060429
0.000000	0.060429	0.000000	0.060589
0.000000	0.060589	0.000000	0.060299
0.000000	0.060299	0.000000	0.060250
0.000000	0.060250	0.000000	0.059809
0.000000	0.059809	0.000000	0.059740
0.000000	0.059740	0.000000	0.059351
0.000000	0.059351	0.000000	0.058899
0.000000	0.058899	0.000000	0.058707
0.000000	0.058707	0.000000	0.058387
0.000000	0.058387	0.000000	0.058023
0.000000	0.058023	0.000000	0.058460
0.000000	0.058460	0.000000	0.058918
0.000000	0.058918	0.000000	0.059017
0.000000	0.059017	0.000000	0.059195
0.000000	0.059195	0.000000	0.058850
0.000000	0.058850	0.000000	0.058857
0.000000	0.058857	0.000000	0.058727
0.000000	0.058727	0.000000	0.057956
0.000000	0.057956	0.000000	0.057619
0.000000	0.057619	0.000000	0.057633
0.000000	0.057633	0.000000	0.057663
0.000000	0.057663	0.000000	0.057064
0.000000	0.057064	0.000000	0.057095
0.000000	0.057095	0.000000	0.057090
0.000000	0.057090	0.000000	0.056892
0.000000	0.056892	0.000000	0.057076
0.000000	0.057076	0.000000	0.057235
0.000000	0.057235	0.000000	0.057167
0.000000	0.057167	0.000000	0.056234
0.000000	0.056234	0.000000	0.056981
0.000000	0.056981	0.000000	0.056721
0.000000	0.056721	0.000000	0.056612
0.000000	0.056612	0.000000	0.056726
0.000000	0.056726	0.000000	0.057071
0.000000	0.057071	0.000000	0.055665
0.000000	0.055665	0.000000	0.056206
0.000000	0.056206	0.000000	0.055757
0.000000	0.055757	0.000000	0.055936
0.000000	0.055936	0.000000	0.054875
0.000000	0.054875	0.000000	0.055871
0.000000	0.055871	0.000000	0.056004
0.000000	0.056004	0.000000	0.055467
0.000000	0.055467	0.000000	0.055882
0.000000	0.055882	0.000000	0.056045
0.000000	0.056045	0.000000	0.057010
0.000000	0.057010	0.000000	0.057618
0.000000	0.057618	0.000000	0.057701
0.000000	0.057701	0.000000	0.057740
0.000000	0.057740	0.000000	0.057601
0.000000	0.057601	0.000000	0.057266
0.000000	0.057266	0.000000	0.057228
0.000000	0.057228	0.000000	0.057129
0.000000	0.057129	0.000000	0.056886
0.000000	0.056886	0.000000	0.057503
0.000000	0.057503	0.000000	0.056727
0.000000	0.056727	0.000000	0.056374
0.000000	0.056374	0.000000	0.056214
0.000000	0.056214	0.000000	0.056770
0.000000	0.056770	0.000000	0.056860
0.000000	0.056860	0.000000	0.056733
0.000000	0.056733	0.000000	0.056809
0.000000	0.056809	0.000000	0.057457
0.000000	0.057457	0.000000	0.057546
0.000000	0.057546	0.000000	0.057617
0.000000	0.057617	0.000000	0.058581
0.000000	0.058581	0.000000	0.058918
0.000000	0.058918	0.000000	0.058558
0.000000	0.058558	0.000000	0.058133
0.000000	0.058133	0.000000	0.058249
0.000000	0.058249	0.000000	0.058263
0.000000	0.058263	0.000000	0.058085
0.000000	0.058085	0.000000	0.058102
0.000000	0.058102	0.000000	0.058126
0.000000	0.058126	0.000000	0.058901
0.000000	0.058901	0.000000	0.058969
0.000000	0.058969	0.000000	0.058988
0.000000	0.058988	0.000000	0.059971
0.000000	0.059971	0.000000	0.060969
0.000000	0.060969	0.000000	0.060696
0.000000	0.060696	0.000000	0.060763
0.000000	0.060763	0.000000	0.061488
0.000000	0.061488	0.000000	0.061422
0.000000	0.061422	0.000000	0.061726
0.000000	0.061726	0.000000	0.061493
0.000000	0.061493	0.000000	0.062057
0.000000	0.062057	0.000000	0.062219
0.000000	0.062219	0.000000	0.061656
0.000000	0.061656	0.000000	0.061894
0.000000	0.061894	0.000000	0.060749
0.000000	0.060749	0.000000	0.060619
0.000000	0.060619	0.000000	0.060615
0.000000	0.060615	0.000000	0.060645
0.000000	0.060645	0.000000	0.061167
0.000000	0.061167	0.000000	0.061137
0.000000	0.061137	0.000000	0.060777
0.000000	0.060777	0.000000	0.061509
0.000000	0.061509	0.000000	0.062347
0.000000	0.062347	0.000000	0.062453
0.000000	0.062453	0.000000	0.062656
0.000000	0.062656	0.000000	0.063030
0.000000	0.063030	0.000000	0.063345
0.000000	0.063345	0.000000	0.063871
0.000000	0.063871	0.000000	0.063437
0.000000	0.063437	0.000000	0.063280
0.000000	0.063280	0.000000	0.063488
0.000000	0.063488	0.000000	0.063100
0.000000	0.063100	0.000000	0.062611
0.000000	0.062611	0.000000	0.062224
0.000000	0.062224	0.000000	0.062186
0.000000	0.062186	0.000000	0.062400
0.000000	0.062400	0.000000	0.061500
0.000000	0.061500	0.000000	0.060130
0.000000	0.060130	0.000000	0.059125
0.000000	0.059125	0.000000	0.059245
0.000000	0.059245	0.000000	0.058466
0.000000	0.058466	0.000000	0.059235
0.000000	0.059235	0.000000	0.059512
0.000000	0.059512	0.000000	0.060171
0.000000	0.060171	0.000000	0.060378
0.000000	0.060378	0.000000	0.059655
0.000000	0.059655	0.000000	0.059533
0.000000	0.059533	0.000000	0.059030
0.000000	0.059030	0.000000	0.059326
0.000000	0.059326	0.000000	0.059203
0.000000	0.059203	0.000000	0.058863
0.000000	0.058863	0.000000	0.059647
0.000000	0.059647	0.000000	0.059955
0.000000	0.059955	0.000000	0.059571
0.000000	0.059571	0.000000	0.060039
0.000000	0.060039	0.000000	0.060283
0.000000	0.060283	0.000000	0.060662
0.000000	0.060662	0.000000	0.061260
0.000000	0.061260	0.000000	0.060745
0.000000	0.060745	0.000000	0.060400
0.000000	0.060400	0.000000	0.060389
0.000000	0.060389	0.000000	0.060408
0.000000	0.060408	0.000000	0.060538
0.000000	0.060538	0.000000	0.060841
0.000000	0.060841	0.000000	0.061470
0.000000	0.061470	0.000000	0.061083
0.000000	0.061083	0.000000	0.060955
0.000000	0.060955	0.000000	0.060457
0.000000	0.060457	0.000000	0.060090
0.000000	0.060090	0.000000	0.059743
0.000000	0.059743	0.000000	0.059307
0.000000	0.059307	0.000000	0.059165
0.349796	0.249348	0.078720	0.234308
0.078720	0.234308	0.035828	0.206582
0.035828	0.206582	0.023327	0.180824
0.023327	0.180824	0.016834	0.160246
0.016834	0.160246	0.012099	0.142715
0.012099	0.142715	0.008639	0.129929
0.008639	0.129929	0.006229	0.120861
0.006229	0.120861	0.004639	0.112614
0.004639	0.112614	0.003450	0.107491
0.003450	0.107491	0.002570	0.102392
0.002570	0.102392	0.002006	0.098955
0.002006	0.098955	0.001490	0.095626
0.001490	0.095626	0.001067	0.093509
0.001067	0.093509	0.000645	0.091854
0.000645	0.091854	0.000470	0.090417
0.000470	0.090417	0.000291	0.089585
0.000291	0.089585	0.000242	0.090065
0.000242	0.090065	0.000227	0.088386
0.000227	0.088386	0.000195	0.086827
0.000195	0.086827	0.000205	0.086472
0.000205	0.086472	0.000165	0.085935
0.000165	0.085935	0.000161	0.086511
0.000161	0.086511	0.000147	0.086969
0.000147	0.086969	0.000099	0.087005
0.000099	0.087005	0.000041	0.085772
0.000041	0.085772	0.000009	0.085653
0.000009	0.085653	0.000015	0.085315
0.000015	0.085315	0.000025	0.085091
0.000025	0.085091	0.000015	0.084688
0.000015	0.084688	0.000015	0.085486
0.000015	0.085486	0.000026	0.085778
0.000026	0.085778	0.000012	0.085341
0.000012	0.085341	0.000007	0.085480
0.000007	0.085480	0.000002	0.086565
0.000002	0.086565	0.000009	0.086254
0.000009	0.086254	0.000001	0.086896
0.000001	0.086896	0.000000	0.087658
0.000000	0.087658	0.000000	0.087935
0.000000	0.087935	0.000000	0.087710
0.000000	0.087710	0.000000	0.087453
0.000000	0.087453	0.000000	0.087187
0.000000	0.087187	0.000000	0.086844
0.000000	0.086844	0.000000	0.086868
0.000000	0.086868	0.000000	0.088294
0.000000	0.088294	0.000000	0.087781
0.000000	0.087781	0.000000	0.087893
0.000000	0.087893	0.000000	0.088440
0.000000	0.088440	0.000000	0.088412
0.000000	0.088412	0.000000	0.087768
0.000000	0.087768	0.000000	0.088665
0.000000	0.088665	0.000000	0.089306
0.000000	0.089306	0.000000	0.089467
0.000000	0.089467	0.000000	0.090066
0.000000	0.090066	0.000000	0.089495
0.000000	0.089495	0.000000	0.089031
0.000000	0.089031	0.000000	0.089227
0.000000	0.089227	0.000000	0.089736
0.000000	0.089736	0.000000	0.089252
0.000000	0.089252	0.000000	0.088980
0.000000	0.088980	0.000000	0.088143
0.000000	0.088143	0.000000	0.088037
0.000000	0.088037	0.000000	0.087599
0.000000	0.087599	0.000000	0.087890
0.000000	0.087890	0.000000	0.088208
0.000000	0.088208	0.000000	0.087806
0.000000	0.087806	0.000000	0.088244
0.000000	0.088244	0.000000	0.088384
0.000000	0.088384	0.000000	0.088599
0.000000	0.088599	0.000000	0.088547
0.000000	0.088547	0.000000	0.088446
0.000000	0.088446	0.000000	0.088399
0.000000	0.088399	0.000000	0.089058
0.000000	0.089058	0.000000	0.089691
0.000000	0.089691	0.000000	0.088585
0.000000	0.088585	0.000000	0.089392
0.000000	0.089392	0.000000	0.088783
0.000000	0.088783	0.000000	0.088924
0.000000	0.088924	0.000000	0.088599
0.000000	0.088599	0.000000	0.087899
0.000000	0.087899	0.000000	0.088397
0.000000	0.088397	0.000000	0.088668
0.000000	0.088668	0.000000	0.088774
0.000000	0.088774	0.000000	0.088089
0.000000	0.088089	0.000000	0.088209
0.000000	0.088209	0.000000	0.088246
0.000000	0.088246	0.000000	0.088220
0.000000	0.088220	0.000000	0.088688
0.000000	0.088688	0.000000	0.087998
0.000000	0.087998	0.000000	0.088591
0.000000	0.088591	0.000000	0.088356
0.000000	0.088356	0.000000	0.088016
0.000000	0.088016	0.000000	0.088423
0.000000	0.088423	0.000000	0.088520
0.000000	0.088520	0.000000	0.088606
0.000000	0.088606	0.000000	0.088649
0.000000	0.088649	0.000000	0.088678
0.000000	0.088678	0.000000	0.088134
0.000000	0.088134	0.000000	0.087936
0.000000	0.087936	0.000000	0.087370
0.000000	0.087370	0.000000	0.088080
0.000000	0.088080	0.000000	0.087288
0.000000	0.087288	0.000000	0.087361
0.000000	0.087361	0.000000	0.088108
0.000000	0.088108	0.000000	0.087534
0.000000	0.087534	0.000000	0.087132
0.000000	0.087132	0.000000	0.087211
0.000000	0.087211	0.000000	0.086820
0.000000	0.086820	0.000000	0.086490
0.000000	0.086490	0.000000	0.085826
0.000000	0.085826	0.000000	0.086301
0.000000	0.086301	0.000000	0.086515
0.000000	0.086515	0.000000	0.087464
0.000000	0.087464	0.000000	0.086853
0.000000	0.086853	0.000000	0.087292
0.000000	0.087292	0.000000	0.087582
0.000000	0.087582	0.000000	0.087870
0.000000	0.087870	0.000000	0.088352
0.000000	0.088352	0.000000	0.088339
0.000000	0.088339	0.000000	0.088419
0.000000	0.088419	0.000000	0.087553
0.000000	0.087553	0.000000	0.088149
0.000000	0.088149	0.000000	0.087874
0.000000	0.087874	0.000000	0.087632
0.000000	0.087632	0.000000	0.088069
0.000000	0.088069	0.000000	0.088077
0.000000	0.088077	0.000000	0.088305
0.000000	0.088305	0.000000	0.088239
0.000000	0.088239	0.000000	0.088538
0.000000	0.088538	0.000000	0.088225
0.000000	0.088225	0.000000	0.088699
0.000000	0.088699	0.000000	0.088118
0.000000	0.088118	0.000000	0.088014
0.000000	0.088014	0.000000	0.087487
0.000000	0.087487	0.000000	0.087307
0.000000	0.087307	0.000000	0.087874
0.000000	0.087874	0.000000	0.088400
0.000000	0.088400	0.000000	0.088411
0.000000	0.088411	0.000000	0.088010
0.000000	0.088010	0.000000	0.088044
0.000000	0.088044	0.000000	0.088395
0.000000	0.088395	0.000000	0.087578
0.000000	0.087578	0.000000	0.086848
0.000000	0.086848	0.000000	0.086072
0.000000	0.086072	0.000000	0.086130
0.000000	0.086130	0.000000	0.086711
0.000000	0.086711	0.000000	0.087030
0.000000	0.087030	0.000000	0.086980
0.000000	0.086980	0.000000	0.087444
0.000000	0.087444	0.000000	0.087808
0.000000	0.087808	0.000000	0.088044
0.000000	0.088044	0.000000	0.087335
0.000000	0.087335	0.000000	0.087644
0.000000	0.087644	0.000000	0.087658
0.000000	0.087658	0.000000	0.087797
0.000000	0.087797	0.000000	0.087915
0.000000	0.087915	0.000000	0.088148
0.000000	0.088148	0.000000	0.087581
0.000000	0.087581	0.000000	0.087433
0.000000	0.087433	0.000000	0.088196
0.000000	0.088196	0.000000	0.088431
0.000000	0.088431	0.000000	0.088709
0.000000	0.088709	0.000000	0.088174
0.000000	0.088174	0.000000	0.087826
0.000000	0.087826	0.000000	0.087782
0.000000	0.087782	0.000000	0.087783
0.000000	0.087783	0.000000	0.087411
0.000000	0.087411	0.000000	0.088307
0.000000	0.088307	0.000000	0.088480
0.000000	0.088480	0.000000	0.088859
0.000000	0.088859	0.000000	0.089567
0.000000	0.089567	0.000000	0.090162
0.000000	0.090162	0.000000	0.089939
0.000000	0.089939	0.000000	0.089899
0.000000	0.089899	0.000000	0.089380
0.000000	0.089380	0.000000	0.089454
0.000000	0.089454	0.000000	0.089497
0.000000	0.089497	0.000000	0.089415
0.000000	0.089415	0.000000	0.089320
0.000000	0.089320	0.000000	0.089870
0.000000	0.089870	0.000000	0.089662
0.000000	0.089662	0.000000	0.089610
0.000000	0.089610	0.000000	0.089009
0.000000	0.089009	0.000000	0.088631
0.000000	0.088631	0.000000	0.088900
0.000000	0.088900	0.000000	0.088363
0.000000	0.088363	0.000000	0.088353
0.000000	0.088353	0.000000	0.089840
0.000000	0.089840	0.000000	0.090193
0.000000	0.090193	0.000000	0.090240
0.000000	0.090240	0.000000	0.090138
0.000000	0.090138	0.000000	0.089949
0.000000	0.089949	0.000000	0.090785
0.000000	0.090785	0.000000	0.090271
0.000000	0.090271	0.000000	0.090608
0.000000	0.090608	0.000000	0.090432
0.000000	0.090432	0.000000	0.090681
0.000000	0.090681	0.000000	0.090859
0.000000	0.090859	0.000000	0.090353
0.000000	0.090353	0.000000	0.090206
0.349653	0.200108	0.049302	0.184062
0.049302	0.184062	0.016971	0.164824
0.016971	0.164824	0.010543	0.149252
0.010543	0.149252	0.007489	0.136596
0.007489	0.136596	0.005688	0.128736
0.005688	0.128736	0.004365	0.123172
0.004365	0.123172	0.003456	0.118700
0.003456	0.118700	0.002402	0.114277
0.002402	0.114277	0.001859	0.111901
0.001859	0.111901	0.001437	0.109035
0.001437	0.109035	0.001093	0.107753
0.001093	0.107753	0.000854	0.107594
0.000854	0.107594	0.000664	0.106248
0.000664	0.106248	0.000539	0.105150
0.000539	0.105150	0.000377	0.104293
0.000377	0.104293	0.000284	0.104627
0.000284	0.104627	0.000204	0.103151
0.000204	0.103151	0.000166	0.102684
0.000166	0.102684	0.000104	0.103239
0.000104	0.103239	0.000054	0.103444
0.000054	0.103444	0.000016	0.103243
0.000016	0.103243	0.000025	0.102434
0.000025	0.102434	0.000013	0.101463
0.000013	0.101463	0.000005	0.101455
0.000005	0.101455	0.000002	0.100662
0.000002	0.100662	0.000002	0.099703
0.000002	0.099703	0.000000	0.100262
0.000000	0.100262	0.000000	0.099252
0.000000	0.099252	0.000000	0.099282
0.000000	0.099282	0.000000	0.100050
0.000000	0.100050	0.000000	0.100123
0.000000	0.100123	0.000000	0.100765
0.000000	0.100765	0.000000	0.100809
0.000000	0.100809	0.000000	0.101123
0.000000	0.101123	0.000000	0.101082
0.000000	0.101082	0.000000	0.101668
0.000000	0.101668	0.000000	0.102869
0.000000	0.102869	0.000000	0.102030
0.000000	0.102030	0.000000	0.102525
0.000000	0.102525	0.000000	0.102980
0.000000	0.102980	0.000000	0.103599
0.000000	0.103599	0.000000	0.103340
0.000000	0.103340	0.000000	0.102868
0.000000	0.102868	0.000000	0.102265
0.000000	0.102265	0.000000	0.101470
0.000000	0.101470	0.000000	0.101462
0.000000	0.101462	0.000000	0.101549
0.000000	0.101549	0.000000	0.101673
0.000000	0.101673	0.000000	0.101321
0.000000	0.101321	0.000000	0.101865
0.000000	0.101865	0.000000	0.102094
0.000000	0.102094	0.000000	0.101763
0.000000	0.101763	0.000000	0.101094
0.000000	0.101094	0.000000	0.101884
0.000000	0.101884	0.000000	0.100958
0.000000	0.100958	0.000000	0.101528
0.000000	0.101528	0.000000	0.100836
0.000000	0.100836	0.000000	0.100153
0.000000	0.100153	0.000000	0.100189
0.000000	0.100189	0.000000	0.100378
0.000000	0.100378	0.000000	0.099920
0.000000	0.099920	0.000000	0.100896
0.000000	0.100896	0.000000	0.101460
0.000000	0.101460	0.000000	0.100679
0.000000	0.100679	0.000000	0.100504
0.000000	0.100504	0.000000	0.100329
0.000000	0.100329	0.000000	0.100404
0.000000	0.100404	0.000000	0.100765
0.000000	0.100765	0.000000	0.101128
0.000000	0.101128	0.000000	0.100410
0.000000	0.100410	0.000000	0.100787
0.000000	0.100787	0.000000	0.100811
0.000000	0.100811	0.000000	0.100235
0.000000	0.100235	0.000000	0.100269
0.000000	0.100269	0.000000	0.100498
0.000000	0.100498	0.000000	0.099698
0.000000	0.099698	0.000000	0.099136
0.000000	0.099136	0.000000	0.099296
0.000000	0.099296	0.000000	0.099131
0.000000	0.099131	0.000000	0.098805
0.000000	0.098805	0.000000	0.098964
0.000000	0.098964	0.000000	0.099568
0.000000	0.099568	0.000000	0.099551
0.000000	0.099551	0.000000	0.099790
0.000000	0.099790	0.000000	0.099962
0.000000	0.099962	0.000000	0.099975
0.000000	0.099975	0.000000	0.101533
0.000000	0.101533	0.000000	0.101915
0.000000	0.101915	0.000000	0.102636
0.000000	0.102636	0.000000	0.101806
0.000000	0.101806	0.000000	0.102026
0.000000	0.102026	0.000000	0.101911
0.000000	0.101911	0.000000	0.101809
0.000000	0.101809	0.000000	0.100919
0.000000	0.100919	0.000000	0.101187
0.000000	0.101187	0.000000	0.101880
0.000000	0.101880	0.000000	0.102821
0.000000	0.102821	0.000000	0.103598
0.000000	0.103598	0.000000	0.103375
0.000000	0.103375	0.000000	0.103688
0.000000	0.103688	0.000000	0.103786
0.000000	0.103786	0.000000	0.102624
0.000000	0.102624	0.000000	0.102465
0.000000	0.102465	0.000000	0.102990
0.000000	0.102990	0.000000	0.103639
0.000000	0.103639	0.000000	0.104139
0.000000	0.104139	0.000000	0.104557
0.000000	0.104557	0.000000	0.105169
0.000000	0.105169	0.000000	0.104808
0.000000	0.104808	0.000000	0.104792
0.000000	0.104792	0.000000	0.104115
0.000000	0.104115	0.000000	0.103423
0.000000	0.103423	0.000000	0.105355
0.000000	0.105355	0.000000	0.105512
0.000000	0.105512	0.000000	0.104100
0.000000	0.104100	0.000000	0.104218
0.000000	0.104218	0.000000	0.104427
0.000000	0.104427	0.000000	0.105055
0.000000	0.105055	0.000000	0.104992
0.000000	0.104992	0.000000	0.104652
0.000000	0.104652	0.000000	0.105277
0.000000	0.105277	0.000000	0.105862
0.000000	0.105862	0.000000	0.105131
0.000000	0.105131	0.000000	0.104484
0.000000	0.104484	0.000000	0.104953
0.000000	0.104953	0.000000	0.105346
0.000000	0.105346	0.000000	0.105366
0.000000	0.105366	0.000000	0.105308
0.000000	0.105308	0.000000	0.104226
0.000000	0.104226	0.000000	0.103974
0.000000	0.103974	0.000000	0.102514
0.000000	0.102514	0.000000	0.101809
0.000000	0.101809	0.000000	0.101289
0.000000	0.101289	0.000000	0.101142
0.000000	0.101142	0.000000	0.100775
0.000000	0.100775	0.000000	0.100060
0.000000	0.100060	0.000000	0.099799
0.000000	0.099799	0.000000	0.099011
0.000000	0.099011	0.000000	0.098641
0.000000	0.098641	0.000000	0.098032
0.000000	0.098032	0.000000	0.097719
0.000000	0.097719	0.000000	0.098345
0.000000	0.098345	0.000000	0.098955
0.000000	0.098955	0.000000	0.098973
0.000000	0.098973	0.000000	0.098680
0.000000	0.098680	0.000000	0.098987
0.000000	0.098987	0.000000	0.099395
0.000000	0.099395	0.000000	0.099586
0.000000	0.099586	0.000000	0.100696
0.000000	0.100696	0.000000	0.100610
0.000000	0.100610	0.000000	0.100823
0.000000	0.100823	0.000000	0.100808
0.000000	0.100808	0.000000	0.100718
0.000000	0.100718	0.000000	0.101449
0.000000	0.101449	0.000000	0.101324
0.000000	0.101324	0.000000	0.101318
0.000000	0.101318	0.000000	0.101391
0.000000	0.101391	0.000000	0.101129
0.000000	0.101129	0.000000	0.101877
0.000000	0.101877	0.000000	0.101192
0.000000	0.101192	0.000000	0.101166
0.000000	0.101166	0.000000	0.101890
0.000000	0.101890	0.000000	0.101300
0.000000	0.101300	0.000000	0.100302
0.000000	0.100302	0.000000	0.101031
0.000000	0.101031	0.000000	0.101658
0.000000	0.101658	0.000000	0.101785
0.000000	0.101785	0.000000	0.101528
0.000000	0.101528	0.000000	0.101395
0.000000	0.101395	0.000000	0.100683
0.000000	0.100683	0.000000	0.100779
0.000000	0.100779	0.000000	0.100469
0.000000	0.100469	0.000000	0.100072
0.000000	0.100072	0.000000	0.100523
0.000000	0.100523	0.000000	0.100981
0.000000	0.100981	0.000000	0.100007
0.000000	0.100007	0.000000	0.100401
0.000000	0.100401	0.000000	0.100758
0.000000	0.100758	0.000000	0.100810
0.000000	0.100810	0.000000	0.101180
0.000000	0.101180	0.000000	0.102222
0.000000	0.102222	0.000000	0.102399
0.000000	0.102399	0.000000	0.102254
0.000000	0.102254	0.000000	0.102723
0.000000	0.102723	0.000000	0.102454
0.000000	0.102454	0.000000	0.102525
0.000000	0.102525	0.000000	0.102935
0.000000	0.102935	0.000000	0.102306
0.000000	0.102306	0.000000	0.102472
0.000000	0.102472	0.000000	0.102910
0.000000	0.102910	0.000000	0.104012
0.000000	0.104012	0.000000	0.104225
0.000000	0.104225	0.000000	0.103192
0.000000	0.103192	0.000000	0.103864
0.000000	0.103864	0.000000	0.102967
0.000000	0.102967	0.000000	0.103712
0.000000	0.103712	0.000000	0.103655
0.000000	0.103655	0.000000	0.104051
0.000000	0.104051	0.000000	0.103564
0.349275	0.149850	0.027475	0.139164
0.027475	0.139164	0.006891	0.126186
0.006891	0.126186	0.003413	0.118218
0.003413	0.118218	0.002210	0.114159
0.002210	0.114159	0.001735	0.110988
0.001735	0.110988	0.001266	0.107537
0.001266	0.107537	0.000916	0.105139
0.000916	0.105139	0.000616	0.104608
0.000616	0.104608	0.000406	0.104060
0.000406	0.104060	0.000341	0.104494
0.000341	0.104494	0.000287	0.104562
0.000287	0.104562	0.000179	0.104409
0.000179	0.104409	0.000120	0.104192
0.000120	0.104192	0.000080	0.104261
0.000080	0.104261	0.000073	0.103819
0.000073	0.103819	0.000040	0.101952
0.000040	0.101952	0.000020	0.102264
0.000020	0.102264	0.000002	0.102341
0.000002	0.102341	0.000010	0.103550
0.000010	0.103550	0.000000	0.104245
0.000000	0.104245	0.000000	0.103908
0.000000	0.103908	0.000000	0.103216
0.000000	0.103216	0.000000	0.101513
0.000000	0.101513	0.000000	0.102022
0.000000	0.102022	0.000000	0.101276
0.000000	0.101276	0.000000	0.102144
0.000000	0.102144	0.000000	0.102487
0.000000	0.102487	0.000000	0.102908
0.000000	0.102908	0.000000	0.103077
0.000000	0.103077	0.000000	0.102972
0.000000	0.102972	0.000000	0.102907
0.000000	0.102907	0.000000	0.104144
0.000000	0.104144	0.000000	0.104104
0.000000	0.104104	0.000000	0.103824
0.000000	0.103824	0.000000	0.104438
0.000000	0.104438	0.000000	0.104075
0.000000	0.104075	0.000000	0.105372
0.000000	0.105372	0.000000	0.106525
0.000000	0.106525	0.000000	0.106843
0.000000	0.106843	0.000000	0.107670
0.000000	0.107670	0.000000	0.109510
0.000000	0.109510	0.000000	0.109311
0.000000	0.109311	0.000000	0.109410
0.000000	0.109410	0.000000	0.109461
0.000000	0.109461	0.000000	0.109812
0.000000	0.109812	0.000000	0.109082
0.000000	0.109082	0.000000	0.109524
0.000000	0.109524	0.000000	0.109113
0.000000	0.109113	0.000000	0.109501
0.000000	0.109501	0.000000	0.108583
0.000000	0.108583	0.000000	0.109659
0.000000	0.109659	0.000000	0.110538
0.000000	0.110538	0.000000	0.109923
0.000000	0.109923	0.000000	0.110808
0.000000	0.110808	0.000000	0.111182
0.000000	0.111182	0.000000	0.110417
0.000000	0.110417	0.000000	0.110907
0.000000	0.110907	0.000000	0.111373
0.000000	0.111373	0.000000	0.111136
0.000000	0.111136	0.000000	0.111031
0.000000	0.111031	0.000000	0.111518
0.000000	0.111518	0.000000	0.110526
0.000000	0.110526	0.000000	0.110865
0.000000	0.110865	0.000000	0.111773
0.000000	0.111773	0.000000	0.111843
0.000000	0.111843	0.000000	0.111303
0.000000	0.111303	0.000000	0.111598
0.000000	0.111598	0.000000	0.110839
0.000000	0.110839	0.000000	0.111734
0.000000	0.111734	0.000000	0.112248
0.000000	0.112248	0.000000	0.111635
0.000000	0.111635	0.000000	0.112023
0.000000	0.112023	0.000000	0.111585
0.000000	0.111585	0.000000	0.111268
0.000000	0.111268	0.000000	0.111663
0.000000	0.111663	0.000000	0.111311
0.000000	0.111311	0.000000	0.111056
0.000000	0.111056	0.000000	0.111058
0.000000	0.111058	0.000000	0.111419
0.000000	0.111419	0.000000	0.111394
0.000000	0.111394	0.000000	0.111727
0.000000	0.111727	0.000000	0.112564
0.000000	0.112564	0.000000	0.112639
0.000000	0.112639	0.000000	0.112392
0.000000	0.112392	0.000000	0.112628
0.000000	0.112628	0.000000	0.111975
0.000000	0.111975	0.000000	0.112633
0.000000	0.112633	0.000000	0.112294
0.000000	0.112294	0.000000	0.112404
0.000000	0.112404	0.000000	0.112730
0.000000	0.112730	0.000000	0.113038
0.000000	0.113038	0.000000	0.113598
0.000000	0.113598	0.000000	0.113028
0.000000	0.113028	0.000000	0.113096
0.000000	0.113096	0.000000	0.113314
0.000000	0.113314	0.000000	0.114260
0.000000	0.114260	0.000000	0.114180
0.000000	0.114180	0.000000	0.114169
0.000000	0.114169	0.000000	0.114601
0.000000	0.114601	0.000000	0.113431
0.000000	0.113431	0.000000	0.113650
0.000000	0.113650	0.000000	0.113762
0.000000	0.113762	0.000000	0.112840
0.000000	0.112840	0.000000	0.113493
0.000000	0.113493	0.000000	0.112755
0.000000	0.112755	0.000000	0.113235
0.000000	0.113235	0.000000	0.113926
0.000000	0.113926	0.000000	0.113756
0.000000	0.113756	0.000000	0.113597
0.000000	0.113597	0.000000	0.113165
0.000000	0.113165	0.000000	0.113140
0.000000	0.113140	0.000000	0.113840
0.000000	0.113840	0.000000	0.113390
0.000000	0.113390	0.000000	0.113751
0.000000	0.113751	0.000000	0.115331
0.000000	0.115331	0.000000	0.115662
0.000000	0.115662	0.000000	0.115320
0.000000	0.115320	0.000000	0.115795
0.000000	0.115795	0.000000	0.115837
0.000000	0.115837	0.000000	0.114681
0.000000	0.114681	0.000000	0.114660
0.000000	0.114660	0.000000	0.114866
0.000000	0.114866	0.000000	0.116175
0.000000	0.116175	0.000000	0.115356
0.000000	0.115356	0.000000	0.115520
0.000000	0.115520	0.000000	0.115403
0.000000	0.115403	0.000000	0.114747
0.000000	0.114747	0.000000	0.113889
0.000000	0.113889	0.000000	0.113589
0.000000	0.113589	0.000000	0.114280
0.000000	0.114280	0.000000	0.114763
0.000000	0.114763	0.000000	0.114255
0.000000	0.114255	0.000000	0.113639
0.000000	0.113639	0.000000	0.113860
0.000000	0.113860	0.000000	0.112614
0.000000	0.112614	0.000000	0.111974
0.000000	0.111974	0.000000	0.111576
0.000000	0.111576	0.000000	0.111386
0.000000	0.111386	0.000000	0.111218
0.000000	0.111218	0.000000	0.111265
0.000000	0.111265	0.000000	0.111007
0.000000	0.111007	0.000000	0.111203
0.000000	0.111203	0.000000	0.110747
0.000000	0.110747	0.000000	0.111628
0.000000	0.111628	0.000000	0.110757
0.000000	0.110757	0.000000	0.111031
0.000000	0.111031	0.000000	0.111866
0.000000	0.111866	0.000000	0.111847
0.000000	0.111847	0.000000	0.112163
0.000000	0.112163	0.000000	0.111395
0.000000	0.111395	0.000000	0.111588
0.000000	0.111588	0.000000	0.111868
0.000000	0.111868	0.000000	0.113304
0.000000	0.113304	0.000000	0.113074
0.000000	0.113074	0.000000	0.113435
0.000000	0.113435	0.000000	0.113298
0.000000	0.113298	0.000000	0.113343
0.000000	0.113343	0.000000	0.113270
0.000000	0.113270	0.000000	0.113571
0.000000	0.113571	0.000000	0.113296
0.000000	0.113296	0.000000	0.113104
0.000000	0.113104	0.000000	0.113029
0.000000	0.113029	0.000000	0.112908
0.000000	0.112908	0.000000	0.113180
0.000000	0.113180	0.000000	0.112608
0.000000	0.112608	0.000000	0.112841
0.000000	0.112841	0.000000	0.112747
0.000000	0.112747	0.000000	0.112063
0.000000	0.112063	0.000000	0.112946
0.000000	0.112946	0.000000	0.113875
0.000000	0.113875	0.000000	0.113233
0.000000	0.113233	0.000000	0.113174
0.000000	0.113174	0.000000	0.113528
0.000000	0.113528	0.000000	0.113185
0.000000	0.113185	0.000000	0.112916
0.000000	0.112916	0.000000	0.112655
0.000000	0.112655	0.000000	0.112951
0.000000	0.112951	0.000000	0.113536
0.000000	0.113536	0.000000	0.113622
0.000000	0.113622	0.000000	0.114175
0.000000	0.114175	0.000000	0.114318
0.000000	0.114318	0.000000	0.115960
0.000000	0.115960	0.000000	0.115640
0.000000	0.115640	0.000000	0.115859
0.000000	0.115859	0.000000	0.116532
0.000000	0.116532	0.000000	0.116322
0.000000	0.116322	0.000000	0.117019
0.000000	0.117019	0.000000	0.117880
0.000000	0.117880	0.000000	0.118498
0.000000	0.118498	0.000000	0.118346
0.000000	0.118346	0.000000	0.118848
0.000000	0.118848	0.000000	0.119770
0.000000	0.119770	0.000000	0.119425
0.000000	0.119425	0.000000	0.119446
0.000000	0.119446	0.000000	0.118835
0.000000	0.118835	0.000000	0.119755
0.000000	0.119755	0.000000	0.119835
0.000000	0.119835	0.000000	0.120889
0.000000	0.120889	0.000000	0.119484
0.349839	0.100051	0.013648	0.091342
0.013648	0.091342	0.001965	0.084336
0.001965	0.084336	0.000731	0.081390
0.000731	0.081390	0.000463	0.079417
0.000463	0.079417	0.000373	0.078487
0.000373	0.078487	0.000224	0.077453
0.000224	0.077453	0.000211	0.076400
0.000211	0.076400	0.000162	0.076147
0.000162	0.076147	0.000135	0.076482
0.000135	0.076482	0.000134	0.076584
0.000134	0.076584	0.000115	0.075781
0.000115	0.075781	0.000133	0.075538
0.000133	0.075538	0.000098	0.075001
0.000098	0.075001	0.000039	0.075047
0.000039	0.075047	0.000006	0.075030
0.000006	0.075030	0.000011	0.075017
0.000011	0.075017	0.000000	0.075149
0.000000	0.075149	0.000000	0.075782
0.000000	0.075782	0.000000	0.075333
0.000000	0.075333	0.000000	0.076396
0.000000	0.076396	0.000000	0.076434
0.000000	0.076434	0.000000	0.077550
0.000000	0.077550	0.000000	0.077685
0.000000	0.077685	0.000000	0.077192
0.000000	0.077192	0.000000	0.077432
0.000000	0.077432	0.000000	0.077325
0.000000	0.077325	0.000000	0.076999
0.000000	0.076999	0.000000	0.077621
0.000000	0.077621	0.000000	0.078766
0.000000	0.078766	0.000000	0.078613
0.000000	0.078613	0.000000	0.078456
0.000000	0.078456	0.000000	0.078736
0.000000	0.078736	0.000000	0.078541
0.000000	0.078541	0.000000	0.078451
0.000000	0.078451	0.000000	0.078163
0.000000	0.078163	0.000000	0.078077
0.000000	0.078077	0.000000	0.077333
0.000000	0.077333	0.000000	0.077299
0.000000	0.077299	0.000000	0.077711
0.000000	0.077711	0.000000	0.077057
0.000000	0.077057	0.000000	0.077163
0.000000	0.077163	0.000000	0.076834
0.000000	0.076834	0.000000	0.077047
0.000000	0.077047	0.000000	0.076566
0.000000	0.076566	0.000000	0.075828
0.000000	0.075828	0.000000	0.075510
0.000000	0.075510	0.000000	0.076469
0.000000	0.076469	0.000000	0.077026
0.000000	0.077026	0.000000	0.077545
0.000000	0.077545	0.000000	0.078613
0.000000	0.078613	0.000000	0.078923
0.000000	0.078923	0.000000	0.078885
0.000000	0.078885	0.000000	0.079034
0.000000	0.079034	0.000000	0.079928
0.000000	0.079928	0.000000	0.080370
0.000000	0.080370	0.000000	0.080520
0.000000	0.080520	0.000000	0.080388
0.000000	0.080388	0.000000	0.079904
0.000000	0.079904	0.000000	0.080144
0.000000	0.080144	0.000000	0.080316
0.000000	0.080316	0.000000	0.080279
0.000000	0.080279	0.000000	0.081211
0.000000	0.081211	0.000000	0.081987
0.000000	0.081987	0.000000	0.082609
0.000000	0.082609	0.000000	0.082833
0.000000	0.082833	0.000000	0.082482
0.000000	0.082482	0.000000	0.082718
0.000000	0.082718	0.000000	0.082596
0.000000	0.082596	0.000000	0.081858
0.000000	0.081858	0.000000	0.081424
0.000000	0.081424	0.000000	0.080649
0.000000	0.080649	0.000000	0.080120
0.000000	0.080120	0.000000	0.081062
0.000000	0.081062	0.000000	0.079853
0.000000	0.079853	0.000000	0.080376
0.000000	0.080376	0.000000	0.080623
0.000000	0.080623	0.000000	0.081007
0.000000	0.081007	0.000000	0.081111
0.000000	0.081111	0.000000	0.080983
0.000000	0.080983	0.000000	0.079472
0.000000	0.079472	0.000000	0.079709
0.000000	0.079709	0.000000	0.079035
0.000000	0.079035	0.000000	0.079491
0.000000	0.079491	0.000000	0.080767
0.000000	0.080767	0.000000	0.080633
0.000000	0.080633	0.000000	0.081377
0.000000	0.081377	0.000000	0.081160
0.000000	0.081160	0.000000	0.081655
0.000000	0.081655	0.000000	0.082354
0.000000	0.082354	0.000000	0.082082
0.000000	0.082082	0.000000	0.081447
0.000000	0.081447	0.000000	0.081636
0.000000	0.081636	0.000000	0.081606
0.000000	0.081606	0.000000	0.081766
0.000000	0.081766	0.000000	0.081643
0.000000	0.081643	0.000000	0.081352
0.000000	0.081352	0.000000	0.081445
0.000000	0.081445	0.000000	0.081235
0.000000	0.081235	0.000000	0.081179
0.000000	0.081179	0.000000	0.081319
0.000000	0.081319	0.000000	0.081810
0.000000	0.081810	0.000000	0.081968
0.000000	0.081968	0.000000	0.082759
0.000000	0.082759	0.000000	0.083497
0.000000	0.083497	0.000000	0.083877
0.000000	0.083877	0.000000	0.082603
0.000000	0.082603	0.000000	0.082395
0.000000	0.082395	0.000000	0.082636
0.000000	0.082636	0.000000	0.082507
0.000000	0.082507	0.000000	0.082947
0.000000	0.082947	0.000000	0.082730
0.000000	0.082730	0.000000	0.082458
0.000000	0.082458	0.000000	0.082164
0.000000	0.082164	0.000000	0.082719
0.000000	0.082719	0.000000	0.082459
0.000000	0.082459	0.000000	0.082966
0.000000	0.082966	0.000000	0.083071
0.000000	0.083071	0.000000	0.082281
0.000000	0.082281	0.000000	0.082417
0.000000	0.082417	0.000000	0.082420
0.000000	0.082420	0.000000	0.081754
0.000000	0.081754	0.000000	0.082186
0.000000	0.082186	0.000000	0.082661
0.000000	0.082661	0.000000	0.081683
0.000000	0.081683	0.000000	0.081421
0.000000	0.081421	0.000000	0.081876
0.000000	0.081876	0.000000	0.082373
0.000000	0.082373	0.000000	0.082626
0.000000	0.082626	0.000000	0.083143
0.000000	0.083143	0.000000	0.082743
0.000000	0.082743	0.000000	0.082567
0.000000	0.082567	0.000000	0.082748
0.000000	0.082748	0.000000	0.083033
0.000000	0.083033	0.000000	0.083388
0.000000	0.083388	0.000000	0.084257
0.000000	0.084257	0.000000	0.083979
0.000000	0.083979	0.000000	0.084084
0.000000	0.084084	0.000000	0.082400
0.000000	0.082400	0.000000	0.081660
0.000000	0.081660	0.000000	0.081747
0.000000	0.081747	0.000000	0.082358
0.000000	0.082358	0.000000	0.082421
0.000000	0.082421	0.000000	0.082449
0.000000	0.082449	0.000000	0.081945
0.000000	0.081945	0.000000	0.082296
0.000000	0.082296	0.000000	0.082571
0.000000	0.082571	0.000000	0.082368
0.000000	0.082368	0.000000	0.082752
0.000000	0.082752	0.000000	0.082807
0.000000	0.082807	0.000000	0.082172
0.000000	0.082172	0.000000	0.081473
0.000000	0.081473	0.000000	0.080331
0.000000	0.080331	0.000000	0.080197
0.000000	0.080197	0.000000	0.079975
0.000000	0.079975	0.000000	0.080039
0.000000	0.080039	0.000000	0.079545
0.000000	0.079545	0.000000	0.080257
0.000000	0.080257	0.000000	0.080336
0.000000	0.080336	0.000000	0.080863
0.000000	0.080863	0.000000	0.080420
0.000000	0.080420	0.000000	0.079911
0.000000	0.079911	0.000000	0.080086
0.000000	0.080086	0.000000	0.080368
0.000000	0.080368	0.000000	0.079550
0.000000	0.079550	0.000000	0.079259
0.000000	0.079259	0.000000	0.079255
0.000000	0.079255	0.000000	0.078666
0.000000	0.078666	0.000000	0.077902
0.000000	0.077902	0.000000	0.077560
0.000000	0.077560	0.000000	0.077141
0.000000	0.077141	0.000000	0.077139
0.000000	0.077139	0.000000	0.076912
0.000000	0.076912	0.000000	0.078010
0.000000	0.078010	0.000000	0.078348
0.000000	0.078348	0.000000	0.078035
0.000000	0.078035	0.000000	0.077139
0.000000	0.077139	0.000000	0.076816
0.000000	0.076816	0.000000	0.077090
0.000000	0.077090	0.000000	0.076416
0.000000	0.076416	0.000000	0.075517
0.000000	0.075517	0.000000	0.076246
0.000000	0.076246	0.000000	0.076140
0.000000	0.076140	0.000000	0.074982
0.000000	0.074982	0.000000	0.075340
0.000000	0.075340	0.000000	0.075224
0.000000	0.075224	0.000000	0.075277
0.000000	0.075277	0.000000	0.076642
0.000000	0.076642	0.000000	0.077187
0.000000	0.077187	0.000000	0.076587
0.000000	0.076587	0.000000	0.077673
0.000000	0.077673	0.000000	0.077809
0.000000	0.077809	0.000000	0.077734
0.000000	0.077734	0.000000	0.078167
0.000000	0.078167	0.000000	0.078141
0.000000	0.078141	0.000000	0.079142
0.000000	0.079142	0.000000	0.080550
0.000000	0.080550	0.000000	0.080757
0.000000	0.080757	0.000000	0.081458
0.000000	0.081458	0.000000	0.080348
0.349502	0.050166	0.005493	0.045207
0.005493	0.045207	0.000387	0.042235
0.000387	0.042235	0.000092	0.040968
0.000092	0.040968	0.000054	0.041103
0.000054	0.041103	0.000028	0.040975
0.000028	0.040975	0.000022	0.040521
0.000022	0.040521	0.000009	0.040573
0.000009	0.040573	0.000003	0.040090
0.000003	0.040090	0.000000	0.040133
0.000000	0.040133	0.000000	0.039828
0.000000	0.039828	0.000000	0.040172
0.000000	0.040172	0.000000	0.039380
0.000000	0.039380	0.000000	0.039348
0.000000	0.039348	0.000000	0.039488
0.000000	0.039488	0.000000	0.038786
0.000000	0.038786	0.000000	0.038970
0.000000	0.038970	0.000000	0.038929
0.000000	0.038929	0.000000	0.038541
0.000000	0.038541	0.000000	0.038045
0.000000	0.038045	0.000000	0.038341
0.000000	0.038341	0.000000	0.037865
0.000000	0.037865	0.000000	0.038627
0.000000	0.038627	0.000000	0.038619
0.000000	0.038619	0.000000	0.038367
0.000000	0.038367	0.000000	0.038513
0.000000	0.038513	0.000000	0.038475
0.000000	0.038475	0.000000	0.038482
0.000000	0.038482	0.000000	0.038365
0.000000	0.038365	0.000000	0.038468
0.000000	0.038468	0.000000	0.039158
0.000000	0.039158	0.000000	0.038544
0.000000	0.038544	0.000000	0.038070
0.000000	0.038070	0.000000	0.037948
0.000000	0.037948	0.000000	0.038055
0.000000	0.038055	0.000000	0.038422
0.000000	0.038422	0.000000	0.038831
0.000000	0.038831	0.000000	0.037862
0.000000	0.037862	0.000000	0.037826
0.000000	0.037826	0.000000	0.038284
0.000000	0.038284	0.000000	0.038368
0.000000	0.038368	0.000000	0.038106
0.000000	0.038106	0.000000	0.038380
0.000000	0.038380	0.000000	0.038917
0.000000	0.038917	0.000000	0.038712
0.000000	0.038712	0.000000	0.038573
0.000000	0.038573	0.000000	0.038409
0.000000	0.038409	0.000000	0.038355
0.000000	0.038355	0.000000	0.038823
0.000000	0.038823	0.000000	0.038971
0.000000	0.038971	0.000000	0.039010
0.000000	0.039010	0.000000	0.039000
0.000000	0.039000	0.000000	0.039375
0.000000	0.039375	0.000000	0.039468
0.000000	0.039468	0.000000	0.039103
0.000000	0.039103	0.000000	0.038651
0.000000	0.038651	0.000000	0.038908
0.000000	0.038908	0.000000	0.038631
0.000000	0.038631	0.000000	0.038763
0.000000	0.038763	0.000000	0.039221
0.000000	0.039221	0.000000	0.038456
0.000000	0.038456	0.000000	0.037818
0.000000	0.037818	0.000000	0.037636
0.000000	0.037636	0.000000	0.037398
0.000000	0.037398	0.000000	0.037493
0.000000	0.037493	0.000000	0.037448
0.000000	0.037448	0.000000	0.037303
0.000000	0.037303	0.000000	0.037459
0.000000	0.037459	0.000000	0.037725
0.000000	0.037725	0.000000	0.037997
0.000000	0.037997	0.000000	0.037954
0.000000	0.037954	0.000000	0.038243
0.000000	0.038243	0.000000	0.038608
0.000000	0.038608	0.000000	0.038103
0.000000	0.038103	0.000000	0.037984
0.000000	0.037984	0.000000	0.038181
0.000000	0.038181	0.000000	0.038480
0.000000	0.038480	0.000000	0.038222
0.000000	0.038222	0.000000	0.038661
0.000000	0.038661	0.000000	0.038698
0.000000	0.038698	0.000000	0.038722
0.000000	0.038722	0.000000	0.037828
0.000000	0.037828	0.000000	0.038428
0.000000	0.038428	0.000000	0.038875
0.000000	0.038875	0.000000	0.039123
0.000000	0.039123	0.000000	0.038856
0.000000	0.038856	0.000000	0.038989
0.000000	0.038989	0.000000	0.039604
0.000000	0.039604	0.000000	0.039407
0.000000	0.039407	0.000000	0.039062
0.000000	0.039062	0.000000	0.038230
0.000000	0.038230	0.000000	0.038469
0.000000	0.038469	0.000000	0.039187
0.000000	0.039187	0.000000	0.039455
0.000000	0.039455	0.000000	0.039317
0.000000	0.039317	0.000000	0.039565
0.000000	0.039565	0.000000	0.039726
0.000000	0.039726	0.000000	0.039781
0.000000	0.039781	0.000000	0.039592
0.000000	0.039592	0.000000	0.040016
0.000000	0.040016	0.000000	0.041252
0.000000	0.041252	0.000000	0.040952
0.000000	0.040952	0.000000	0.040905
0.000000	0.040905	0.000000	0.040544
0.000000	0.040544	0.000000	0.040633
0.000000	0.040633	0.000000	0.040660
0.000000	0.040660	0.000000	0.040470
0.000000	0.040470	0.000000	0.040594
0.000000	0.040594	0.000000	0.040222
0.000000	0.040222	0.000000	0.040672
0.000000	0.040672	0.000000	0.040063
0.000000	0.040063	0.000000	0.041299
0.000000	0.041299	0.000000	0.041335
0.000000	0.041335	0.000000	0.041319
0.000000	0.041319	0.000000	0.040777
0.000000	0.040777	0.000000	0.040887
0.000000	0.040887	0.000000	0.041153
0.000000	0.041153	0.000000	0.040905
0.000000	0.040905	0.000000	0.041972
0.000000	0.041972	0.000000	0.041952
0.000000	0.041952	0.000000	0.042141
0.000000	0.042141	0.000000	0.042360
0.000000	0.042360	0.000000	0.042548
0.000000	0.042548	0.000000	0.042561
0.000000	0.042561	0.000000	0.042524
0.000000	0.042524	0.000000	0.042666
0.000000	0.042666	0.000000	0.043248
0.000000	0.043248	0.000000	0.043780
0.000000	0.043780	0.000000	0.043132
0.000000	0.043132	0.000000	0.043309
0.000000	0.043309	0.000000	0.043101
0.000000	0.043101	0.000000	0.042808
0.000000	0.042808	0.000000	0.043023
0.000000	0.043023	0.000000	0.043084
0.000000	0.043084	0.000000	0.043494
0.000000	0.043494	0.000000	0.043255
0.000000	0.043255	0.000000	0.043293
0.000000	0.043293	0.000000	0.043313
0.000000	0.043313	0.000000	0.043252
0.000000	0.043252	0.000000	0.042927
0.000000	0.042927	0.000000	0.043197
0.000000	0.043197	0.000000	0.042760
0.000000	0.042760	0.000000	0.042872
0.000000	0.042872	0.000000	0.042754
0.000000	0.042754	0.000000	0.042906
0.000000	0.042906	0.000000	0.043183
0.000000	0.043183	0.000000	0.043065
0.000000	0.043065	0.000000	0.042955
0.000000	0.042955	0.000000	0.042277
0.000000	0.042277	0.000000	0.042602
0.000000	0.042602	0.000000	0.042039
0.000000	0.042039	0.000000	0.041942
0.000000	0.041942	0.000000	0.042138
0.000000	0.042138	0.000000	0.042241
0.000000	0.042241	0.000000	0.041088
0.000000	0.041088	0.000000	0.041572
0.000000	0.041572	0.000000	0.041928
0.000000	0.041928	0.000000	0.041728
0.000000	0.041728	0.000000	0.041732
0.000000	0.041732	0.000000	0.041986
0.000000	0.041986	0.000000	0.041673
0.000000	0.041673	0.000000	0.041465
0.000000	0.041465	0.000000	0.041435
0.000000	0.041435	0.000000	0.041949
0.000000	0.041949	0.000000	0.041587
0.000000	0.041587	0.000000	0.040815
0.000000	0.040815	0.000000	0.040921
0.000000	0.040921	0.000000	0.041350
0.000000	0.041350	0.000000	0.042213
0.000000	0.042213	0.000000	0.042271
0.000000	0.042271	0.000000	0.042143
0.000000	0.042143	0.000000	0.041910
0.000000	0.041910	0.000000	0.041533
0.000000	0.041533	0.000000	0.041132
0.000000	0.041132	0.000000	0.041352
0.000000	0.041352	0.000000	0.041590
0.000000	0.041590	0.000000	0.041798
0.000000	0.041798	0.000000	0.042725
0.000000	0.042725	0.000000	0.042586
0.000000	0.042586	0.000000	0.042197
0.000000	0.042197	0.000000	0.042163
0.000000	0.042163	0.000000	0.042565
0.000000	0.042565	0.000000	0.042421
0.000000	0.042421	0.000000	0.042297
0.000000	0.042297	0.000000	0.042999
0.000000	0.042999	0.000000	0.043683
0.000000	0.043683	0.000000	0.043496
0.000000	0.043496	0.000000	0.043608
0.000000	0.043608	0.000000	0.043129
0.000000	0.043129	0.000000	0.042978
0.000000	0.042978	0.000000	0.043142
0.000000	0.043142	0.000000	0.042340
0.000000	0.042340	0.000000	0.042153
0.000000	0.042153	0.000000	0.042107
0.000000	0.042107	0.000000	0.042210
0.000000	0.042210	0.000000	0.041891
0.000000	0.041891	0.000000	0.041365
0.000000	0.041365	0.000000	0.041876
0.000000	0.041876	0.000000	0.042078
0.000000	0.042078	0.000000	0.042825
