0.350419	0.449089	0.454222	0.453754
0.454222	0.453754	0.509062	0.466413
0.509062	0.466413	0.531652	0.475562
0.531652	0.475562	0.540455	0.484737
0.540455	0.484737	0.536553	0.484447
0.536553	0.484447	0.525105	0.481124
0.525105	0.481124	0.507415	0.471389
0.507415	0.471389	0.485606	0.455607
0.485606	0.455607	0.459881	0.436065
0.459881	0.436065	0.430300	0.411476
0.430300	0.411476	0.399070	0.384578
0.399070	0.384578	0.366578	0.355081
0.366578	0.355081	0.331847	0.322857
0.331847	0.322857	0.298840	0.291971
0.298840	0.291971	0.266395	0.261163
0.266395	0.261163	0.234084	0.230302
0.234084	0.230302	0.204152	0.201116
0.204152	0.201116	0.175590	0.173216
0.175590	0.173216	0.150507	0.148802
0.150507	0.148802	0.127277	0.125855
0.127277	0.125855	0.106322	0.105270
0.106322	0.105270	0.087425	0.086739
0.087425	0.086739	0.071828	0.071382
0.071828	0.071382	0.057417	0.057125
0.057417	0.057125	0.046374	0.046142
0.046374	0.046142	0.037257	0.037093
0.037257	0.037093	0.029443	0.029308
0.029443	0.029308	0.022711	0.022595
0.022711	0.022595	0.017913	0.017808
0.017913	0.017808	0.013578	0.013517
0.013578	0.013517	0.010078	0.010064
0.010078	0.010064	0.007385	0.007431
0.007385	0.007431	0.005312	0.005422
0.005312	0.005422	0.003787	0.003919
0.003787	0.003919	0.002717	0.002840
0.002717	0.002840	0.001967	0.002091
0.001967	0.002091	0.001411	0.001532
0.001411	0.001532	0.000802	0.000925
0.000802	0.000925	0.000541	0.000688
0.000541	0.000688	0.000347	0.000475
0.000347	0.000475	0.000158	0.000275
0.000158	0.000275	0.000075	0.000218
0.000075	0.000218	0.000020	0.000165
0.000020	0.000165	0.000019	0.000128
0.000019	0.000128	0.000014	0.000138
0.000014	0.000138	0.000001	0.000177
0.000001	0.000177	0.000000	0.000172
0.000000	0.000172	0.000000	0.000172
0.000000	0.000172	0.000000	0.000131
0.000000	0.000131	0.000000	0.000140
0.000000	0.000140	0.000000	0.000128
0.000000	0.000128	0.000000	0.000111
0.000000	0.000111	0.000000	0.000122
0.000000	0.000122	0.000000	0.000113
0.000000	0.000113	0.000000	0.000116
0.000000	0.000116	0.000000	0.000115
0.000000	0.000115	0.000000	0.000124
0.000000	0.000124	0.000000	0.000183
0.000000	0.000183	0.000000	0.000167
0.000000	0.000167	0.000000	0.000187
0.000000	0.000187	0.000000	0.000191
0.000000	0.000191	0.000000	0.000148
0.000000	0.000148	0.000000	0.000134
0.000000	0.000134	0.000000	0.000163
0.000000	0.000163	0.000000	0.000192
0.000000	0.000192	0.000000	0.000158
0.000000	0.000158	0.000000	0.000173
0.000000	0.000173	0.000000	0.000202
0.000000	0.000202	0.000000	0.000168
0.000000	0.000168	0.000000	0.000191
0.000000	0.000191	0.000000	0.000179
0.000000	0.000179	0.000000	0.000181
0.000000	0.000181	0.000000	0.000135
0.000000	0.000135	0.000000	0.000178
0.000000	0.000178	0.000000	0.000154
0.000000	0.000154	0.000000	0.000115
0.000000	0.000115	0.000000	0.000125
0.000000	0.000125	0.000000	0.000109
0.000000	0.000109	0.000000	0.000116
0.000000	0.000116	0.000000	0.000092
0.000000	0.000092	0.000000	0.000112
0.000000	0.000112	0.000000	0.000100
0.000000	0.000100	0.000000	0.000092
0.000000	0.000092	0.000000	0.000124
0.000000	0.000124	0.000000	0.000106
0.000000	0.000106	0.000000	0.000126
0.000000	0.000126	0.000000	0.000156
0.000000	0.000156	0.000000	0.000161
0.000000	0.000161	0.000000	0.000130
0.000000	0.000130	0.000000	0.000152
0.000000	0.000152	0.000000	0.000162
0.000000	0.000162	0.000000	0.000166
0.000000	0.000166	0.000000	0.000170
0.000000	0.000170	0.000000	0.000129
0.000000	0.000129	0.000000	0.000116
0.000000	0.000116	0.000000	0.000126
0.000000	0.000126	0.000000	0.000166
0.000000	0.000166	0.000000	0.000165
0.000000	0.000165	0.000000	0.000142
0.000000	0.000142	0.000000	0.000115
0.000000	0.000115	0.000000	0.000126
0.000000	0.000126	0.000000	0.000128
0.000000	0.000128	0.000000	0.000168
0.000000	0.000168	0.000000	0.000130
0.000000	0.000130	0.000000	0.000141
0.000000	0.000141	0.000000	0.000136
0.000000	0.000136	0.000000	0.000138
0.000000	0.000138	0.000000	0.000145
0.000000	0.000145	0.000000	0.000147
0.000000	0.000147	0.000000	0.000153
0.000000	0.000153	0.000000	0.000145
0.000000	0.000145	0.000000	0.000168
0.000000	0.000168	0.000000	0.000195
0.000000	0.000195	0.000000	0.000218
0.000000	0.000218	0.000000	0.000218
0.000000	0.000218	0.000000	0.000239
0.000000	0.000239	0.000000	0.000286
0.000000	0.000286	0.000000	0.000255
0.000000	0.000255	0.000000	0.000265
0.000000	0.000265	0.000000	0.000253
0.000000	0.000253	0.000000	0.000329
0.000000	0.000329	0.000000	0.000288
0.000000	0.000288	0.000000	0.000261
0.000000	0.000261	0.000000	0.000300
0.000000	0.000300	0.000000	0.000274
0.000000	0.000274	0.000000	0.000284
0.000000	0.000284	0.000000	0.000270
0.000000	0.000270	0.000000	0.000314
0.000000	0.000314	0.000000	0.000307
0.000000	0.000307	0.000000	0.000234
0.000000	0.000234	0.000000	0.000269
0.000000	0.000269	0.000000	0.000206
0.000000	0.000206	0.000000	0.000137
0.000000	0.000137	0.000000	0.000157
0.000000	0.000157	0.000000	0.000150
0.000000	0.000150	0.000000	0.000155
0.000000	0.000155	0.000000	0.000155
0.000000	0.000155	0.000000	0.000116
0.000000	0.000116	0.000000	0.000079
0.000000	0.000079	0.000000	0.000091
0.000000	0.000091	0.000000	0.000056
0.000000	0.000056	0.000000	0.000067
0.000000	0.000067	0.000000	0.000064
0.000000	0.000064	0.000000	0.000084
0.000000	0.000084	0.000000	0.000062
0.000000	0.000062	0.000000	0.000081
0.000000	0.000081	0.000000	0.000070
0.000000	0.000070	0.000000	0.000059
0.000000	0.000059	0.000000	0.000061
0.000000	0.000061	0.000000	0.000088
0.000000	0.000088	0.000000	0.000107
0.000000	0.000107	0.000000	0.000115
0.000000	0.000115	0.000000	0.000094
0.000000	0.000094	0.000000	0.000088
0.000000	0.000088	0.000000	0.000122
0.000000	0.000122	0.000000	0.000128
0.000000	0.000128	0.000000	0.000107
0.000000	0.000107	0.000000	0.000093
0.000000	0.000093	0.000000	0.000109
0.000000	0.000109	0.000000	0.000099
0.000000	0.000099	0.000000	0.000119
0.000000	0.000119	0.000000	0.000150
0.000000	0.000150	0.000000	0.000163
0.000000	0.000163	0.000000	0.000207
0.000000	0.000207	0.000000	0.000220
0.000000	0.000220	0.000000	0.000216
0.000000	0.000216	0.000000	0.000213
0.000000	0.000213	0.000000	0.000205
0.000000	0.000205	0.000000	0.000190
0.000000	0.000190	0.000000	0.000162
0.000000	0.000162	0.000000	0.000151
0.000000	0.000151	0.000000	0.000151
0.000000	0.000151	0.000000	0.000154
0.000000	0.000154	0.000000	0.000208
0.000000	0.000208	0.000000	0.000147
0.000000	0.000147	0.000000	0.000162
0.000000	0.000162	0.000000	0.000182
0.000000	0.000182	0.000000	0.000189
0.000000	0.000189	0.000000	0.000195
0.000000	0.000195	0.000000	0.000184
0.000000	0.000184	0.000000	0.000173
0.000000	0.000173	0.000000	0.000195
0.000000	0.000195	0.000000	0.000195
0.000000	0.000195	0.000000	0.000240
0.000000	0.000240	0.000000	0.000285
0.000000	0.000285	0.000000	0.000285
0.000000	0.000285	0.000000	0.000330
0.000000	0.000330	0.000000	0.000314
0.000000	0.000314	0.000000	0.000366
0.000000	0.000366	0.000000	0.000327
0.000000	0.000327	0.000000	0.000322
0.000000	0.000322	0.000000	0.000366
0.000000	0.000366	0.000000	0.000373
0.000000	0.000373	0.000000	0.000362
0.000000	0.000362	0.000000	0.000320
0.000000	0.000320	0.000000	0.000297
0.000000	0.000297	0.000000	0.000304
0.000000	0.000304	0.000000	0.000292
0.000000	0.000292	0.000000	0.000253
0.350753	0.400127	0.382546	0.401947
0.382546	0.401947	0.403298	0.404756
0.403298	0.404756	0.411027	0.402754
0.411027	0.402754	0.402515	0.392308
0.402515	0.392308	0.383765	0.373777
0.383765	0.373777	0.354358	0.346573
0.354358	0.346573	0.320316	0.314869
0.320316	0.314869	0.278926	0.275550
0.278926	0.275550	0.238051	0.236594
0.238051	0.236594	0.198900	0.198815
0.198900	0.198815	0.163049	0.163714
0.163049	0.163714	0.130127	0.131294
0.130127	0.131294	0.100687	0.102235
0.100687	0.102235	0.077394	0.079146
0.077394	0.079146	0.057959	0.060018
0.057959	0.060018	0.042459	0.044577
0.042459	0.044577	0.030427	0.032723
0.030427	0.032723	0.020871	0.023315
0.020871	0.023315	0.014296	0.016758
0.014296	0.016758	0.009576	0.012059
0.009576	0.012059	0.006523	0.009112
0.006523	0.009112	0.004490	0.007139
0.004490	0.007139	0.002920	0.005607
0.002920	0.005607	0.001700	0.004417
0.001700	0.004417	0.000938	0.003677
0.000938	0.003677	0.000497	0.003138
0.000497	0.003138	0.000277	0.002918
0.000277	0.002918	0.000162	0.003090
0.000162	0.003090	0.000082	0.002874
0.000082	0.002874	0.000039	0.002960
0.000039	0.002960	0.000013	0.002960
0.000013	0.002960	0.000002	0.003185
0.000002	0.003185	0.000000	0.003239
0.000000	0.003239	0.000000	0.003157
0.000000	0.003157	0.000000	0.003092
0.000000	0.003092	0.000000	0.003192
0.000000	0.003192	0.000000	0.003379
0.000000	0.003379	0.000000	0.003378
0.000000	0.003378	0.000000	0.003401
0.000000	0.003401	0.000000	0.003370
0.000000	0.003370	0.000000	0.003411
0.000000	0.003411	0.000000	0.003443
0.000000	0.003443	0.000000	0.003459
0.000000	0.003459	0.000000	0.003884
0.000000	0.003884	0.000000	0.003935
0.000000	0.003935	0.000000	0.004106
0.000000	0.004106	0.000000	0.004172
0.000000	0.004172	0.000000	0.003975
0.000000	0.003975	0.000000	0.004030
0.000000	0.004030	0.000000	0.004102
0.000000	0.004102	0.000000	0.003853
0.000000	0.003853	0.000000	0.003931
0.000000	0.003931	0.000000	0.003758
0.000000	0.003758	0.000000	0.003668
0.000000	0.003668	0.000000	0.003371
0.000000	0.003371	0.000000	0.003513
0.000000	0.003513	0.000000	0.003478
0.000000	0.003478	0.000000	0.003486
0.000000	0.003486	0.000000	0.003331
0.000000	0.003331	0.000000	0.003297
0.000000	0.003297	0.000000	0.003504
0.000000	0.003504	0.000000	0.003438
0.000000	0.003438	0.000000	0.003432
0.000000	0.003432	0.000000	0.003459
0.000000	0.003459	0.000000	0.003448
0.000000	0.003448	0.000000	0.003426
0.000000	0.003426	0.000000	0.003349
0.000000	0.003349	0.000000	0.003272
0.000000	0.003272	0.000000	0.003321
0.000000	0.003321	0.000000	0.003382
0.000000	0.003382	0.000000	0.003326
0.000000	0.003326	0.000000	0.003333
0.000000	0.003333	0.000000	0.003345
0.000000	0.003345	0.000000	0.003283
0.000000	0.003283	0.000000	0.003253
0.000000	0.003253	0.000000	0.003230
0.000000	0.003230	0.000000	0.003402
0.000000	0.003402	0.000000	0.003417
0.000000	0.003417	0.000000	0.003432
0.000000	0.003432	0.000000	0.003279
0.000000	0.003279	0.000000	0.003138
0.000000	0.003138	0.000000	0.003137
0.000000	0.003137	0.000000	0.003139
0.000000	0.003139	0.000000	0.003124
0.000000	0.003124	0.000000	0.003161
0.000000	0.003161	0.000000	0.003288
0.000000	0.003288	0.000000	0.003489
0.000000	0.003489	0.000000	0.003643
0.000000	0.003643	0.000000	0.003614
0.000000	0.003614	0.000000	0.003501
0.000000	0.003501	0.000000	0.003509
0.000000	0.003509	0.000000	0.003670
0.000000	0.003670	0.000000	0.003779
0.000000	0.003779	0.000000	0.003912
0.000000	0.003912	0.000000	0.003872
0.000000	0.003872	0.000000	0.003993
0.000000	0.003993	0.000000	0.003909
0.000000	0.003909	0.000000	0.003904
0.000000	0.003904	0.000000	0.003863
0.000000	0.003863	0.000000	0.003763
0.000000	0.003763	0.000000	0.003731
0.000000	0.003731	0.000000	0.003530
0.000000	0.003530	0.000000	0.003491
0.000000	0.003491	0.000000	0.003448
0.000000	0.003448	0.000000	0.003403
0.000000	0.003403	0.000000	0.003439
0.000000	0.003439	0.000000	0.003474
0.000000	0.003474	0.000000	0.003491
0.000000	0.003491	0.000000	0.003426
0.000000	0.003426	0.000000	0.003410
0.000000	0.003410	0.000000	0.003577
0.000000	0.003577	0.000000	0.003616
0.000000	0.003616	0.000000	0.003733
0.000000	0.003733	0.000000	0.003828
0.000000	0.003828	0.000000	0.003874
0.000000	0.003874	0.000000	0.003786
0.000000	0.003786	0.000000	0.003839
0.000000	0.003839	0.000000	0.004059
0.000000	0.004059	0.000000	0.004327
0.000000	0.004327	0.000000	0.004418
0.000000	0.004418	0.000000	0.004382
0.000000	0.004382	0.000000	0.004505
0.000000	0.004505	0.000000	0.004318
0.000000	0.004318	0.000000	0.004334
0.000000	0.004334	0.000000	0.004288
0.000000	0.004288	0.000000	0.004147
0.000000	0.004147	0.000000	0.003970
0.000000	0.003970	0.000000	0.004028
0.000000	0.004028	0.000000	0.004027
0.000000	0.004027	0.000000	0.004118
0.000000	0.004118	0.000000	0.004086
0.000000	0.004086	0.000000	0.004083
0.000000	0.004083	0.000000	0.004132
0.000000	0.004132	0.000000	0.004106
0.000000	0.004106	0.000000	0.004040
0.000000	0.004040	0.000000	0.004116
0.000000	0.004116	0.000000	0.003876
0.000000	0.003876	0.000000	0.003920
0.000000	0.003920	0.000000	0.003994
0.000000	0.003994	0.000000	0.004030
0.000000	0.004030	0.000000	0.004165
0.000000	0.004165	0.000000	0.004261
0.000000	0.004261	0.000000	0.004189
0.000000	0.004189	0.000000	0.004228
0.000000	0.004228	0.000000	0.004108
0.000000	0.004108	0.000000	0.004236
0.000000	0.004236	0.000000	0.004341
0.000000	0.004341	0.000000	0.004233
0.000000	0.004233	0.000000	0.004064
0.000000	0.004064	0.000000	0.004009
0.000000	0.004009	0.000000	0.004099
0.000000	0.004099	0.000000	0.003999
0.000000	0.003999	0.000000	0.004115
0.000000	0.004115	0.000000	0.004154
0.000000	0.004154	0.000000	0.004003
0.000000	0.004003	0.000000	0.004224
0.000000	0.004224	0.000000	0.004160
0.000000	0.004160	0.000000	0.004275
0.000000	0.004275	0.000000	0.004190
0.000000	0.004190	0.000000	0.004095
0.000000	0.004095	0.000000	0.004102
0.000000	0.004102	0.000000	0.004114
0.000000	0.004114	0.000000	0.004169
0.000000	0.004169	0.000000	0.004056
0.000000	0.004056	0.000000	0.004197
0.000000	0.004197	0.000000	0.004189
0.000000	0.004189	0.000000	0.004306
0.000000	0.004306	0.000000	0.004217
0.000000	0.004217	0.000000	0.004316
0.000000	0.004316	0.000000	0.004316
0.000000	0.004316	0.000000	0.004275
0.000000	0.004275	0.000000	0.004401
0.000000	0.004401	0.000000	0.004446
0.000000	0.004446	0.000000	0.004562
0.000000	0.004562	0.000000	0.004597
0.000000	0.004597	0.000000	0.004515
0.000000	0.004515	0.000000	0.004556
0.000000	0.004556	0.000000	0.004613
0.000000	0.004613	0.000000	0.004625
0.000000	0.004625	0.000000	0.004554
0.000000	0.004554	0.000000	0.004779
0.000000	0.004779	0.000000	0.004885
0.000000	0.004885	0.000000	0.005098
0.000000	0.005098	0.000000	0.005045
0.000000	0.005045	0.000000	0.005039
0.000000	0.005039	0.000000	0.004997
0.000000	0.004997	0.000000	0.004950
0.000000	0.004950	0.000000	0.005012
0.000000	0.005012	0.000000	0.005119
0.000000	0.005119	0.000000	0.005082
0.000000	0.005082	0.000000	0.004993
0.000000	0.004993	0.000000	0.004922
0.000000	0.004922	0.000000	0.005084
0.000000	0.005084	0.000000	0.004924
0.000000	0.004924	0.000000	0.004982
0.000000	0.004982	0.000000	0.005178
0.000000	0.005178	0.000000	0.005091
0.000000	0.005091	0.000000	0.005247
0.000000	0.005247	0.000000	0.005311
0.350331	0.350874	0.307945	0.347366
0.307945	0.347366	0.295964	0.339771
0.295964	0.339771	0.287966	0.326830
0.287966	0.326830	0.275001	0.305103
0.275001	0.305103	0.254264	0.277515
0.254264	0.277515	0.225756	0.243867
0.225756	0.243867	0.192873	0.208195
0.192873	0.208195	0.159971	0.173404
0.159971	0.173404	0.125857	0.138369
0.125857	0.138369	0.096040	0.107397
0.096040	0.107397	0.071811	0.083031
0.071811	0.083031	0.052322	0.063036
0.052322	0.063036	0.036476	0.046903
0.036476	0.046903	0.024929	0.035193
0.024929	0.035193	0.016492	0.026600
0.016492	0.026600	0.010959	0.020631
0.010959	0.020631	0.007103	0.016773
0.007103	0.016773	0.004880	0.014328
0.004880	0.014328	0.003403	0.012514
0.003403	0.012514	0.002243	0.011400
0.002243	0.011400	0.001555	0.010538
0.001555	0.010538	0.001049	0.010089
0.001049	0.010089	0.000675	0.009466
0.000675	0.009466	0.000350	0.009142
0.000350	0.009142	0.000228	0.009142
0.000228	0.009142	0.000093	0.009000
0.000093	0.009000	0.000061	0.008844
0.000061	0.008844	0.000042	0.008748
0.000042	0.008748	0.000042	0.008733
0.000042	0.008733	0.000029	0.008906
0.000029	0.008906	0.000016	0.008752
0.000016	0.008752	0.000014	0.009045
0.000014	0.009045	0.000016	0.008783
0.000016	0.008783	0.000004	0.008488
0.000004	0.008488	0.000000	0.008476
0.000000	0.008476	0.000000	0.008492
0.000000	0.008492	0.000000	0.008470
0.000000	0.008470	0.000000	0.008388
0.000000	0.008388	0.000000	0.008493
0.000000	0.008493	0.000000	0.008573
0.000000	0.008573	0.000000	0.008633
0.000000	0.008633	0.000000	0.008842
0.000000	0.008842	0.000000	0.009063
0.000000	0.009063	0.000000	0.008748
0.000000	0.008748	0.000000	0.008998
0.000000	0.008998	0.000000	0.009043
0.000000	0.009043	0.000000	0.009020
0.000000	0.009020	0.000000	0.009334
0.000000	0.009334	0.000000	0.009562
0.000000	0.009562	0.000000	0.009649
0.000000	0.009649	0.000000	0.009618
0.000000	0.009618	0.000000	0.009808
0.000000	0.009808	0.000000	0.009641
0.000000	0.009641	0.000000	0.009700
0.000000	0.009700	0.000000	0.009738
0.000000	0.009738	0.000000	0.009857
0.000000	0.009857	0.000000	0.009704
0.000000	0.009704	0.000000	0.009708
0.000000	0.009708	0.000000	0.009519
0.000000	0.009519	0.000000	0.009566
0.000000	0.009566	0.000000	0.009579
0.000000	0.009579	0.000000	0.009419
0.000000	0.009419	0.000000	0.009298
0.000000	0.009298	0.000000	0.009525
0.000000	0.009525	0.000000	0.009263
0.000000	0.009263	0.000000	0.009276
0.000000	0.009276	0.000000	0.009577
0.000000	0.009577	0.000000	0.009798
0.000000	0.009798	0.000000	0.009748
0.000000	0.009748	0.000000	0.009895
0.000000	0.009895	0.000000	0.009826
0.000000	0.009826	0.000000	0.009966
0.000000	0.009966	0.000000	0.010125
0.000000	0.010125	0.000000	0.010235
0.000000	0.010235	0.000000	0.010274
0.000000	0.010274	0.000000	0.010528
0.000000	0.010528	0.000000	0.010657
0.000000	0.010657	0.000000	0.010088
0.000000	0.010088	0.000000	0.010163
0.000000	0.010163	0.000000	0.010258
0.000000	0.010258	0.000000	0.010203
0.000000	0.010203	0.000000	0.010229
0.000000	0.010229	0.000000	0.010166
0.000000	0.010166	0.000000	0.010211
0.000000	0.010211	0.000000	0.010372
0.000000	0.010372	0.000000	0.010346
0.000000	0.010346	0.000000	0.010456
0.000000	0.010456	0.000000	0.010468
0.000000	0.010468	0.000000	0.010460
0.000000	0.010460	0.000000	0.010300
0.000000	0.010300	0.000000	0.010076
0.000000	0.010076	0.000000	0.010082
0.000000	0.010082	0.000000	0.009972
0.000000	0.009972	0.000000	0.009811
0.000000	0.009811	0.000000	0.009661
0.000000	0.009661	0.000000	0.009828
0.000000	0.009828	0.000000	0.009821
0.000000	0.009821	0.000000	0.009995
0.000000	0.009995	0.000000	0.010108
0.000000	0.010108	0.000000	0.009732
0.000000	0.009732	0.000000	0.009773
0.000000	0.009773	0.000000	0.009900
0.000000	0.009900	0.000000	0.009673
0.000000	0.009673	0.000000	0.009899
0.000000	0.009899	0.000000	0.009666
0.000000	0.009666	0.000000	0.009519
0.000000	0.009519	0.000000	0.009507
0.000000	0.009507	0.000000	0.009410
0.000000	0.009410	0.000000	0.009352
0.000000	0.009352	0.000000	0.009228
0.000000	0.009228	0.000000	0.009381
0.000000	0.009381	0.000000	0.009598
0.000000	0.009598	0.000000	0.009721
0.000000	0.009721	0.000000	0.009603
0.000000	0.009603	0.000000	0.009679
0.000000	0.009679	0.000000	0.009390
0.000000	0.009390	0.000000	0.009144
0.000000	0.009144	0.000000	0.009102
0.000000	0.009102	0.000000	0.009255
0.000000	0.009255	0.000000	0.009308
0.000000	0.009308	0.000000	0.009358
0.000000	0.009358	0.000000	0.009086
0.000000	0.009086	0.000000	0.008899
0.000000	0.008899	0.000000	0.009001
0.000000	0.009001	0.000000	0.009150
0.000000	0.009150	0.000000	0.009189
0.000000	0.009189	0.000000	0.009140
0.000000	0.009140	0.000000	0.008960
0.000000	0.008960	0.000000	0.009133
0.000000	0.009133	0.000000	0.009098
0.000000	0.009098	0.000000	0.009206
0.000000	0.009206	0.000000	0.009030
0.000000	0.009030	0.000000	0.009186
0.000000	0.009186	0.000000	0.009212
0.000000	0.009212	0.000000	0.009567
0.000000	0.009567	0.000000	0.009881
0.000000	0.009881	0.000000	0.009961
0.000000	0.009961	0.000000	0.010014
0.000000	0.010014	0.000000	0.010125
0.000000	0.010125	0.000000	0.009670
0.000000	0.009670	0.000000	0.009521
0.000000	0.009521	0.000000	0.009635
0.000000	0.009635	0.000000	0.009672
0.000000	0.009672	0.000000	0.009367
0.000000	0.009367	0.000000	0.009193
0.000000	0.009193	0.000000	0.009201
0.000000	0.009201	0.000000	0.009096
0.000000	0.009096	0.000000	0.009221
0.000000	0.009221	0.000000	0.009322
0.000000	0.009322	0.000000	0.009567
0.000000	0.009567	0.000000	0.009780
0.000000	0.009780	0.000000	0.010075
0.000000	0.010075	0.000000	0.009939
0.000000	0.009939	0.000000	0.009752
0.000000	0.009752	0.000000	0.009975
0.000000	0.009975	0.000000	0.010528
0.000000	0.010528	0.000000	0.010784
0.000000	0.010784	0.000000	0.010717
0.000000	0.010717	0.000000	0.010506
0.000000	0.010506	0.000000	0.010606
0.000000	0.010606	0.000000	0.010628
0.000000	0.010628	0.000000	0.010637
0.000000	0.010637	0.000000	0.010487
0.000000	0.010487	0.000000	0.011074
0.000000	0.011074	0.000000	0.010999
0.000000	0.010999	0.000000	0.011049
0.000000	0.011049	0.000000	0.010774
0.000000	0.010774	0.000000	0.010952
0.000000	0.010952	0.000000	0.010993
0.000000	0.010993	0.000000	0.010929
0.000000	0.010929	0.000000	0.011362
0.000000	0.011362	0.000000	0.011191
0.000000	0.011191	0.000000	0.011118
0.000000	0.011118	0.000000	0.011150
0.000000	0.011150	0.000000	0.011527
0.000000	0.011527	0.000000	0.011474
0.000000	0.011474	0.000000	0.011497
0.000000	0.011497	0.000000	0.011888
0.000000	0.011888	0.000000	0.011880
0.000000	0.011880	0.000000	0.011794
0.000000	0.011794	0.000000	0.012005
0.000000	0.012005	0.000000	0.012641
0.000000	0.012641	0.000000	0.012638
0.000000	0.012638	0.000000	0.012501
0.000000	0.012501	0.000000	0.012579
0.000000	0.012579	0.000000	0.012301
0.000000	0.012301	0.000000	0.012179
0.000000	0.012179	0.000000	0.012283
0.000000	0.012283	0.000000	0.012623
0.000000	0.012623	0.000000	0.012626
0.000000	0.012626	0.000000	0.012374
0.000000	0.012374	0.000000	0.012582
0.000000	0.012582	0.000000	0.012540
0.000000	0.012540	0.000000	0.012759
0.000000	0.012759	0.000000	0.012666
0.000000	0.012666	0.000000	0.012688
0.000000	0.012688	0.000000	0.012521
0.000000	0.012521	0.000000	0.012640
0.000000	0.012640	0.000000	0.012532
0.349941	0.300049	0.236213	0.294333
0.236213	0.294333	0.198600	0.280294
0.198600	0.280294	0.186752	0.263093
0.186752	0.263093	0.179546	0.242051
0.179546	0.242051	0.168493	0.218592
0.168493	0.218592	0.150690	0.191334
0.150690	0.191334	0.128281	0.162534
0.128281	0.162534	0.105374	0.134638
0.105374	0.134638	0.084541	0.111050
0.084541	0.111050	0.065276	0.089105
0.065276	0.089105	0.049092	0.071519
0.049092	0.071519	0.036011	0.056676
0.036011	0.056676	0.025271	0.045499
0.025271	0.045499	0.017967	0.037063
0.017967	0.037063	0.013033	0.031841
0.013033	0.031841	0.008981	0.027865
0.008981	0.027865	0.006181	0.024580
0.006181	0.024580	0.004099	0.021996
0.004099	0.021996	0.002814	0.020531
0.002814	0.020531	0.001923	0.019672
0.001923	0.019672	0.001395	0.019220
0.001395	0.019220	0.001119	0.018801
0.001119	0.018801	0.000871	0.018428
0.000871	0.018428	0.000727	0.018007
0.000727	0.018007	0.000519	0.017597
0.000519	0.017597	0.000396	0.017353
0.000396	0.017353	0.000299	0.017058
0.000299	0.017058	0.000202	0.017251
0.000202	0.017251	0.000114	0.016920
0.000114	0.016920	0.000053	0.016946
0.000053	0.016946	0.000062	0.017171
0.000062	0.017171	0.000058	0.017219
0.000058	0.017219	0.000059	0.017102
0.000059	0.017102	0.000039	0.017044
0.000039	0.017044	0.000040	0.017210
0.000040	0.017210	0.000032	0.017143
0.000032	0.017143	0.000033	0.017053
0.000033	0.017053	0.000007	0.016775
0.000007	0.016775	0.000010	0.016986
0.000010	0.016986	0.000011	0.016501
0.000011	0.016501	0.000000	0.016625
0.000000	0.016625	0.000000	0.016436
0.000000	0.016436	0.000000	0.016628
0.000000	0.016628	0.000000	0.016379
0.000000	0.016379	0.000000	0.016299
0.000000	0.016299	0.000000	0.016787
0.000000	0.016787	0.000000	0.017343
0.000000	0.017343	0.000000	0.017911
0.000000	0.017911	0.000000	0.018148
0.000000	0.018148	0.000000	0.018136
0.000000	0.018136	0.000000	0.018014
0.000000	0.018014	0.000000	0.017961
0.000000	0.017961	0.000000	0.018198
0.000000	0.018198	0.000000	0.017913
0.000000	0.017913	0.000000	0.017971
0.000000	0.017971	0.000000	0.017634
0.000000	0.017634	0.000000	0.018424
0.000000	0.018424	0.000000	0.018341
0.000000	0.018341	0.000000	0.018197
0.000000	0.018197	0.000000	0.018252
0.000000	0.018252	0.000000	0.018194
0.000000	0.018194	0.000000	0.018257
0.000000	0.018257	0.000000	0.018209
0.000000	0.018209	0.000000	0.017862
0.000000	0.017862	0.000000	0.017880
0.000000	0.017880	0.000000	0.018245
0.000000	0.018245	0.000000	0.018185
0.000000	0.018185	0.000000	0.018351
0.000000	0.018351	0.000000	0.018351
0.000000	0.018351	0.000000	0.018667
0.000000	0.018667	0.000000	0.018493
0.000000	0.018493	0.000000	0.018602
0.000000	0.018602	0.000000	0.018628
0.000000	0.018628	0.000000	0.018779
0.000000	0.018779	0.000000	0.018853
0.000000	0.018853	0.000000	0.019059
0.000000	0.019059	0.000000	0.019005
0.000000	0.019005	0.000000	0.019018
0.000000	0.019018	0.000000	0.018618
0.000000	0.018618	0.000000	0.018601
0.000000	0.018601	0.000000	0.018807
0.000000	0.018807	0.000000	0.018852
0.000000	0.018852	0.000000	0.018737
0.000000	0.018737	0.000000	0.018620
0.000000	0.018620	0.000000	0.018526
0.000000	0.018526	0.000000	0.018684
0.000000	0.018684	0.000000	0.019029
0.000000	0.019029	0.000000	0.018922
0.000000	0.018922	0.000000	0.018747
0.000000	0.018747	0.000000	0.018506
0.000000	0.018506	0.000000	0.018635
0.000000	0.018635	0.000000	0.018237
0.000000	0.018237	0.000000	0.018350
0.000000	0.018350	0.000000	0.018071
0.000000	0.018071	0.000000	0.017771
0.000000	0.017771	0.000000	0.018772
0.000000	0.018772	0.000000	0.018951
0.000000	0.018951	0.000000	0.019236
0.000000	0.019236	0.000000	0.019341
0.000000	0.019341	0.000000	0.019061
0.000000	0.019061	0.000000	0.018872
0.000000	0.018872	0.000000	0.018835
0.000000	0.018835	0.000000	0.018820
0.000000	0.018820	0.000000	0.018771
0.000000	0.018771	0.000000	0.018129
0.000000	0.018129	0.000000	0.018366
0.000000	0.018366	0.000000	0.018515
0.000000	0.018515	0.000000	0.018730
0.000000	0.018730	0.000000	0.018826
0.000000	0.018826	0.000000	0.019186
0.000000	0.019186	0.000000	0.019524
0.000000	0.019524	0.000000	0.019467
0.000000	0.019467	0.000000	0.019611
0.000000	0.019611	0.000000	0.019306
0.000000	0.019306	0.000000	0.018964
0.000000	0.018964	0.000000	0.019287
0.000000	0.019287	0.000000	0.018910
0.000000	0.018910	0.000000	0.018415
0.000000	0.018415	0.000000	0.018796
0.000000	0.018796	0.000000	0.018596
0.000000	0.018596	0.000000	0.017963
0.000000	0.017963	0.000000	0.018354
0.000000	0.018354	0.000000	0.017984
0.000000	0.017984	0.000000	0.017872
0.000000	0.017872	0.000000	0.017941
0.000000	0.017941	0.000000	0.017978
0.000000	0.017978	0.000000	0.018110
0.000000	0.018110	0.000000	0.017907
0.000000	0.017907	0.000000	0.018073
0.000000	0.018073	0.000000	0.018451
0.000000	0.018451	0.000000	0.018556
0.000000	0.018556	0.000000	0.018900
0.000000	0.018900	0.000000	0.018956
0.000000	0.018956	0.000000	0.018889
0.000000	0.018889	0.000000	0.019152
0.000000	0.019152	0.000000	0.019072
0.000000	0.019072	0.000000	0.018767
0.000000	0.018767	0.000000	0.018415
0.000000	0.018415	0.000000	0.018890
0.000000	0.018890	0.000000	0.019062
0.000000	0.019062	0.000000	0.019079
0.000000	0.019079	0.000000	0.019219
0.000000	0.019219	0.000000	0.019345
0.000000	0.019345	0.000000	0.019318
0.000000	0.019318	0.000000	0.019110
0.000000	0.019110	0.000000	0.019544
0.000000	0.019544	0.000000	0.019462
0.000000	0.019462	0.000000	0.019654
0.000000	0.019654	0.000000	0.019692
0.000000	0.019692	0.000000	0.020029
0.000000	0.020029	0.000000	0.019834
0.000000	0.019834	0.000000	0.019673
0.000000	0.019673	0.000000	0.019627
0.000000	0.019627	0.000000	0.019539
0.000000	0.019539	0.000000	0.019128
0.000000	0.019128	0.000000	0.018864
0.000000	0.018864	0.000000	0.018579
0.000000	0.018579	0.000000	0.018605
0.000000	0.018605	0.000000	0.018717
0.000000	0.018717	0.000000	0.019240
0.000000	0.019240	0.000000	0.019283
0.000000	0.019283	0.000000	0.018850
0.000000	0.018850	0.000000	0.018561
0.000000	0.018561	0.000000	0.019057
0.000000	0.019057	0.000000	0.019224
0.000000	0.019224	0.000000	0.019457
0.000000	0.019457	0.000000	0.019122
0.000000	0.019122	0.000000	0.018982
0.000000	0.018982	0.000000	0.018916
0.000000	0.018916	0.000000	0.018643
0.000000	0.018643	0.000000	0.019200
0.000000	0.019200	0.000000	0.018709
0.000000	0.018709	0.000000	0.018577
0.000000	0.018577	0.000000	0.018433
0.000000	0.018433	0.000000	0.019212
0.000000	0.019212	0.000000	0.019146
0.000000	0.019146	0.000000	0.019057
0.000000	0.019057	0.000000	0.018904
0.000000	0.018904	0.000000	0.018506
0.000000	0.018506	0.000000	0.018607
0.000000	0.018607	0.000000	0.018869
0.000000	0.018869	0.000000	0.018641
0.000000	0.018641	0.000000	0.018624
0.000000	0.018624	0.000000	0.018982
0.000000	0.018982	0.000000	0.019123
0.000000	0.019123	0.000000	0.019026
0.000000	0.019026	0.000000	0.018901
0.000000	0.018901	0.000000	0.018357
0.000000	0.018357	0.000000	0.018567
0.000000	0.018567	0.000000	0.018558
0.000000	0.018558	0.000000	0.018499
0.000000	0.018499	0.000000	0.018400
0.000000	0.018400	0.000000	0.018305
0.000000	0.018305	0.000000	0.018033
0.000000	0.018033	0.000000	0.018091
0.000000	0.018091	0.000000	0.018033
0.000000	0.018033	0.000000	0.018626
0.000000	0.018626	0.000000	0.018563
0.000000	0.018563	0.000000	0.018651
0.350386	0.249216	0.169846	0.240053
0.169846	0.240053	0.118724	0.221024
0.118724	0.221024	0.105553	0.202689
0.105553	0.202689	0.099931	0.183911
0.099931	0.183911	0.094394	0.167606
0.094394	0.167606	0.086485	0.149683
0.086485	0.149683	0.078069	0.134021
0.078069	0.134021	0.067669	0.118693
0.067669	0.118693	0.057520	0.105024
0.057520	0.105024	0.047852	0.092073
0.047852	0.092073	0.038647	0.081410
0.038647	0.081410	0.031125	0.071990
0.031125	0.071990	0.025341	0.065273
0.025341	0.065273	0.020894	0.059787
0.020894	0.059787	0.016927	0.054831
0.016927	0.054831	0.013753	0.051137
0.013753	0.051137	0.011030	0.048005
0.011030	0.048005	0.009044	0.045218
0.009044	0.045218	0.007166	0.042932
0.007166	0.042932	0.005966	0.041594
0.005966	0.041594	0.004772	0.039822
0.004772	0.039822	0.004053	0.038546
0.004053	0.038546	0.003178	0.036706
0.003178	0.036706	0.002781	0.037172
0.002781	0.037172	0.002283	0.037205
0.002283	0.037205	0.001850	0.036904
0.001850	0.036904	0.001562	0.036518
0.001562	0.036518	0.001296	0.036414
0.001296	0.036414	0.001180	0.035869
0.001180	0.035869	0.001184	0.035693
0.001184	0.035693	0.001153	0.035472
0.001153	0.035472	0.001084	0.036468
0.001084	0.036468	0.001030	0.036287
0.001030	0.036287	0.000938	0.036517
0.000938	0.036517	0.000893	0.035579
0.000893	0.035579	0.000774	0.035229
0.000774	0.035229	0.000692	0.035326
0.000692	0.035326	0.000600	0.035194
0.000600	0.035194	0.000459	0.034817
0.000459	0.034817	0.000391	0.034623
0.000391	0.034623	0.000300	0.034644
0.000300	0.034644	0.000238	0.034131
0.000238	0.034131	0.000178	0.034754
0.000178	0.034754	0.000164	0.035345
0.000164	0.035345	0.000125	0.035437
0.000125	0.035437	0.000088	0.035513
0.000088	0.035513	0.000071	0.035405
0.000071	0.035405	0.000062	0.035403
0.000062	0.035403	0.000052	0.034904
0.000052	0.034904	0.000033	0.035064
0.000033	0.035064	0.000020	0.034716
0.000020	0.034716	0.000006	0.035076
0.000006	0.035076	0.000006	0.035493
0.000006	0.035493	0.000000	0.035045
0.000000	0.035045	0.000000	0.035031
0.000000	0.035031	0.000000	0.034673
0.000000	0.034673	0.000000	0.035123
0.000000	0.035123	0.000000	0.035135
0.000000	0.035135	0.000000	0.034944
0.000000	0.034944	0.000000	0.034470
0.000000	0.034470	0.000000	0.033926
0.000000	0.033926	0.000000	0.033700
0.000000	0.033700	0.000000	0.033682
0.000000	0.033682	0.000000	0.033372
0.000000	0.033372	0.000000	0.033585
0.000000	0.033585	0.000000	0.033810
0.000000	0.033810	0.000000	0.034071
0.000000	0.034071	0.000000	0.034127
0.000000	0.034127	0.000000	0.033903
0.000000	0.033903	0.000000	0.034839
0.000000	0.034839	0.000000	0.035108
0.000000	0.035108	0.000000	0.034933
0.000000	0.034933	0.000000	0.035157
0.000000	0.035157	0.000000	0.034690
0.000000	0.034690	0.000000	0.035334
0.000000	0.035334	0.000000	0.035380
0.000000	0.035380	0.000000	0.034622
0.000000	0.034622	0.000000	0.034481
0.000000	0.034481	0.000000	0.033972
0.000000	0.033972	0.000000	0.033857
0.000000	0.033857	0.000000	0.034157
0.000000	0.034157	0.000000	0.033873
0.000000	0.033873	0.000000	0.033821
0.000000	0.033821	0.000000	0.033263
0.000000	0.033263	0.000000	0.033297
0.000000	0.033297	0.000000	0.033297
0.000000	0.033297	0.000000	0.033286
0.000000	0.033286	0.000000	0.033092
0.000000	0.033092	0.000000	0.033475
0.000000	0.033475	0.000000	0.033985
0.000000	0.033985	0.000000	0.034571
0.000000	0.034571	0.000000	0.034858
0.000000	0.034858	0.000000	0.034674
0.000000	0.034674	0.000000	0.034556
0.000000	0.034556	0.000000	0.034778
0.000000	0.034778	0.000000	0.035038
0.000000	0.035038	0.000000	0.034745
0.000000	0.034745	0.000000	0.034889
0.000000	0.034889	0.000000	0.034886
0.000000	0.034886	0.000000	0.034523
0.000000	0.034523	0.000000	0.034772
0.000000	0.034772	0.000000	0.035567
0.000000	0.035567	0.000000	0.035052
0.000000	0.035052	0.000000	0.034784
0.000000	0.034784	0.000000	0.034740
0.000000	0.034740	0.000000	0.034317
0.000000	0.034317	0.000000	0.034905
0.000000	0.034905	0.000000	0.034981
0.000000	0.034981	0.000000	0.035329
0.000000	0.035329	0.000000	0.035123
0.000000	0.035123	0.000000	0.034927
0.000000	0.034927	0.000000	0.035091
0.000000	0.035091	0.000000	0.035435
0.000000	0.035435	0.000000	0.035812
0.000000	0.035812	0.000000	0.036048
0.000000	0.036048	0.000000	0.035833
0.000000	0.035833	0.000000	0.035183
0.000000	0.035183	0.000000	0.034664
0.000000	0.034664	0.000000	0.034353
0.000000	0.034353	0.000000	0.034127
0.000000	0.034127	0.000000	0.034020
0.000000	0.034020	0.000000	0.033828
0.000000	0.033828	0.000000	0.033448
0.000000	0.033448	0.000000	0.033253
0.000000	0.033253	0.000000	0.033246
0.000000	0.033246	0.000000	0.033026
0.000000	0.033026	0.000000	0.033614
0.000000	0.033614	0.000000	0.033683
0.000000	0.033683	0.000000	0.034146
0.000000	0.034146	0.000000	0.033930
0.000000	0.033930	0.000000	0.033915
0.000000	0.033915	0.000000	0.034724
0.000000	0.034724	0.000000	0.035145
0.000000	0.035145	0.000000	0.034229
0.000000	0.034229	0.000000	0.033795
0.000000	0.033795	0.000000	0.033548
0.000000	0.033548	0.000000	0.033153
0.000000	0.033153	0.000000	0.032489
0.000000	0.032489	0.000000	0.032934
0.000000	0.032934	0.000000	0.032528
0.000000	0.032528	0.000000	0.032436
0.000000	0.032436	0.000000	0.032457
0.000000	0.032457	0.000000	0.032528
0.000000	0.032528	0.000000	0.032540
0.000000	0.032540	0.000000	0.032421
0.000000	0.032421	0.000000	0.032475
0.000000	0.032475	0.000000	0.032406
0.000000	0.032406	0.000000	0.032385
0.000000	0.032385	0.000000	0.032562
0.000000	0.032562	0.000000	0.033204
0.000000	0.033204	0.000000	0.033322
0.000000	0.033322	0.000000	0.032484
0.000000	0.032484	0.000000	0.033135
0.000000	0.033135	0.000000	0.032540
0.000000	0.032540	0.000000	0.032342
0.000000	0.032342	0.000000	0.032061
0.000000	0.032061	0.000000	0.032051
0.000000	0.032051	0.000000	0.032728
0.000000	0.032728	0.000000	0.033117
0.000000	0.033117	0.000000	0.032369
0.000000	0.032369	0.000000	0.032335
0.000000	0.032335	0.000000	0.031760
0.000000	0.031760	0.000000	0.032251
0.000000	0.032251	0.000000	0.032174
0.000000	0.032174	0.000000	0.032414
0.000000	0.032414	0.000000	0.032433
0.000000	0.032433	0.000000	0.033162
0.000000	0.033162	0.000000	0.032971
0.000000	0.032971	0.000000	0.032436
0.000000	0.032436	0.000000	0.032212
0.000000	0.032212	0.000000	0.032333
0.000000	0.032333	0.000000	0.031899
0.000000	0.031899	0.000000	0.032021
0.000000	0.032021	0.000000	0.032373
0.000000	0.032373	0.000000	0.032396
0.000000	0.032396	0.000000	0.032736
0.000000	0.032736	0.000000	0.032817
0.000000	0.032817	0.000000	0.032632
0.000000	0.032632	0.000000	0.032451
0.000000	0.032451	0.000000	0.032349
0.000000	0.032349	0.000000	0.031951
0.000000	0.031951	0.000000	0.031846
0.000000	0.031846	0.000000	0.031804
0.000000	0.031804	0.000000	0.031814
0.000000	0.031814	0.000000	0.031287
0.000000	0.031287	0.000000	0.030856
0.000000	0.030856	0.000000	0.031005
0.000000	0.031005	0.000000	0.031219
0.000000	0.031219	0.000000	0.031163
0.000000	0.031163	0.000000	0.031627
0.000000	0.031627	0.000000	0.031597
0.000000	0.031597	0.000000	0.031930
0.000000	0.031930	0.000000	0.031635
0.000000	0.031635	0.000000	0.031931
0.000000	0.031931	0.000000	0.031977
0.000000	0.031977	0.000000	0.031937
0.000000	0.031937	0.000000	0.032138
0.000000	0.032138	0.000000	0.031328
0.000000	0.031328	0.000000	0.030992
0.349905	0.200319	0.117919	0.189675
0.117919	0.189675	0.067448	0.171805
0.067448	0.171805	0.054952	0.155811
0.054952	0.155811	0.050190	0.145341
0.050190	0.145341	0.046427	0.134560
0.046427	0.134560	0.043384	0.124678
0.043384	0.124678	0.039646	0.115518
0.039646	0.115518	0.036652	0.108395
0.036652	0.108395	0.033507	0.102453
0.033507	0.102453	0.030106	0.096753
0.030106	0.096753	0.026632	0.090802
0.026632	0.090802	0.023095	0.084727
0.023095	0.084727	0.019988	0.079788
0.019988	0.079788	0.017482	0.075793
0.017482	0.075793	0.014693	0.071914
0.014693	0.071914	0.012170	0.067619
0.012170	0.067619	0.010538	0.065643
0.010538	0.065643	0.008975	0.063341
0.008975	0.063341	0.007402	0.060426
0.007402	0.060426	0.006155	0.058199
0.006155	0.058199	0.005455	0.056645
0.005455	0.056645	0.004754	0.055736
0.004754	0.055736	0.004267	0.054884
0.004267	0.054884	0.003503	0.054777
0.003503	0.054777	0.002787	0.054092
0.002787	0.054092	0.002326	0.053745
0.002326	0.053745	0.002011	0.052392
0.002011	0.052392	0.001668	0.052573
0.001668	0.052573	0.001394	0.052383
0.001394	0.052383	0.001190	0.052053
0.001190	0.052053	0.001001	0.051382
0.001001	0.051382	0.000838	0.050965
0.000838	0.050965	0.000752	0.051021
0.000752	0.051021	0.000632	0.050471
0.000632	0.050471	0.000472	0.050228
0.000472	0.050228	0.000427	0.050007
0.000427	0.050007	0.000349	0.050182
0.000349	0.050182	0.000373	0.051245
0.000373	0.051245	0.000357	0.051384
0.000357	0.051384	0.000372	0.051682
0.000372	0.051682	0.000395	0.052129
0.000395	0.052129	0.000422	0.051615
0.000422	0.051615	0.000347	0.051312
0.000347	0.051312	0.000266	0.051128
0.000266	0.051128	0.000261	0.051240
0.000261	0.051240	0.000254	0.051632
0.000254	0.051632	0.000216	0.052099
0.000216	0.052099	0.000220	0.052202
0.000220	0.052202	0.000223	0.052419
0.000223	0.052419	0.000179	0.052345
0.000179	0.052345	0.000167	0.052390
0.000167	0.052390	0.000124	0.052175
0.000124	0.052175	0.000086	0.052418
0.000086	0.052418	0.000039	0.052692
0.000039	0.052692	0.000038	0.053098
0.000038	0.053098	0.000005	0.053555
0.000005	0.053555	0.000003	0.053173
0.000003	0.053173	0.000000	0.053024
0.000000	0.053024	0.000000	0.052117
0.000000	0.052117	0.000000	0.052008
0.000000	0.052008	0.000000	0.051229
0.000000	0.051229	0.000000	0.051350
0.000000	0.051350	0.000000	0.051594
0.000000	0.051594	0.000000	0.051498
0.000000	0.051498	0.000000	0.051046
0.000000	0.051046	0.000000	0.050710
0.000000	0.050710	0.000000	0.050530
0.000000	0.050530	0.000000	0.050431
0.000000	0.050431	0.000000	0.050707
0.000000	0.050707	0.000000	0.050778
0.000000	0.050778	0.000000	0.050249
0.000000	0.050249	0.000000	0.050227
0.000000	0.050227	0.000000	0.050279
0.000000	0.050279	0.000000	0.050152
0.000000	0.050152	0.000000	0.050222
0.000000	0.050222	0.000000	0.050075
0.000000	0.050075	0.000000	0.050218
0.000000	0.050218	0.000000	0.050220
0.000000	0.050220	0.000000	0.050436
0.000000	0.050436	0.000000	0.049973
0.000000	0.049973	0.000000	0.050295
0.000000	0.050295	0.000000	0.051291
0.000000	0.051291	0.000000	0.050879
0.000000	0.050879	0.000000	0.050564
0.000000	0.050564	0.000000	0.049806
0.000000	0.049806	0.000000	0.049472
0.000000	0.049472	0.000000	0.049996
0.000000	0.049996	0.000000	0.049950
0.000000	0.049950	0.000000	0.050115
0.000000	0.050115	0.000000	0.050552
0.000000	0.050552	0.000000	0.050366
0.000000	0.050366	0.000000	0.050236
0.000000	0.050236	0.000000	0.049766
0.000000	0.049766	0.000000	0.050040
0.000000	0.050040	0.000000	0.049881
0.000000	0.049881	0.000000	0.049640
0.000000	0.049640	0.000000	0.049464
0.000000	0.049464	0.000000	0.050025
0.000000	0.050025	0.000000	0.049875
0.000000	0.049875	0.000000	0.050273
0.000000	0.050273	0.000000	0.050148
0.000000	0.050148	0.000000	0.049149
0.000000	0.049149	0.000000	0.048732
0.000000	0.048732	0.000000	0.048465
0.000000	0.048465	0.000000	0.049250
0.000000	0.049250	0.000000	0.049417
0.000000	0.049417	0.000000	0.049457
0.000000	0.049457	0.000000	0.049830
0.000000	0.049830	0.000000	0.049826
0.000000	0.049826	0.000000	0.049926
0.000000	0.049926	0.000000	0.049488
0.000000	0.049488	0.000000	0.049847
0.000000	0.049847	0.000000	0.049265
0.000000	0.049265	0.000000	0.049752
0.000000	0.049752	0.000000	0.049068
0.000000	0.049068	0.000000	0.049420
0.000000	0.049420	0.000000	0.048932
0.000000	0.048932	0.000000	0.048950
0.000000	0.048950	0.000000	0.048401
0.000000	0.048401	0.000000	0.048302
0.000000	0.048302	0.000000	0.048846
0.000000	0.048846	0.000000	0.048489
0.000000	0.048489	0.000000	0.049419
0.000000	0.049419	0.000000	0.050106
0.000000	0.050106	0.000000	0.050453
0.000000	0.050453	0.000000	0.050379
0.000000	0.050379	0.000000	0.050790
0.000000	0.050790	0.000000	0.051298
0.000000	0.051298	0.000000	0.050451
0.000000	0.050451	0.000000	0.050473
0.000000	0.050473	0.000000	0.050730
0.000000	0.050730	0.000000	0.050101
0.000000	0.050101	0.000000	0.049945
0.000000	0.049945	0.000000	0.049349
0.000000	0.049349	0.000000	0.049604
0.000000	0.049604	0.000000	0.049693
0.000000	0.049693	0.000000	0.049607
0.000000	0.049607	0.000000	0.049011
0.000000	0.049011	0.000000	0.049373
0.000000	0.049373	0.000000	0.048967
0.000000	0.048967	0.000000	0.049341
0.000000	0.049341	0.000000	0.049887
0.000000	0.049887	0.000000	0.049294
0.000000	0.049294	0.000000	0.049074
0.000000	0.049074	0.000000	0.049314
0.000000	0.049314	0.000000	0.049439
0.000000	0.049439	0.000000	0.048968
0.000000	0.048968	0.000000	0.048458
0.000000	0.048458	0.000000	0.048068
0.000000	0.048068	0.000000	0.048661
0.000000	0.048661	0.000000	0.048179
0.000000	0.048179	0.000000	0.048367
0.000000	0.048367	0.000000	0.048489
0.000000	0.048489	0.000000	0.049112
0.000000	0.049112	0.000000	0.049749
0.000000	0.049749	0.000000	0.050176
0.000000	0.050176	0.000000	0.050063
0.000000	0.050063	0.000000	0.050218
0.000000	0.050218	0.000000	0.050457
0.000000	0.050457	0.000000	0.050302
0.000000	0.050302	0.000000	0.050781
0.000000	0.050781	0.000000	0.050815
0.000000	0.050815	0.000000	0.050582
0.000000	0.050582	0.000000	0.050795
0.000000	0.050795	0.000000	0.050595
0.000000	0.050595	0.000000	0.050008
0.000000	0.050008	0.000000	0.049755
0.000000	0.049755	0.000000	0.049757
0.000000	0.049757	0.000000	0.050539
0.000000	0.050539	0.000000	0.050220
0.000000	0.050220	0.000000	0.050779
0.000000	0.050779	0.000000	0.049676
0.000000	0.049676	0.000000	0.049086
0.000000	0.049086	0.000000	0.048572
0.000000	0.048572	0.000000	0.049113
0.000000	0.049113	0.000000	0.048487
0.000000	0.048487	0.000000	0.048385
0.000000	0.048385	0.000000	0.048346
0.000000	0.048346	0.000000	0.048820
0.000000	0.048820	0.000000	0.048861
0.000000	0.048861	0.000000	0.049240
0.000000	0.049240	0.000000	0.049868
0.000000	0.049868	0.000000	0.049674
0.000000	0.049674	0.000000	0.049781
0.000000	0.049781	0.000000	0.049958
0.000000	0.049958	0.000000	0.049769
0.000000	0.049769	0.000000	0.049592
0.000000	0.049592	0.000000	0.049549
0.000000	0.049549	0.000000	0.050157
0.000000	0.050157	0.000000	0.049453
0.000000	0.049453	0.000000	0.049460
0.000000	0.049460	0.000000	0.049357
0.000000	0.049357	0.000000	0.049268
0.000000	0.049268	0.000000	0.049368
0.000000	0.049368	0.000000	0.048974
0.000000	0.048974	0.000000	0.049088
0.000000	0.049088	0.000000	0.049107
0.000000	0.049107	0.000000	0.048523
0.000000	0.048523	0.000000	0.048837
0.349660	0.149852	0.076106	0.139498
0.076106	0.139498	0.030804	0.124044
0.030804	0.124044	0.021836	0.113983
0.021836	0.113983	0.018135	0.106808
0.018135	0.106808	0.016303	0.101975
0.016303	0.101975	0.014836	0.096955
0.014836	0.096955	0.013311	0.094498
0.013311	0.094498	0.012179	0.091994
0.012179	0.091994	0.010886	0.089718
0.010886	0.089718	0.009779	0.088087
0.009779	0.088087	0.008441	0.085141
0.008441	0.085141	0.007491	0.082655
0.007491	0.082655	0.006581	0.080122
0.006581	0.080122	0.005953	0.078392
0.005953	0.078392	0.005321	0.077501
0.005321	0.077501	0.004633	0.076037
0.004633	0.076037	0.004108	0.074699
0.004108	0.074699	0.003707	0.074764
0.003707	0.074764	0.003176	0.072941
0.003176	0.072941	0.002946	0.071447
0.002946	0.071447	0.002564	0.071486
0.002564	0.071486	0.002156	0.070278
0.002156	0.070278	0.001956	0.070185
0.001956	0.070185	0.001786	0.070453
0.001786	0.070453	0.001503	0.070221
0.001503	0.070221	0.001436	0.070691
0.001436	0.070691	0.001418	0.070248
0.001418	0.070248	0.001164	0.070826
0.001164	0.070826	0.000923	0.070443
0.000923	0.070443	0.000824	0.069534
0.000824	0.069534	0.000761	0.069311
0.000761	0.069311	0.000661	0.068931
0.000661	0.068931	0.000638	0.068348
0.000638	0.068348	0.000523	0.068593
0.000523	0.068593	0.000469	0.068869
0.000469	0.068869	0.000437	0.069326
0.000437	0.069326	0.000371	0.069998
0.000371	0.069998	0.000343	0.069724
0.000343	0.069724	0.000269	0.069884
0.000269	0.069884	0.000197	0.069739
0.000197	0.069739	0.000124	0.069649
0.000124	0.069649	0.000070	0.069898
0.000070	0.069898	0.000064	0.069553
0.000064	0.069553	0.000026	0.069383
0.000026	0.069383	0.000004	0.069590
0.000004	0.069590	0.000000	0.069606
0.000000	0.069606	0.000000	0.070616
0.000000	0.070616	0.000000	0.071441
0.000000	0.071441	0.000000	0.071799
0.000000	0.071799	0.000000	0.072506
0.000000	0.072506	0.000000	0.071865
0.000000	0.071865	0.000000	0.071385
0.000000	0.071385	0.000000	0.070610
0.000000	0.070610	0.000000	0.071226
0.000000	0.071226	0.000000	0.071023
0.000000	0.071023	0.000000	0.071766
0.000000	0.071766	0.000000	0.071059
0.000000	0.071059	0.000000	0.071079
0.000000	0.071079	0.000000	0.071256
0.000000	0.071256	0.000000	0.071944
0.000000	0.071944	0.000000	0.072312
0.000000	0.072312	0.000000	0.072559
0.000000	0.072559	0.000000	0.071396
0.000000	0.071396	0.000000	0.071705
0.000000	0.071705	0.000000	0.072202
0.000000	0.072202	0.000000	0.072396
0.000000	0.072396	0.000000	0.072294
0.000000	0.072294	0.000000	0.072785
0.000000	0.072785	0.000000	0.072725
0.000000	0.072725	0.000000	0.073011
0.000000	0.073011	0.000000	0.072076
0.000000	0.072076	0.000000	0.073324
0.000000	0.073324	0.000000	0.072996
0.000000	0.072996	0.000000	0.073338
0.000000	0.073338	0.000000	0.073543
0.000000	0.073543	0.000000	0.073530
0.000000	0.073530	0.000000	0.073406
0.000000	0.073406	0.000000	0.073793
0.000000	0.073793	0.000000	0.074493
0.000000	0.074493	0.000000	0.074329
0.000000	0.074329	0.000000	0.074301
0.000000	0.074301	0.000000	0.075035
0.000000	0.075035	0.000000	0.074719
0.000000	0.074719	0.000000	0.074156
0.000000	0.074156	0.000000	0.074577
0.000000	0.074577	0.000000	0.073909
0.000000	0.073909	0.000000	0.074143
0.000000	0.074143	0.000000	0.073832
0.000000	0.073832	0.000000	0.073278
0.000000	0.073278	0.000000	0.072924
0.000000	0.072924	0.000000	0.072858
0.000000	0.072858	0.000000	0.072722
0.000000	0.072722	0.000000	0.072614
0.000000	0.072614	0.000000	0.071328
0.000000	0.071328	0.000000	0.071539
0.000000	0.071539	0.000000	0.071792
0.000000	0.071792	0.000000	0.072119
0.000000	0.072119	0.000000	0.071995
0.000000	0.071995	0.000000	0.071010
0.000000	0.071010	0.000000	0.070854
0.000000	0.070854	0.000000	0.070122
0.000000	0.070122	0.000000	0.070280
0.000000	0.070280	0.000000	0.069870
0.000000	0.069870	0.000000	0.070526
0.000000	0.070526	0.000000	0.069929
0.000000	0.069929	0.000000	0.070471
0.000000	0.070471	0.000000	0.070808
0.000000	0.070808	0.000000	0.070990
0.000000	0.070990	0.000000	0.071854
0.000000	0.071854	0.000000	0.071905
0.000000	0.071905	0.000000	0.071542
0.000000	0.071542	0.000000	0.071779
0.000000	0.071779	0.000000	0.071239
0.000000	0.071239	0.000000	0.071403
0.000000	0.071403	0.000000	0.071001
0.000000	0.071001	0.000000	0.070399
0.000000	0.070399	0.000000	0.070352
0.000000	0.070352	0.000000	0.070054
0.000000	0.070054	0.000000	0.069855
0.000000	0.069855	0.000000	0.069444
0.000000	0.069444	0.000000	0.070223
0.000000	0.070223	0.000000	0.069917
0.000000	0.069917	0.000000	0.070277
0.000000	0.070277	0.000000	0.069908
0.000000	0.069908	0.000000	0.070407
0.000000	0.070407	0.000000	0.069927
0.000000	0.069927	0.000000	0.069215
0.000000	0.069215	0.000000	0.069089
0.000000	0.069089	0.000000	0.068616
0.000000	0.068616	0.000000	0.069986
0.000000	0.069986	0.000000	0.070256
0.000000	0.070256	0.000000	0.070955
0.000000	0.070955	0.000000	0.071072
0.000000	0.071072	0.000000	0.071369
0.000000	0.071369	0.000000	0.071575
0.000000	0.071575	0.000000	0.070354
0.000000	0.070354	0.000000	0.070679
0.000000	0.070679	0.000000	0.071246
0.000000	0.071246	0.000000	0.071288
0.000000	0.071288	0.000000	0.071342
0.000000	0.071342	0.000000	0.071375
0.000000	0.071375	0.000000	0.070091
0.000000	0.070091	0.000000	0.070910
0.000000	0.070910	0.000000	0.070599
0.000000	0.070599	0.000000	0.070642
0.000000	0.070642	0.000000	0.069954
0.000000	0.069954	0.000000	0.069642
0.000000	0.069642	0.000000	0.069551
0.000000	0.069551	0.000000	0.069679
0.000000	0.069679	0.000000	0.069554
0.000000	0.069554	0.000000	0.069603
0.000000	0.069603	0.000000	0.068957
0.000000	0.068957	0.000000	0.068663
0.000000	0.068663	0.000000	0.067780
0.000000	0.067780	0.000000	0.067581
0.000000	0.067581	0.000000	0.068097
0.000000	0.068097	0.000000	0.068328
0.000000	0.068328	0.000000	0.068807
0.000000	0.068807	0.000000	0.068901
0.000000	0.068901	0.000000	0.068630
0.000000	0.068630	0.000000	0.068617
0.000000	0.068617	0.000000	0.067232
0.000000	0.067232	0.000000	0.067501
0.000000	0.067501	0.000000	0.067557
0.000000	0.067557	0.000000	0.066602
0.000000	0.066602	0.000000	0.066644
0.000000	0.066644	0.000000	0.067659
0.000000	0.067659	0.000000	0.067873
0.000000	0.067873	0.000000	0.067860
0.000000	0.067860	0.000000	0.067574
0.000000	0.067574	0.000000	0.067978
0.000000	0.067978	0.000000	0.068124
0.000000	0.068124	0.000000	0.067410
0.000000	0.067410	0.000000	0.067894
0.000000	0.067894	0.000000	0.067884
0.000000	0.067884	0.000000	0.067862
0.000000	0.067862	0.000000	0.067572
0.000000	0.067572	0.000000	0.067534
0.000000	0.067534	0.000000	0.068240
0.000000	0.068240	0.000000	0.067585
0.000000	0.067585	0.000000	0.068561
0.000000	0.068561	0.000000	0.067963
0.000000	0.067963	0.000000	0.068260
0.000000	0.068260	0.000000	0.067755
0.000000	0.067755	0.000000	0.067639
0.000000	0.067639	0.000000	0.067356
0.000000	0.067356	0.000000	0.067741
0.000000	0.067741	0.000000	0.068609
0.000000	0.068609	0.000000	0.068322
0.000000	0.068322	0.000000	0.068496
0.000000	0.068496	0.000000	0.068589
0.000000	0.068589	0.000000	0.068832
0.000000	0.068832	0.000000	0.068564
0.000000	0.068564	0.000000	0.068785
0.000000	0.068785	0.000000	0.069141
0.000000	0.069141	0.000000	0.069554
0.000000	0.069554	0.000000	0.069026
0.000000	0.069026	0.000000	0.068207
0.000000	0.068207	0.000000	0.068770
0.349829	0.099947	0.044167	0.091900
0.044167	0.091900	0.011441	0.081932
0.011441	0.081932	0.006471	0.077495
0.006471	0.077495	0.004797	0.074004
0.004797	0.074004	0.003817	0.071693
0.003817	0.071693	0.003460	0.071166
0.003460	0.071166	0.002977	0.070011
0.002977	0.070011	0.002679	0.069583
0.002679	0.069583	0.002328	0.069506
0.002328	0.069506	0.002048	0.068925
0.002048	0.068925	0.001725	0.069253
0.001725	0.069253	0.001498	0.069033
0.001498	0.069033	0.001393	0.069051
0.001393	0.069051	0.001334	0.069696
0.001334	0.069696	0.001184	0.069531
0.001184	0.069531	0.001054	0.069555
0.001054	0.069555	0.000983	0.069695
0.000983	0.069695	0.000899	0.069767
0.000899	0.069767	0.000777	0.069617
0.000777	0.069617	0.000649	0.068871
0.000649	0.068871	0.000452	0.068943
0.000452	0.068943	0.000375	0.068742
0.000375	0.068742	0.000234	0.069056
0.000234	0.069056	0.000181	0.069159
0.000181	0.069159	0.000145	0.068926
0.000145	0.068926	0.000134	0.068464
0.000134	0.068464	0.000115	0.067865
0.000115	0.067865	0.000101	0.067907
0.000101	0.067907	0.000110	0.067402
0.000110	0.067402	0.000103	0.067201
0.000103	0.067201	0.000112	0.068217
0.000112	0.068217	0.000119	0.067713
0.000119	0.067713	0.000135	0.067774
0.000135	0.067774	0.000096	0.068279
0.000096	0.068279	0.000061	0.068825
0.000061	0.068825	0.000039	0.068919
0.000039	0.068919	0.000017	0.068817
0.000017	0.068817	0.000008	0.068597
0.000008	0.068597	0.000000	0.068004
0.000000	0.068004	0.000000	0.067136
0.000000	0.067136	0.000000	0.067592
0.000000	0.067592	0.000000	0.067261
0.000000	0.067261	0.000000	0.067722
0.000000	0.067722	0.000000	0.067155
0.000000	0.067155	0.000000	0.068219
0.000000	0.068219	0.000000	0.068621
0.000000	0.068621	0.000000	0.067819
0.000000	0.067819	0.000000	0.067948
0.000000	0.067948	0.000000	0.068234
0.000000	0.068234	0.000000	0.067944
0.000000	0.067944	0.000000	0.068263
0.000000	0.068263	0.000000	0.068443
0.000000	0.068443	0.000000	0.068494
0.000000	0.068494	0.000000	0.068898
0.000000	0.068898	0.000000	0.069266
0.000000	0.069266	0.000000	0.069949
0.000000	0.069949	0.000000	0.069394
0.000000	0.069394	0.000000	0.068640
0.000000	0.068640	0.000000	0.069547
0.000000	0.069547	0.000000	0.068737
0.000000	0.068737	0.000000	0.069325
0.000000	0.069325	0.000000	0.069929
0.000000	0.069929	0.000000	0.069546
0.000000	0.069546	0.000000	0.069247
0.000000	0.069247	0.000000	0.069873
0.000000	0.069873	0.000000	0.069490
0.000000	0.069490	0.000000	0.068856
0.000000	0.068856	0.000000	0.069454
0.000000	0.069454	0.000000	0.069695
0.000000	0.069695	0.000000	0.070055
0.000000	0.070055	0.000000	0.070380
0.000000	0.070380	0.000000	0.070761
0.000000	0.070761	0.000000	0.071802
0.000000	0.071802	0.000000	0.072148
0.000000	0.072148	0.000000	0.072673
0.000000	0.072673	0.000000	0.072416
0.000000	0.072416	0.000000	0.072451
0.000000	0.072451	0.000000	0.073085
0.000000	0.073085	0.000000	0.073279
0.000000	0.073279	0.000000	0.073499
0.000000	0.073499	0.000000	0.073417
0.000000	0.073417	0.000000	0.073406
0.000000	0.073406	0.000000	0.073044
0.000000	0.073044	0.000000	0.073006
0.000000	0.073006	0.000000	0.072726
0.000000	0.072726	0.000000	0.072016
0.000000	0.072016	0.000000	0.071568
0.000000	0.071568	0.000000	0.071309
0.000000	0.071309	0.000000	0.071199
0.000000	0.071199	0.000000	0.071539
0.000000	0.071539	0.000000	0.071387
0.000000	0.071387	0.000000	0.070917
0.000000	0.070917	0.000000	0.070780
0.000000	0.070780	0.000000	0.070435
0.000000	0.070435	0.000000	0.070797
0.000000	0.070797	0.000000	0.070546
0.000000	0.070546	0.000000	0.070664
0.000000	0.070664	0.000000	0.071049
0.000000	0.071049	0.000000	0.071685
0.000000	0.071685	0.000000	0.071766
0.000000	0.071766	0.000000	0.072197
0.000000	0.072197	0.000000	0.072299
0.000000	0.072299	0.000000	0.072380
0.000000	0.072380	0.000000	0.072826
0.000000	0.072826	0.000000	0.072456
0.000000	0.072456	0.000000	0.073039
0.000000	0.073039	0.000000	0.072715
0.000000	0.072715	0.000000	0.072961
0.000000	0.072961	0.000000	0.072763
0.000000	0.072763	0.000000	0.073334
0.000000	0.073334	0.000000	0.072897
0.000000	0.072897	0.000000	0.073356
0.000000	0.073356	0.000000	0.073257
0.000000	0.073257	0.000000	0.072884
0.000000	0.072884	0.000000	0.073191
0.000000	0.073191	0.000000	0.073447
0.000000	0.073447	0.000000	0.072234
0.000000	0.072234	0.000000	0.072010
0.000000	0.072010	0.000000	0.071855
0.000000	0.071855	0.000000	0.071675
0.000000	0.071675	0.000000	0.070763
0.000000	0.070763	0.000000	0.070631
0.000000	0.070631	0.000000	0.070945
0.000000	0.070945	0.000000	0.071061
0.000000	0.071061	0.000000	0.070651
0.000000	0.070651	0.000000	0.069704
0.000000	0.069704	0.000000	0.069971
0.000000	0.069971	0.000000	0.069291
0.000000	0.069291	0.000000	0.069422
0.000000	0.069422	0.000000	0.070823
0.000000	0.070823	0.000000	0.070344
0.000000	0.070344	0.000000	0.070822
0.000000	0.070822	0.000000	0.070749
0.000000	0.070749	0.000000	0.070018
0.000000	0.070018	0.000000	0.068972
0.000000	0.068972	0.000000	0.068652
0.000000	0.068652	0.000000	0.068784
0.000000	0.068784	0.000000	0.068937
0.000000	0.068937	0.000000	0.068730
0.000000	0.068730	0.000000	0.068989
0.000000	0.068989	0.000000	0.069011
0.000000	0.069011	0.000000	0.069451
0.000000	0.069451	0.000000	0.069542
0.000000	0.069542	0.000000	0.070003
0.000000	0.070003	0.000000	0.070835
0.000000	0.070835	0.000000	0.071223
0.000000	0.071223	0.000000	0.072386
0.000000	0.072386	0.000000	0.072919
0.000000	0.072919	0.000000	0.073418
0.000000	0.073418	0.000000	0.072986
0.000000	0.072986	0.000000	0.072244
0.000000	0.072244	0.000000	0.072461
0.000000	0.072461	0.000000	0.072690
0.000000	0.072690	0.000000	0.072292
0.000000	0.072292	0.000000	0.072700
0.000000	0.072700	0.000000	0.071697
0.000000	0.071697	0.000000	0.071496
0.000000	0.071496	0.000000	0.071637
0.000000	0.071637	0.000000	0.071888
0.000000	0.071888	0.000000	0.071583
0.000000	0.071583	0.000000	0.072341
0.000000	0.072341	0.000000	0.072698
0.000000	0.072698	0.000000	0.072259
0.000000	0.072259	0.000000	0.072277
0.000000	0.072277	0.000000	0.072257
0.000000	0.072257	0.000000	0.072384
0.000000	0.072384	0.000000	0.072239
0.000000	0.072239	0.000000	0.073308
0.000000	0.073308	0.000000	0.072960
0.000000	0.072960	0.000000	0.072524
0.000000	0.072524	0.000000	0.072069
0.000000	0.072069	0.000000	0.071583
0.000000	0.071583	0.000000	0.070766
0.000000	0.070766	0.000000	0.069889
0.000000	0.069889	0.000000	0.070109
0.000000	0.070109	0.000000	0.070179
0.000000	0.070179	0.000000	0.070524
0.000000	0.070524	0.000000	0.070457
0.000000	0.070457	0.000000	0.070320
0.000000	0.070320	0.000000	0.070069
0.000000	0.070069	0.000000	0.069899
0.000000	0.069899	0.000000	0.069682
0.000000	0.069682	0.000000	0.069642
0.000000	0.069642	0.000000	0.070494
0.000000	0.070494	0.000000	0.070063
0.000000	0.070063	0.000000	0.070639
0.000000	0.070639	0.000000	0.069839
0.000000	0.069839	0.000000	0.070173
0.000000	0.070173	0.000000	0.070481
0.000000	0.070481	0.000000	0.071799
0.000000	0.071799	0.000000	0.072510
0.000000	0.072510	0.000000	0.072196
0.000000	0.072196	0.000000	0.072205
0.000000	0.072205	0.000000	0.073017
0.000000	0.073017	0.000000	0.072369
0.000000	0.072369	0.000000	0.072140
0.000000	0.072140	0.000000	0.072437
0.000000	0.072437	0.000000	0.071759
0.000000	0.071759	0.000000	0.071403
0.349655	0.050162	0.021988	0.045383
0.021988	0.045383	0.002744	0.041760
0.002744	0.041760	0.001025	0.040225
0.001025	0.040225	0.000638	0.040655
0.000638	0.040655	0.000505	0.040617
0.000505	0.040617	0.000378	0.040522
0.000378	0.040522	0.000231	0.040015
0.000231	0.040015	0.000149	0.039907
0.000149	0.039907	0.000102	0.039838
0.000102	0.039838	0.000045	0.039706
0.000045	0.039706	0.000021	0.039740
0.000021	0.039740	0.000022	0.040044
0.000022	0.040044	0.000003	0.039970
0.000003	0.039970	0.000000	0.040864
0.000000	0.040864	0.000000	0.041551
0.000000	0.041551	0.000000	0.041978
0.000000	0.041978	0.000000	0.041836
0.000000	0.041836	0.000000	0.041924
0.000000	0.041924	0.000000	0.042209
0.000000	0.042209	0.000000	0.042772
0.000000	0.042772	0.000000	0.043266
0.000000	0.043266	0.000000	0.043856
0.000000	0.043856	0.000000	0.043499
0.000000	0.043499	0.000000	0.044153
0.000000	0.044153	0.000000	0.044049
0.000000	0.044049	0.000000	0.043465
0.000000	0.043465	0.000000	0.043046
0.000000	0.043046	0.000000	0.042387
0.000000	0.042387	0.000000	0.042558
0.000000	0.042558	0.000000	0.042448
0.000000	0.042448	0.000000	0.042211
0.000000	0.042211	0.000000	0.042024
0.000000	0.042024	0.000000	0.042018
0.000000	0.042018	0.000000	0.041869
0.000000	0.041869	0.000000	0.041706
0.000000	0.041706	0.000000	0.041564
0.000000	0.041564	0.000000	0.040917
0.000000	0.040917	0.000000	0.041135
0.000000	0.041135	0.000000	0.041450
0.000000	0.041450	0.000000	0.040682
0.000000	0.040682	0.000000	0.040992
0.000000	0.040992	0.000000	0.041655
0.000000	0.041655	0.000000	0.041247
0.000000	0.041247	0.000000	0.040854
0.000000	0.040854	0.000000	0.041495
0.000000	0.041495	0.000000	0.040648
0.000000	0.040648	0.000000	0.041246
0.000000	0.041246	0.000000	0.040796
0.000000	0.040796	0.000000	0.041133
0.000000	0.041133	0.000000	0.040950
0.000000	0.040950	0.000000	0.041182
0.000000	0.041182	0.000000	0.040766
0.000000	0.040766	0.000000	0.041286
0.000000	0.041286	0.000000	0.041958
0.000000	0.041958	0.000000	0.041207
0.000000	0.041207	0.000000	0.040918
0.000000	0.040918	0.000000	0.041108
0.000000	0.041108	0.000000	0.040683
0.000000	0.040683	0.000000	0.040841
0.000000	0.040841	0.000000	0.040650
0.000000	0.040650	0.000000	0.040192
0.000000	0.040192	0.000000	0.040063
0.000000	0.040063	0.000000	0.039830
0.000000	0.039830	0.000000	0.039589
0.000000	0.039589	0.000000	0.039542
0.000000	0.039542	0.000000	0.039198
0.000000	0.039198	0.000000	0.040137
0.000000	0.040137	0.000000	0.039730
0.000000	0.039730	0.000000	0.039464
0.000000	0.039464	0.000000	0.040043
0.000000	0.040043	0.000000	0.039932
0.000000	0.039932	0.000000	0.039629
0.000000	0.039629	0.000000	0.040260
0.000000	0.040260	0.000000	0.040402
0.000000	0.040402	0.000000	0.039894
0.000000	0.039894	0.000000	0.040451
0.000000	0.040451	0.000000	0.040094
0.000000	0.040094	0.000000	0.040223
0.000000	0.040223	0.000000	0.040713
0.000000	0.040713	0.000000	0.040294
0.000000	0.040294	0.000000	0.040459
0.000000	0.040459	0.000000	0.040317
0.000000	0.040317	0.000000	0.041073
0.000000	0.041073	0.000000	0.040591
0.000000	0.040591	0.000000	0.039946
0.000000	0.039946	0.000000	0.039675
0.000000	0.039675	0.000000	0.039359
0.000000	0.039359	0.000000	0.039788
0.000000	0.039788	0.000000	0.039387
0.000000	0.039387	0.000000	0.039352
0.000000	0.039352	0.000000	0.038890
0.000000	0.038890	0.000000	0.038032
0.000000	0.038032	0.000000	0.038977
0.000000	0.038977	0.000000	0.038982
0.000000	0.038982	0.000000	0.038796
0.000000	0.038796	0.000000	0.038152
0.000000	0.038152	0.000000	0.037910
0.000000	0.037910	0.000000	0.038183
0.000000	0.038183	0.000000	0.037647
0.000000	0.037647	0.000000	0.037835
0.000000	0.037835	0.000000	0.037884
0.000000	0.037884	0.000000	0.037895
0.000000	0.037895	0.000000	0.038046
0.000000	0.038046	0.000000	0.037533
0.000000	0.037533	0.000000	0.037675
0.000000	0.037675	0.000000	0.037696
0.000000	0.037696	0.000000	0.037433
0.000000	0.037433	0.000000	0.037064
0.000000	0.037064	0.000000	0.036690
0.000000	0.036690	0.000000	0.036332
0.000000	0.036332	0.000000	0.037149
0.000000	0.037149	0.000000	0.037145
0.000000	0.037145	0.000000	0.037370
0.000000	0.037370	0.000000	0.037016
0.000000	0.037016	0.000000	0.037584
0.000000	0.037584	0.000000	0.037331
0.000000	0.037331	0.000000	0.037624
0.000000	0.037624	0.000000	0.038175
0.000000	0.038175	0.000000	0.038302
0.000000	0.038302	0.000000	0.038578
0.000000	0.038578	0.000000	0.038283
0.000000	0.038283	0.000000	0.038586
0.000000	0.038586	0.000000	0.038940
0.000000	0.038940	0.000000	0.038541
0.000000	0.038541	0.000000	0.038252
0.000000	0.038252	0.000000	0.038054
0.000000	0.038054	0.000000	0.037711
0.000000	0.037711	0.000000	0.037558
0.000000	0.037558	0.000000	0.037798
0.000000	0.037798	0.000000	0.037704
0.000000	0.037704	0.000000	0.037940
0.000000	0.037940	0.000000	0.037787
0.000000	0.037787	0.000000	0.037325
0.000000	0.037325	0.000000	0.036992
0.000000	0.036992	0.000000	0.037001
0.000000	0.037001	0.000000	0.037775
0.000000	0.037775	0.000000	0.038502
0.000000	0.038502	0.000000	0.038395
0.000000	0.038395	0.000000	0.038927
0.000000	0.038927	0.000000	0.039012
0.000000	0.039012	0.000000	0.039220
0.000000	0.039220	0.000000	0.038759
0.000000	0.038759	0.000000	0.038605
0.000000	0.038605	0.000000	0.038983
0.000000	0.038983	0.000000	0.038645
0.000000	0.038645	0.000000	0.038318
0.000000	0.038318	0.000000	0.038134
0.000000	0.038134	0.000000	0.037660
0.000000	0.037660	0.000000	0.037518
0.000000	0.037518	0.000000	0.037301
0.000000	0.037301	0.000000	0.037365
0.000000	0.037365	0.000000	0.037141
0.000000	0.037141	0.000000	0.037437
0.000000	0.037437	0.000000	0.037864
0.000000	0.037864	0.000000	0.037613
0.000000	0.037613	0.000000	0.037315
0.000000	0.037315	0.000000	0.036841
0.000000	0.036841	0.000000	0.036728
0.000000	0.036728	0.000000	0.036702
0.000000	0.036702	0.000000	0.036367
0.000000	0.036367	0.000000	0.036452
0.000000	0.036452	0.000000	0.036836
0.000000	0.036836	0.000000	0.036577
0.000000	0.036577	0.000000	0.036983
0.000000	0.036983	0.000000	0.036891
0.000000	0.036891	0.000000	0.036404
0.000000	0.036404	0.000000	0.036486
0.000000	0.036486	0.000000	0.036518
0.000000	0.036518	0.000000	0.036924
0.000000	0.036924	0.000000	0.036961
0.000000	0.036961	0.000000	0.036531
0.000000	0.036531	0.000000	0.036643
0.000000	0.036643	0.000000	0.036777
0.000000	0.036777	0.000000	0.036753
0.000000	0.036753	0.000000	0.037024
0.000000	0.037024	0.000000	0.037149
0.000000	0.037149	0.000000	0.036858
0.000000	0.036858	0.000000	0.037163
0.000000	0.037163	0.000000	0.036786
0.000000	0.036786	0.000000	0.036877
0.000000	0.036877	0.000000	0.037188
0.000000	0.037188	0.000000	0.038002
0.000000	0.038002	0.000000	0.038121
0.000000	0.038121	0.000000	0.038330
0.000000	0.038330	0.000000	0.037986
0.000000	0.037986	0.000000	0.037488
0.000000	0.037488	0.000000	0.038371
0.000000	0.038371	0.000000	0.037791
0.000000	0.037791	0.000000	0.037856
0.000000	0.037856	0.000000	0.037835
0.000000	0.037835	0.000000	0.038130
0.000000	0.038130	0.000000	0.037277
0.000000	0.037277	0.000000	0.037033
0.000000	0.037033	0.000000	0.037147
0.000000	0.037147	0.000000	0.037014
0.000000	0.037014	0.000000	0.037125
0.000000	0.037125	0.000000	0.037057
0.000000	0.037057	0.000000	0.037232
0.000000	0.037232	0.000000	0.036836
