0.350419	0.449089	0.446018	0.451348
0.446018	0.451348	0.503888	0.465997
0.503888	0.465997	0.539383	0.484309
0.539383	0.484309	0.564002	0.505081
0.564002	0.505081	0.583681	0.527227
0.583681	0.527227	0.600728	0.549503
0.600728	0.549503	0.620465	0.574310
0.620465	0.574310	0.639885	0.598889
0.639885	0.598889	0.661147	0.624200
0.661147	0.624200	0.682398	0.648948
0.682398	0.648948	0.703137	0.673371
0.703137	0.673371	0.723278	0.695815
0.723278	0.695815	0.744260	0.718300
0.744260	0.718300	0.763699	0.740000
0.763699	0.740000	0.781757	0.759741
0.781757	0.759741	0.798495	0.778071
0.798495	0.778071	0.814403	0.795085
0.814403	0.795085	0.828039	0.809813
0.828039	0.809813	0.841997	0.825006
0.841997	0.825006	0.853310	0.836810
0.853310	0.836810	0.862620	0.846747
0.862620	0.846747	0.871327	0.855888
0.871327	0.855888	0.878780	0.863653
0.878780	0.863653	0.885738	0.870852
0.885738	0.870852	0.891048	0.876702
0.891048	0.876702	0.895974	0.881842
0.895974	0.881842	0.900755	0.886953
0.900755	0.886953	0.904972	0.891328
0.904972	0.891328	0.907978	0.894673
0.907978	0.894673	0.910590	0.897402
0.910590	0.897402	0.912496	0.899415
0.912496	0.899415	0.914560	0.902042
0.914560	0.902042	0.915644	0.903342
0.915644	0.903342	0.917329	0.905165
0.917329	0.905165	0.918187	0.906281
0.918187	0.906281	0.920045	0.908395
0.920045	0.908395	0.921174	0.909430
0.921174	0.909430	0.922523	0.910742
0.922523	0.910742	0.923439	0.911952
0.923439	0.911952	0.924210	0.912554
0.924210	0.912554	0.925069	0.913822
0.925069	0.913822	0.925835	0.915048
0.925835	0.915048	0.926658	0.915724
0.926658	0.915724	0.927305	0.916408
0.927305	0.916408	0.927926	0.917283
0.927926	0.917283	0.928791	0.917918
0.928791	0.917918	0.929607	0.918979
0.929607	0.918979	0.930749	0.920269
0.930749	0.920269	0.931727	0.921445
0.931727	0.921445	0.932558	0.922256
0.932558	0.922256	0.933780	0.923503
0.933780	0.923503	0.934222	0.923905
0.934222	0.923905	0.934950	0.924461
0.934950	0.924461	0.935562	0.925271
0.935562	0.925271	0.936559	0.926161
0.936559	0.926161	0.937137	0.926760
0.937137	0.926760	0.937330	0.926923
0.937330	0.926923	0.937802	0.927715
0.937802	0.927715	0.938022	0.927860
0.938022	0.927860	0.938361	0.928551
0.938361	0.928551	0.939127	0.929612
0.939127	0.929612	0.939583	0.929829
0.939583	0.929829	0.940147	0.930620
0.940147	0.930620	0.940331	0.930902
0.940331	0.930902	0.941049	0.931688
0.941049	0.931688	0.941587	0.932074
0.941587	0.932074	0.942708	0.932982
0.942708	0.932982	0.943363	0.933739
0.943363	0.933739	0.943920	0.934741
0.943920	0.934741	0.944065	0.934846
0.944065	0.934846	0.944279	0.935010
0.944279	0.935010	0.945020	0.935838
0.945020	0.935838	0.945628	0.936231
0.945628	0.936231	0.946209	0.936494
0.946209	0.936494	0.946686	0.936630
0.946686	0.936630	0.946835	0.936706
0.946835	0.936706	0.947404	0.937030
0.947404	0.937030	0.948102	0.937639
0.948102	0.937639	0.948721	0.938193
0.948721	0.938193	0.948904	0.938389
0.948904	0.938389	0.949500	0.939365
0.949500	0.939365	0.949527	0.939524
0.949527	0.939524	0.949362	0.939350
0.949362	0.939350	0.949698	0.939959
0.949698	0.939959	0.949666	0.940172
0.949666	0.940172	0.949771	0.940087
0.949771	0.940087	0.949940	0.940715
0.949940	0.940715	0.950072	0.941053
0.950072	0.941053	0.949909	0.940760
0.949909	0.940760	0.950145	0.940709
0.950145	0.940709	0.950172	0.940820
0.950172	0.940820	0.949998	0.940642
0.949998	0.940642	0.949803	0.940534
0.949803	0.940534	0.949935	0.940657
0.949935	0.940657	0.950876	0.941517
0.950876	0.941517	0.950928	0.941541
0.950928	0.941541	0.951337	0.941457
0.951337	0.941457	0.951589	0.941514
0.951589	0.941514	0.951856	0.942058
0.951856	0.942058	0.951932	0.942133
0.951932	0.942133	0.952111	0.942391
0.952111	0.942391	0.952146	0.942540
0.952146	0.942540	0.952515	0.942757
0.952515	0.942757	0.952459	0.942445
0.952459	0.942445	0.952846	0.942631
0.952846	0.942631	0.953022	0.942871
0.953022	0.942871	0.953121	0.942862
0.953121	0.942862	0.953271	0.943003
0.953271	0.943003	0.953135	0.942441
0.953135	0.942441	0.953362	0.942591
0.953362	0.942591	0.953563	0.942843
0.953563	0.942843	0.954357	0.943608
0.954357	0.943608	0.954481	0.943734
0.954481	0.943734	0.954612	0.943864
0.954612	0.943864	0.955093	0.944243
0.955093	0.944243	0.955022	0.944301
0.955022	0.944301	0.955373	0.944964
0.955373	0.944964	0.955584	0.945237
0.955584	0.945237	0.955783	0.945765
0.955783	0.945765	0.956024	0.946194
0.956024	0.946194	0.956227	0.946792
0.956227	0.946792	0.956521	0.946979
0.956521	0.946979	0.957030	0.947221
0.957030	0.947221	0.957194	0.947364
0.957194	0.947364	0.957344	0.947640
0.957344	0.947640	0.957538	0.947958
0.957538	0.947958	0.957667	0.948447
0.957667	0.948447	0.957798	0.948776
0.957798	0.948776	0.958023	0.949328
0.958023	0.949328	0.957971	0.949354
0.957971	0.949354	0.958091	0.949517
0.958091	0.949517	0.958128	0.949869
0.958128	0.949869	0.958267	0.950066
0.958267	0.950066	0.958243	0.950177
0.958243	0.950177	0.958447	0.950512
0.958447	0.950512	0.959080	0.950931
0.959080	0.950931	0.959449	0.951273
0.959449	0.951273	0.959484	0.951691
0.959484	0.951691	0.959653	0.951928
0.959653	0.951928	0.959674	0.951922
0.959674	0.951922	0.959528	0.952021
0.959528	0.952021	0.959638	0.951819
0.959638	0.951819	0.959709	0.951780
0.959709	0.951780	0.959967	0.952042
0.959967	0.952042	0.960326	0.952076
0.960326	0.952076	0.960434	0.952071
0.960434	0.952071	0.960731	0.952322
0.960731	0.952322	0.960842	0.952393
0.960842	0.952393	0.961266	0.952655
0.961266	0.952655	0.961425	0.952414
0.961425	0.952414	0.961721	0.952491
0.961721	0.952491	0.962035	0.952833
0.962035	0.952833	0.962378	0.953060
0.962378	0.953060	0.962693	0.953381
0.962693	0.953381	0.962862	0.953916
0.962862	0.953916	0.962814	0.953778
0.962814	0.953778	0.963017	0.953737
0.963017	0.953737	0.962868	0.953799
0.962868	0.953799	0.963087	0.953888
0.963087	0.953888	0.963046	0.953934
0.963046	0.953934	0.963040	0.953837
0.963040	0.953837	0.962985	0.954019
0.962985	0.954019	0.963172	0.953982
0.963172	0.953982	0.963123	0.954307
0.963123	0.954307	0.963435	0.954900
0.963435	0.954900	0.963659	0.954881
0.963659	0.954881	0.963216	0.954134
0.963216	0.954134	0.963355	0.954366
0.963355	0.954366	0.963754	0.955106
0.963754	0.955106	0.963462	0.954724
0.963462	0.954724	0.963789	0.955050
0.963789	0.955050	0.964074	0.955160
0.964074	0.955160	0.964065	0.955145
0.964065	0.955145	0.964399	0.955433
0.964399	0.955433	0.964331	0.955560
0.964331	0.955560	0.964256	0.955509
0.964256	0.955509	0.964385	0.955551
0.964385	0.955551	0.964665	0.955838
0.964665	0.955838	0.965045	0.956395
0.965045	0.956395	0.965472	0.956940
0.965472	0.956940	0.965862	0.957521
0.965862	0.957521	0.965964	0.957264
0.965964	0.957264	0.966080	0.957445
0.966080	0.957445	0.965823	0.957267
0.965823	0.957267	0.965646	0.957033
0.965646	0.957033	0.965598	0.957188
0.965598	0.957188	0.965680	0.957062
0.965680	0.957062	0.965680	0.957139
0.965680	0.957139	0.965925	0.957836
0.965925	0.957836	0.966035	0.957797
0.966035	0.957797	0.966405	0.958285
0.966405	0.958285	0.966668	0.958497
0.966668	0.958497	0.966597	0.958315
0.966597	0.958315	0.966412	0.957951
0.966412	0.957951	0.966653	0.958306
0.966653	0.958306	0.967311	0.959047
0.967311	0.959047	0.967459	0.959076
0.967459	0.959076	0.967657	0.959311
0.967657	0.959311	0.967473	0.959286
0.351018	0.400325	0.387053	0.400526
0.387053	0.400526	0.416135	0.411037
0.416135	0.411037	0.439096	0.426672
0.439096	0.426672	0.460828	0.443779
0.460828	0.443779	0.483441	0.464777
0.483441	0.464777	0.504430	0.485918
0.504430	0.485918	0.525039	0.506771
0.525039	0.506771	0.545617	0.528070
0.545617	0.528070	0.565376	0.548536
0.565376	0.548536	0.582937	0.567765
0.582937	0.567765	0.599249	0.585714
0.599249	0.585714	0.615607	0.603503
0.615607	0.603503	0.629557	0.619036
0.629557	0.619036	0.641517	0.632052
0.641517	0.632052	0.652853	0.644021
0.652853	0.644021	0.663414	0.655488
0.663414	0.655488	0.673254	0.666052
0.673254	0.666052	0.682351	0.675641
0.682351	0.675641	0.689996	0.683785
0.689996	0.683785	0.695937	0.690079
0.695937	0.690079	0.702387	0.696733
0.702387	0.696733	0.707180	0.701518
0.707180	0.701518	0.711113	0.705591
0.711113	0.705591	0.714500	0.709055
0.714500	0.709055	0.716650	0.711365
0.716650	0.711365	0.719719	0.714659
0.719719	0.714659	0.722230	0.717369
0.722230	0.717369	0.723826	0.718909
0.723826	0.718909	0.724896	0.720276
0.724896	0.720276	0.726390	0.721830
0.726390	0.721830	0.727334	0.722878
0.727334	0.722878	0.728471	0.724292
0.728471	0.724292	0.729712	0.725513
0.729712	0.725513	0.729517	0.725310
0.729517	0.725310	0.730694	0.726637
0.730694	0.726637	0.730841	0.726990
0.730841	0.726990	0.730883	0.727133
0.730883	0.727133	0.731024	0.727348
0.731024	0.727348	0.730766	0.727170
0.730766	0.727170	0.731153	0.727770
0.731153	0.727770	0.731267	0.728174
0.731267	0.728174	0.731031	0.728168
0.731031	0.728168	0.730779	0.727883
0.730779	0.727883	0.731424	0.728714
0.731424	0.728714	0.731447	0.728617
0.731447	0.728617	0.732067	0.729407
0.732067	0.729407	0.732138	0.729475
0.732138	0.729475	0.732066	0.729404
0.732066	0.729404	0.732416	0.730082
0.732416	0.730082	0.732293	0.729968
0.732293	0.729968	0.731981	0.729655
0.731981	0.729655	0.731176	0.728835
0.731176	0.728835	0.731448	0.729336
0.731448	0.729336	0.731692	0.729717
0.731692	0.729717	0.732383	0.730410
0.732383	0.730410	0.731890	0.729977
0.731890	0.729977	0.731411	0.729455
0.731411	0.729455	0.730799	0.728759
0.730799	0.728759	0.730497	0.728503
0.730497	0.728503	0.730397	0.728492
0.730397	0.728492	0.729641	0.727905
0.729641	0.727905	0.728167	0.726397
0.728167	0.726397	0.728161	0.726534
0.728161	0.726534	0.727606	0.726060
0.727606	0.726060	0.727962	0.726403
0.727962	0.726403	0.727992	0.726580
0.727992	0.726580	0.727999	0.726741
0.727999	0.726741	0.727539	0.726338
0.727539	0.726338	0.727104	0.726002
0.727104	0.726002	0.727692	0.726848
0.727692	0.726848	0.727336	0.726538
0.727336	0.726538	0.727735	0.726914
0.727735	0.726914	0.727064	0.726243
0.727064	0.726243	0.727475	0.726621
0.727475	0.726621	0.727881	0.726973
0.727881	0.726973	0.727603	0.726693
0.727603	0.726693	0.727030	0.726090
0.727030	0.726090	0.726829	0.725989
0.726829	0.725989	0.727035	0.726208
0.727035	0.726208	0.726608	0.725712
0.726608	0.725712	0.726301	0.725400
0.726301	0.725400	0.726476	0.725654
0.726476	0.725654	0.725833	0.725053
0.725833	0.725053	0.726048	0.725261
0.726048	0.725261	0.725643	0.724966
0.725643	0.724966	0.725638	0.724915
0.725638	0.724915	0.725568	0.724777
0.725568	0.724777	0.725202	0.724441
0.725202	0.724441	0.724690	0.723790
0.724690	0.723790	0.724995	0.724130
0.724995	0.724130	0.724729	0.723937
0.724729	0.723937	0.724064	0.723151
0.724064	0.723151	0.723978	0.722992
0.723978	0.722992	0.723263	0.722338
0.723263	0.722338	0.723138	0.722187
0.723138	0.722187	0.722642	0.721679
0.722642	0.721679	0.722178	0.721206
0.722178	0.721206	0.721356	0.720369
0.721356	0.720369	0.721451	0.720523
0.721451	0.720523	0.721745	0.720794
0.721745	0.720794	0.721807	0.720811
0.721807	0.720811	0.720982	0.719887
0.720982	0.719887	0.720973	0.719998
0.720973	0.719998	0.720765	0.719669
0.720765	0.719669	0.720591	0.719402
0.720591	0.719402	0.720048	0.718816
0.720048	0.718816	0.719862	0.718529
0.719862	0.718529	0.719715	0.718375
0.719715	0.718375	0.720056	0.718684
0.720056	0.718684	0.720351	0.718953
0.720351	0.718953	0.719942	0.718524
0.719942	0.718524	0.719531	0.718073
0.719531	0.718073	0.719230	0.717808
0.719230	0.717808	0.719214	0.717964
0.719214	0.717964	0.718248	0.717029
0.718248	0.717029	0.718235	0.717002
0.718235	0.717002	0.717125	0.716004
0.717125	0.716004	0.716888	0.715781
0.716888	0.715781	0.716531	0.715567
0.716531	0.715567	0.716596	0.715644
0.716596	0.715644	0.715645	0.714789
0.715645	0.714789	0.715652	0.714788
0.715652	0.714788	0.714803	0.714033
0.714803	0.714033	0.714267	0.713452
0.714267	0.713452	0.714155	0.713435
0.714155	0.713435	0.714277	0.713526
0.714277	0.713526	0.713568	0.712761
0.713568	0.712761	0.712825	0.711956
0.712825	0.711956	0.712316	0.711442
0.712316	0.711442	0.712102	0.711230
0.712102	0.711230	0.712047	0.711170
0.712047	0.711170	0.711530	0.710608
0.711530	0.710608	0.710742	0.709807
0.710742	0.709807	0.710308	0.709327
0.710308	0.709327	0.710218	0.709205
0.710218	0.709205	0.709801	0.708786
0.709801	0.708786	0.709414	0.708424
0.709414	0.708424	0.709415	0.708526
0.709415	0.708526	0.709064	0.708253
0.709064	0.708253	0.708085	0.707234
0.708085	0.707234	0.707459	0.706618
0.707459	0.706618	0.707088	0.706251
0.707088	0.706251	0.706962	0.706241
0.706962	0.706241	0.706598	0.705966
0.706598	0.705966	0.706105	0.705507
0.706105	0.705507	0.705901	0.705320
0.705901	0.705320	0.705307	0.704740
0.705307	0.704740	0.704817	0.704210
0.704817	0.704210	0.704720	0.704088
0.704720	0.704088	0.704456	0.703836
0.704456	0.703836	0.704586	0.703953
0.704586	0.703953	0.703905	0.703301
0.703905	0.703301	0.703796	0.703161
0.703796	0.703161	0.703199	0.702651
0.703199	0.702651	0.702754	0.702162
0.702754	0.702162	0.702471	0.701841
0.702471	0.701841	0.702181	0.701552
0.702181	0.701552	0.701830	0.701196
0.701830	0.701196	0.701346	0.700743
0.701346	0.700743	0.700794	0.700226
0.700794	0.700226	0.699950	0.699345
0.699950	0.699345	0.699378	0.698760
0.699378	0.698760	0.699038	0.698455
0.699038	0.698455	0.698118	0.697476
0.698118	0.697476	0.697310	0.696631
0.697310	0.696631	0.696678	0.695998
0.696678	0.695998	0.696530	0.695924
0.696530	0.695924	0.696431	0.695791
0.696431	0.695791	0.695978	0.695331
0.695978	0.695331	0.695444	0.694790
0.695444	0.694790	0.695190	0.694587
0.695190	0.694587	0.694912	0.694259
0.694912	0.694259	0.694404	0.693718
0.694404	0.693718	0.693779	0.693113
0.693779	0.693113	0.693474	0.692783
0.693474	0.692783	0.692597	0.691853
0.692597	0.691853	0.692310	0.691626
0.692310	0.691626	0.690750	0.690105
0.690750	0.690105	0.690404	0.689818
0.690404	0.689818	0.689815	0.689294
0.689815	0.689294	0.689271	0.688776
0.689271	0.688776	0.688536	0.688021
0.688536	0.688021	0.687595	0.687116
0.687595	0.687116	0.687194	0.686737
0.687194	0.686737	0.686451	0.686030
0.686451	0.686030	0.686063	0.685652
0.686063	0.685652	0.685978	0.685614
0.685978	0.685614	0.685321	0.684915
0.685321	0.684915	0.685582	0.685175
0.685582	0.685175	0.685642	0.685226
0.685642	0.685226	0.684978	0.684611
0.684978	0.684611	0.684526	0.684047
0.684526	0.684047	0.684397	0.683907
0.684397	0.683907	0.684257	0.683698
0.684257	0.683698	0.683778	0.683225
0.683778	0.683225	0.682923	0.682375
0.682923	0.682375	0.682633	0.682029
0.682633	0.682029	0.681768	0.681147
0.681768	0.681147	0.681421	0.680793
0.349792	0.350457	0.327834	0.351142
0.327834	0.351142	0.324901	0.356760
0.324901	0.356760	0.336582	0.366862
0.336582	0.366862	0.354736	0.379086
0.354736	0.379086	0.374810	0.392365
0.374810	0.392365	0.394762	0.406031
0.394762	0.406031	0.413076	0.419997
0.413076	0.419997	0.429604	0.432319
0.429604	0.432319	0.444020	0.444203
0.444020	0.444203	0.454390	0.453290
0.454390	0.453290	0.464426	0.463058
0.464426	0.463058	0.471374	0.469142
0.471374	0.469142	0.476657	0.474503
0.476657	0.474503	0.481498	0.479494
0.481498	0.479494	0.485499	0.483409
0.485499	0.483409	0.487056	0.485043
0.487056	0.485043	0.488134	0.486252
0.488134	0.486252	0.488244	0.486167
0.488244	0.486167	0.487838	0.485739
0.487838	0.485739	0.487413	0.485574
0.487413	0.485574	0.485787	0.484101
0.485787	0.484101	0.483805	0.482157
0.483805	0.482157	0.482014	0.480567
0.482014	0.480567	0.481121	0.479797
0.481121	0.479797	0.479161	0.477842
0.479161	0.477842	0.477660	0.476447
0.477660	0.476447	0.475097	0.473745
0.475097	0.473745	0.471704	0.470407
0.471704	0.470407	0.468856	0.467510
0.468856	0.467510	0.466171	0.465028
0.466171	0.465028	0.464347	0.463269
0.464347	0.463269	0.461714	0.460685
0.461714	0.460685	0.458871	0.457934
0.458871	0.457934	0.456069	0.455182
0.456069	0.455182	0.452799	0.451814
0.452799	0.451814	0.450284	0.449342
0.450284	0.449342	0.447884	0.446946
0.447884	0.446946	0.444632	0.443563
0.444632	0.443563	0.441667	0.440710
0.441667	0.440710	0.439160	0.438110
0.439160	0.438110	0.436288	0.435320
0.436288	0.435320	0.434487	0.433544
0.434487	0.433544	0.430848	0.429940
0.430848	0.429940	0.427931	0.427045
0.427931	0.427045	0.425580	0.424873
0.425580	0.424873	0.423163	0.422546
0.423163	0.422546	0.420722	0.420197
0.420722	0.420197	0.418365	0.417838
0.418365	0.417838	0.414936	0.414389
0.414936	0.414389	0.412502	0.412008
0.412502	0.412008	0.410013	0.409499
0.410013	0.409499	0.406573	0.406134
0.406573	0.406134	0.404249	0.403913
0.404249	0.403913	0.401956	0.401582
0.401956	0.401582	0.400333	0.400011
0.400333	0.400011	0.397184	0.396882
0.397184	0.396882	0.394351	0.394013
0.394351	0.394013	0.391657	0.391398
0.391657	0.391398	0.389156	0.388877
0.389156	0.388877	0.386820	0.386547
0.386820	0.386547	0.384913	0.384704
0.384913	0.384704	0.382939	0.382766
0.382939	0.382766	0.380609	0.380503
0.380609	0.380503	0.378088	0.378007
0.378088	0.378007	0.376349	0.376292
0.376349	0.376292	0.372868	0.372853
0.372868	0.372853	0.371139	0.371114
0.371139	0.371114	0.368891	0.368865
0.368891	0.368865	0.367069	0.367026
0.367069	0.367026	0.364570	0.364524
0.364570	0.364524	0.362731	0.362739
0.362731	0.362739	0.359651	0.359666
0.359651	0.359666	0.357658	0.357686
0.357658	0.357686	0.354915	0.354945
0.354915	0.354945	0.352304	0.352354
0.352304	0.352354	0.350353	0.350359
0.350353	0.350359	0.348316	0.348328
0.348316	0.348328	0.345883	0.345943
0.345883	0.345943	0.344070	0.344167
0.344070	0.344167	0.342386	0.342443
0.342386	0.342443	0.341024	0.341096
0.341024	0.341096	0.339295	0.339351
0.339295	0.339351	0.336901	0.336963
0.336901	0.336963	0.335731	0.335786
0.335731	0.335786	0.333609	0.333631
0.333609	0.333631	0.331902	0.331944
0.331902	0.331944	0.329590	0.329633
0.329590	0.329633	0.327597	0.327625
0.327597	0.327625	0.325164	0.325195
0.325164	0.325195	0.323403	0.323445
0.323403	0.323445	0.322088	0.322160
0.322088	0.322160	0.319704	0.319761
0.319704	0.319761	0.318594	0.318649
0.318594	0.318649	0.316099	0.316146
0.316099	0.316146	0.314214	0.314283
0.314214	0.314283	0.312473	0.312577
0.312473	0.312577	0.310975	0.311051
0.310975	0.311051	0.308833	0.308918
0.308833	0.308918	0.307116	0.307192
0.307116	0.307192	0.305591	0.305644
0.305591	0.305644	0.303548	0.303632
0.303548	0.303632	0.301580	0.301667
0.301580	0.301667	0.300558	0.300638
0.300558	0.300638	0.299030	0.299111
0.299030	0.299111	0.297206	0.297268
0.297206	0.297268	0.295411	0.295457
0.295411	0.295457	0.293445	0.293459
0.293445	0.293459	0.291804	0.291816
0.291804	0.291816	0.290084	0.290096
0.290084	0.290096	0.287843	0.287850
0.287843	0.287850	0.286154	0.286156
0.286154	0.286156	0.284615	0.284615
0.284615	0.284615	0.282606	0.282606
0.282606	0.282606	0.280958	0.280958
0.280958	0.280958	0.279522	0.279522
0.279522	0.279522	0.277582	0.277582
0.277582	0.277582	0.275419	0.275419
0.275419	0.275419	0.274139	0.274139
0.274139	0.274139	0.272724	0.272724
0.272724	0.272724	0.271579	0.271579
0.271579	0.271579	0.270102	0.270102
0.270102	0.270102	0.269001	0.269001
0.269001	0.269001	0.267545	0.267545
0.267545	0.267545	0.265730	0.265730
0.265730	0.265730	0.264133	0.264133
0.264133	0.264133	0.262557	0.262557
0.262557	0.262557	0.261186	0.261186
0.261186	0.261186	0.259644	0.259644
0.259644	0.259644	0.258376	0.258376
0.258376	0.258376	0.256890	0.256890
0.256890	0.256890	0.255091	0.255091
0.255091	0.255091	0.253295	0.253295
0.253295	0.253295	0.251543	0.251543
0.251543	0.251543	0.249490	0.249490
0.249490	0.249490	0.247572	0.247572
0.247572	0.247572	0.245622	0.245622
0.245622	0.245622	0.244112	0.244112
0.244112	0.244112	0.242557	0.242557
0.242557	0.242557	0.241110	0.241110
0.241110	0.241110	0.239171	0.239171
0.239171	0.239171	0.237391	0.237391
0.237391	0.237391	0.235300	0.235300
0.235300	0.235300	0.233761	0.233761
0.233761	0.233761	0.231871	0.231871
0.231871	0.231871	0.230416	0.230416
0.230416	0.230416	0.228983	0.228983
0.228983	0.228983	0.227110	0.227110
0.227110	0.227110	0.225761	0.225761
0.225761	0.225761	0.224272	0.224272
0.224272	0.224272	0.223120	0.223120
0.223120	0.223120	0.221563	0.221563
0.221563	0.221563	0.220173	0.220173
0.220173	0.220173	0.219352	0.219352
0.219352	0.219352	0.218740	0.218740
0.218740	0.218740	0.217548	0.217548
0.217548	0.217548	0.215580	0.215580
0.215580	0.215580	0.213960	0.213960
0.213960	0.213960	0.213038	0.213038
0.213038	0.213038	0.210943	0.210943
0.210943	0.210943	0.209794	0.209794
0.209794	0.209794	0.209097	0.209097
0.209097	0.209097	0.206969	0.206969
0.206969	0.206969	0.205683	0.205683
0.205683	0.205683	0.204803	0.204803
0.204803	0.204803	0.203302	0.203302
0.203302	0.203302	0.201617	0.201617
0.201617	0.201617	0.201097	0.201097
0.201097	0.201097	0.199491	0.199491
0.199491	0.199491	0.197828	0.197828
0.197828	0.197828	0.196201	0.196201
0.196201	0.196201	0.195129	0.195129
0.195129	0.195129	0.193451	0.193451
0.193451	0.193451	0.192130	0.192130
0.192130	0.192130	0.190406	0.190406
0.190406	0.190406	0.189118	0.189118
0.189118	0.189118	0.188045	0.188045
0.188045	0.188045	0.186493	0.186493
0.186493	0.186493	0.185182	0.185182
0.185182	0.185182	0.184022	0.184022
0.184022	0.184022	0.183217	0.183217
0.183217	0.183217	0.182850	0.182850
0.182850	0.182850	0.181393	0.181393
0.181393	0.181393	0.180425	0.180425
0.180425	0.180425	0.178881	0.178881
0.178881	0.178881	0.177258	0.177258
0.177258	0.177258	0.175547	0.175547
0.175547	0.175547	0.174691	0.174691
0.174691	0.174691	0.173272	0.173272
0.173272	0.173272	0.172424	0.172424
0.172424	0.172424	0.171138	0.171138
0.171138	0.171138	0.169788	0.169788
0.169788	0.169788	0.168636	0.168636
0.168636	0.168636	0.167325	0.167325
0.167325	0.167325	0.165953	0.165953
0.165953	0.165953	0.164833	0.164833
0.164833	0.164833	0.163404	0.163404
0.163404	0.163404	0.161992	0.161992
0.161992	0.161992	0.161136	0.161136
0.161136	0.161136	0.160035	0.160035
0.349219	0.300111	0.271221	0.298003
0.271221	0.298003	0.240653	0.298496
0.240653	0.298496	0.237335	0.301641
0.237335	0.301641	0.248476	0.306087
0.248476	0.306087	0.266080	0.312342
0.266080	0.312342	0.282989	0.318617
0.282989	0.318617	0.296134	0.322396
0.296134	0.322396	0.307970	0.327096
0.307970	0.327096	0.316680	0.330875
0.316680	0.330875	0.320689	0.331455
0.320689	0.331455	0.323164	0.331459
0.323164	0.331459	0.323323	0.329688
0.323323	0.329688	0.323149	0.328089
0.323149	0.328089	0.321247	0.325113
0.321247	0.325113	0.320730	0.323635
0.320730	0.323635	0.317616	0.320001
0.317616	0.320001	0.315298	0.317360
0.315298	0.317360	0.312548	0.314448
0.312548	0.314448	0.308692	0.310216
0.308692	0.310216	0.302919	0.304372
0.302919	0.304372	0.299320	0.300701
0.299320	0.300701	0.294584	0.295937
0.294584	0.295937	0.290800	0.292226
0.290800	0.292226	0.286092	0.287649
0.286092	0.287649	0.281431	0.282979
0.281431	0.282979	0.276831	0.278379
0.276831	0.278379	0.272154	0.273627
0.272154	0.273627	0.267883	0.269376
0.267883	0.269376	0.262998	0.264316
0.262998	0.264316	0.258774	0.260104
0.258774	0.260104	0.255268	0.256658
0.255268	0.256658	0.251114	0.252560
0.251114	0.252560	0.246616	0.247937
0.246616	0.247937	0.242833	0.244132
0.242833	0.244132	0.239862	0.241180
0.239862	0.241180	0.235533	0.236717
0.235533	0.236717	0.231545	0.232757
0.231545	0.232757	0.227400	0.228628
0.227400	0.228628	0.222541	0.223697
0.222541	0.223697	0.218313	0.219449
0.218313	0.219449	0.215103	0.216097
0.215103	0.216097	0.211230	0.212251
0.211230	0.212251	0.208390	0.209394
0.208390	0.209394	0.204774	0.205825
0.204774	0.205825	0.201771	0.202739
0.201771	0.202739	0.198614	0.199617
0.198614	0.199617	0.195211	0.196194
0.195211	0.196194	0.191707	0.192726
0.191707	0.192726	0.189157	0.190058
0.189157	0.190058	0.186460	0.187323
0.186460	0.187323	0.183713	0.184550
0.183713	0.184550	0.180845	0.181700
0.180845	0.181700	0.177988	0.178799
0.177988	0.178799	0.175192	0.176005
0.175192	0.176005	0.171954	0.172721
0.171954	0.172721	0.169155	0.169804
0.169155	0.169804	0.166757	0.167415
0.166757	0.167415	0.164151	0.164830
0.164151	0.164830	0.161779	0.162446
0.161779	0.162446	0.159115	0.159764
0.159115	0.159764	0.155959	0.156515
0.155959	0.156515	0.153416	0.153944
0.153416	0.153944	0.150346	0.150921
0.150346	0.150921	0.147960	0.148498
0.147960	0.148498	0.145206	0.145786
0.145206	0.145786	0.142562	0.143181
0.142562	0.143181	0.139561	0.140167
0.139561	0.140167	0.137188	0.137771
0.137188	0.137771	0.135197	0.135805
0.135197	0.135805	0.133375	0.133957
0.133375	0.133957	0.132014	0.132558
0.132014	0.132558	0.130240	0.130746
0.130240	0.130746	0.128255	0.128777
0.128255	0.128777	0.126714	0.127258
0.126714	0.127258	0.124199	0.124746
0.124199	0.124746	0.120959	0.121462
0.120959	0.121462	0.118759	0.119324
0.118759	0.119324	0.116373	0.116902
0.116373	0.116902	0.114514	0.115004
0.114514	0.115004	0.112861	0.113362
0.112861	0.113362	0.111258	0.111675
0.111258	0.111675	0.109233	0.109668
0.109233	0.109668	0.107868	0.108248
0.107868	0.108248	0.105608	0.105950
0.105608	0.105950	0.103913	0.104252
0.103913	0.104252	0.101727	0.102055
0.101727	0.102055	0.099571	0.099968
0.099571	0.099968	0.097892	0.098311
0.097892	0.098311	0.096019	0.096442
0.096019	0.096442	0.094599	0.095101
0.094599	0.095101	0.093221	0.093657
0.093221	0.093657	0.091699	0.092134
0.091699	0.092134	0.090190	0.090597
0.090190	0.090597	0.089045	0.089431
0.089045	0.089431	0.087532	0.087878
0.087532	0.087878	0.086079	0.086390
0.086079	0.086390	0.084426	0.084677
0.084426	0.084677	0.083118	0.083361
0.083118	0.083361	0.081703	0.081939
0.081703	0.081939	0.080347	0.080624
0.080347	0.080624	0.078758	0.078998
0.078758	0.078998	0.077435	0.077710
0.077435	0.077710	0.076151	0.076476
0.076151	0.076476	0.074999	0.075248
0.074999	0.075248	0.073962	0.074191
0.073962	0.074191	0.072636	0.072879
0.072636	0.072879	0.071488	0.071725
0.071488	0.071725	0.070281	0.070461
0.070281	0.070461	0.069417	0.069537
0.069417	0.069537	0.068413	0.068480
0.068413	0.068480	0.067920	0.067988
0.067920	0.067988	0.067211	0.067282
0.067211	0.067282	0.065866	0.065950
0.065866	0.065950	0.064795	0.064875
0.064795	0.064875	0.063913	0.064008
0.063913	0.064008	0.062785	0.062872
0.062785	0.062872	0.061790	0.061877
0.061790	0.061877	0.061023	0.061102
0.061023	0.061102	0.060112	0.060182
0.060112	0.060182	0.059263	0.059364
0.059263	0.059364	0.058447	0.058529
0.058447	0.058529	0.057563	0.057675
0.057563	0.057675	0.056517	0.056608
0.056517	0.056608	0.055469	0.055565
0.055469	0.055565	0.054147	0.054267
0.054147	0.054267	0.053202	0.053307
0.053202	0.053307	0.052699	0.052816
0.052699	0.052816	0.051589	0.051694
0.051589	0.051694	0.050935	0.051083
0.050935	0.051083	0.049948	0.050087
0.049948	0.050087	0.049131	0.049328
0.049131	0.049328	0.048499	0.048652
0.048499	0.048652	0.048109	0.048288
0.048109	0.048288	0.047542	0.047708
0.047542	0.047708	0.046268	0.046394
0.046268	0.046394	0.045422	0.045577
0.045422	0.045577	0.044639	0.044795
0.044639	0.044795	0.043918	0.044145
0.043918	0.044145	0.043426	0.043689
0.043426	0.043689	0.042766	0.043027
0.042766	0.043027	0.042092	0.042337
0.042092	0.042337	0.041096	0.041353
0.041096	0.041353	0.040592	0.040845
0.040592	0.040845	0.040088	0.040347
0.040088	0.040347	0.039459	0.039722
0.039459	0.039722	0.038902	0.039237
0.038902	0.039237	0.038284	0.038638
0.038284	0.038638	0.037530	0.037905
0.037530	0.037905	0.036844	0.037267
0.036844	0.037267	0.035865	0.036276
0.035865	0.036276	0.035227	0.035645
0.035227	0.035645	0.034787	0.035220
0.034787	0.035220	0.034154	0.034605
0.034154	0.034605	0.033710	0.034199
0.033710	0.034199	0.033277	0.033711
0.033277	0.033711	0.032519	0.032929
0.032519	0.032929	0.032020	0.032409
0.032020	0.032409	0.031486	0.031885
0.031486	0.031885	0.031013	0.031440
0.031013	0.031440	0.030320	0.030779
0.030320	0.030779	0.029404	0.029945
0.029404	0.029945	0.029076	0.029651
0.029076	0.029651	0.028318	0.028884
0.028318	0.028884	0.027745	0.028229
0.027745	0.028229	0.027119	0.027561
0.027119	0.027561	0.026587	0.027053
0.026587	0.027053	0.025943	0.026399
0.025943	0.026399	0.025312	0.025760
0.025312	0.025760	0.024867	0.025321
0.024867	0.025321	0.024657	0.025167
0.024657	0.025167	0.024134	0.024646
0.024134	0.024646	0.023804	0.024328
0.023804	0.024328	0.023203	0.023787
0.023203	0.023787	0.023010	0.023606
0.023010	0.023606	0.022492	0.023136
0.022492	0.023136	0.021949	0.022695
0.021949	0.022695	0.021535	0.022246
0.021535	0.022246	0.021151	0.021817
0.021151	0.021817	0.020743	0.021405
0.020743	0.021405	0.020494	0.021168
0.020494	0.021168	0.020096	0.020802
0.020096	0.020802	0.019458	0.020231
0.019458	0.020231	0.018949	0.019681
0.018949	0.019681	0.018792	0.019557
0.018792	0.019557	0.018236	0.018937
0.018236	0.018937	0.017991	0.018720
0.017991	0.018720	0.017664	0.018396
0.017664	0.018396	0.017186	0.017906
0.017186	0.017906	0.016811	0.017442
0.016811	0.017442	0.016444	0.017017
0.016444	0.017017	0.015814	0.016397
0.015814	0.016397	0.015455	0.016078
0.015455	0.016078	0.015216	0.015872
0.015216	0.015872	0.015177	0.015766
0.015177	0.015766	0.014959	0.015604
0.014959	0.015604	0.014670	0.015259
0.014670	0.015259	0.014254	0.014925
0.014254	0.014925	0.013774	0.014456
0.013774	0.014456	0.013489	0.014169
0.349642	0.249626	0.216882	0.246064
0.216882	0.246064	0.164173	0.238663
0.164173	0.238663	0.150604	0.235535
0.150604	0.235535	0.152534	0.232333
0.152534	0.232333	0.162015	0.231214
0.162015	0.231214	0.171136	0.228402
0.171136	0.228402	0.180498	0.228071
0.180498	0.228071	0.187420	0.225941
0.187420	0.225941	0.191430	0.222890
0.191430	0.222890	0.194582	0.220468
0.194582	0.220468	0.194651	0.216235
0.194651	0.216235	0.193916	0.211912
0.193916	0.211912	0.192069	0.207316
0.192069	0.207316	0.188921	0.201960
0.188921	0.201960	0.185340	0.196862
0.185340	0.196862	0.181594	0.192071
0.181594	0.192071	0.178319	0.187944
0.178319	0.187944	0.173338	0.182256
0.173338	0.182256	0.169282	0.177604
0.169282	0.177604	0.165495	0.173265
0.165495	0.173265	0.160764	0.168003
0.160764	0.168003	0.156332	0.163104
0.156332	0.163104	0.150767	0.157545
0.150767	0.157545	0.145757	0.151857
0.145757	0.151857	0.141568	0.147327
0.141568	0.147327	0.137570	0.143067
0.137570	0.143067	0.133820	0.139024
0.133820	0.139024	0.129869	0.134694
0.129869	0.134694	0.126464	0.131280
0.126464	0.131280	0.122484	0.127112
0.122484	0.127112	0.119129	0.123549
0.119129	0.123549	0.116276	0.120719
0.116276	0.120719	0.113171	0.117731
0.113171	0.117731	0.110206	0.114541
0.110206	0.114541	0.107526	0.111738
0.107526	0.111738	0.105112	0.109543
0.105112	0.109543	0.101760	0.105916
0.101760	0.105916	0.099077	0.103114
0.099077	0.103114	0.096081	0.100004
0.096081	0.100004	0.093950	0.097950
0.093950	0.097950	0.091325	0.095172
0.091325	0.095172	0.088398	0.092410
0.088398	0.092410	0.085495	0.089558
0.085495	0.089558	0.082353	0.086249
0.082353	0.086249	0.079655	0.083505
0.079655	0.083505	0.077593	0.081427
0.077593	0.081427	0.075030	0.078916
0.075030	0.078916	0.072530	0.076538
0.072530	0.076538	0.069929	0.073891
0.069929	0.073891	0.068035	0.071889
0.068035	0.071889	0.066253	0.070200
0.066253	0.070200	0.064697	0.068409
0.064697	0.068409	0.062386	0.066361
0.062386	0.066361	0.060500	0.064566
0.060500	0.064566	0.059171	0.062989
0.059171	0.062989	0.057711	0.061641
0.057711	0.061641	0.055884	0.059691
0.055884	0.059691	0.054335	0.057985
0.054335	0.057985	0.052735	0.056225
0.052735	0.056225	0.051352	0.055040
0.051352	0.055040	0.049738	0.053463
0.049738	0.053463	0.048590	0.052279
0.048590	0.052279	0.046995	0.050588
0.046995	0.050588	0.045827	0.049481
0.045827	0.049481	0.044596	0.048438
0.044596	0.048438	0.043480	0.047362
0.043480	0.047362	0.042042	0.045949
0.042042	0.045949	0.040459	0.044425
0.040459	0.044425	0.039283	0.043142
0.039283	0.043142	0.038198	0.042130
0.038198	0.042130	0.037255	0.041402
0.037255	0.041402	0.036049	0.040244
0.036049	0.040244	0.035358	0.039540
0.035358	0.039540	0.034583	0.038840
0.034583	0.038840	0.033456	0.037630
0.033456	0.037630	0.032640	0.036853
0.032640	0.036853	0.031948	0.036131
0.031948	0.036131	0.030754	0.035100
0.030754	0.035100	0.030003	0.034331
0.030003	0.034331	0.029151	0.033467
0.029151	0.033467	0.028526	0.032946
0.028526	0.032946	0.028120	0.032470
0.028120	0.032470	0.027476	0.032021
0.027476	0.032021	0.026902	0.031444
0.026902	0.031444	0.026345	0.030897
0.026345	0.030897	0.025416	0.030071
0.025416	0.030071	0.024758	0.029502
0.024758	0.029502	0.024101	0.028513
0.024101	0.028513	0.023690	0.027898
0.023690	0.027898	0.023239	0.027485
0.023239	0.027485	0.022664	0.026920
0.022664	0.026920	0.022266	0.026466
0.022266	0.026466	0.021473	0.025770
0.021473	0.025770	0.020760	0.024940
0.020760	0.024940	0.019929	0.024131
0.019929	0.024131	0.019695	0.023814
0.019695	0.023814	0.019090	0.023224
0.019090	0.023224	0.018252	0.022446
0.018252	0.022446	0.017662	0.021804
0.017662	0.021804	0.016958	0.021046
0.016958	0.021046	0.016652	0.020502
0.016652	0.020502	0.016445	0.020283
0.016445	0.020283	0.015972	0.020006
0.015972	0.020006	0.015492	0.019644
0.015492	0.019644	0.015011	0.019157
0.015011	0.019157	0.014508	0.018617
0.014508	0.018617	0.014284	0.018410
0.014284	0.018410	0.013883	0.017949
0.013883	0.017949	0.013650	0.017723
0.013650	0.017723	0.013323	0.017319
0.013323	0.017319	0.013046	0.017067
0.013046	0.017067	0.012539	0.016595
0.012539	0.016595	0.012172	0.016111
0.012172	0.016111	0.011850	0.015747
0.011850	0.015747	0.011432	0.015382
0.011432	0.015382	0.010983	0.015103
0.010983	0.015103	0.010404	0.014420
0.010404	0.014420	0.010038	0.014015
0.010038	0.014015	0.009744	0.013878
0.009744	0.013878	0.009470	0.013536
0.009470	0.013536	0.009164	0.013173
0.009164	0.013173	0.008970	0.012983
0.008970	0.012983	0.008429	0.012242
0.008429	0.012242	0.008160	0.012010
0.008160	0.012010	0.007775	0.011746
0.007775	0.011746	0.007579	0.011460
0.007579	0.011460	0.007247	0.011117
0.007247	0.011117	0.007004	0.010939
0.007004	0.010939	0.006569	0.010459
0.006569	0.010459	0.006352	0.010156
0.006352	0.010156	0.006081	0.009895
0.006081	0.009895	0.005845	0.009798
0.005845	0.009798	0.005674	0.009768
0.005674	0.009768	0.005496	0.009916
0.005496	0.009916	0.005320	0.009824
0.005320	0.009824	0.005199	0.009648
0.005199	0.009648	0.005155	0.009699
0.005155	0.009699	0.004950	0.009491
0.004950	0.009491	0.004682	0.009071
0.004682	0.009071	0.004548	0.009099
0.004548	0.009099	0.004362	0.008843
0.004362	0.008843	0.004141	0.008575
0.004141	0.008575	0.004067	0.008363
0.004067	0.008363	0.004006	0.008370
0.004006	0.008370	0.003830	0.008155
0.003830	0.008155	0.003620	0.007830
0.003620	0.007830	0.003409	0.007647
0.003409	0.007647	0.003328	0.007504
0.003328	0.007504	0.003143	0.007322
0.003143	0.007322	0.003030	0.007321
0.003030	0.007321	0.002823	0.006916
0.002823	0.006916	0.002690	0.006840
0.002690	0.006840	0.002614	0.006638
0.002614	0.006638	0.002537	0.006492
0.002537	0.006492	0.002444	0.006389
0.002444	0.006389	0.002441	0.006270
0.002441	0.006270	0.002374	0.006612
0.002374	0.006612	0.002277	0.006404
0.002277	0.006404	0.002212	0.006315
0.002212	0.006315	0.002217	0.006011
0.002217	0.006011	0.002128	0.005780
0.002128	0.005780	0.002131	0.005820
0.002131	0.005820	0.002079	0.005634
0.002079	0.005634	0.002031	0.005663
0.002031	0.005663	0.001889	0.005577
0.001889	0.005577	0.001822	0.005268
0.001822	0.005268	0.001780	0.005184
0.001780	0.005184	0.001782	0.005202
0.001782	0.005202	0.001718	0.005237
0.001718	0.005237	0.001621	0.005412
0.001621	0.005412	0.001549	0.005228
0.001549	0.005228	0.001448	0.005184
0.001448	0.005184	0.001394	0.005280
0.001394	0.005280	0.001324	0.005234
0.001324	0.005234	0.001255	0.005125
0.001255	0.005125	0.001163	0.004862
0.001163	0.004862	0.001161	0.004848
0.001161	0.004848	0.001139	0.004939
0.001139	0.004939	0.001140	0.004801
0.001140	0.004801	0.001031	0.004739
0.001031	0.004739	0.000989	0.004894
0.000989	0.004894	0.000950	0.004819
0.000950	0.004819	0.000989	0.004773
0.000989	0.004773	0.000933	0.004756
0.000933	0.004756	0.000878	0.004731
0.000878	0.004731	0.000810	0.004783
0.000810	0.004783	0.000757	0.004842
0.000757	0.004842	0.000756	0.004717
0.000756	0.004717	0.000728	0.004657
0.000728	0.004657	0.000708	0.004462
0.000708	0.004462	0.000668	0.004681
0.000668	0.004681	0.000629	0.004625
0.000629	0.004625	0.000624	0.004524
0.000624	0.004524	0.000564	0.004444
0.000564	0.004444	0.000532	0.004317
0.000532	0.004317	0.000512	0.004095
0.000512	0.004095	0.000479	0.003826
0.000479	0.003826	0.000470	0.003843
0.000470	0.003843	0.000425	0.003796
0.350112	0.199580	0.169068	0.195809
0.169068	0.195809	0.104195	0.186998
0.104195	0.186998	0.087634	0.179362
0.087634	0.179362	0.085337	0.171715
0.085337	0.171715	0.087789	0.165787
0.087789	0.165787	0.091711	0.160359
0.091711	0.160359	0.095419	0.155869
0.095419	0.155869	0.099079	0.151756
0.099079	0.151756	0.100487	0.147892
0.100487	0.147892	0.102001	0.143472
0.102001	0.143472	0.101808	0.138646
0.101808	0.138646	0.101307	0.134494
0.101307	0.134494	0.099420	0.129998
0.099420	0.129998	0.097377	0.125466
0.097377	0.125466	0.095816	0.121554
0.095816	0.121554	0.093172	0.116977
0.093172	0.116977	0.090494	0.113357
0.090494	0.113357	0.088264	0.110279
0.088264	0.110279	0.085224	0.106289
0.085224	0.106289	0.083188	0.103280
0.083188	0.103280	0.080888	0.100362
0.080888	0.100362	0.078369	0.096371
0.078369	0.096371	0.075342	0.092889
0.075342	0.092889	0.073567	0.090701
0.073567	0.090701	0.070608	0.087165
0.070608	0.087165	0.068272	0.084379
0.068272	0.084379	0.065628	0.081837
0.065628	0.081837	0.063172	0.079527
0.063172	0.079527	0.060958	0.077118
0.060958	0.077118	0.058177	0.074113
0.058177	0.074113	0.056812	0.072315
0.056812	0.072315	0.054522	0.069951
0.054522	0.069951	0.052930	0.068133
0.052930	0.068133	0.051329	0.066437
0.051329	0.066437	0.049226	0.064606
0.049226	0.064606	0.047930	0.062916
0.047930	0.062916	0.046243	0.060808
0.046243	0.060808	0.045206	0.059456
0.045206	0.059456	0.043638	0.057669
0.043638	0.057669	0.042285	0.056373
0.042285	0.056373	0.040497	0.054373
0.040497	0.054373	0.039173	0.053028
0.039173	0.053028	0.038009	0.051693
0.038009	0.051693	0.036176	0.049700
0.036176	0.049700	0.034782	0.048009
0.034782	0.048009	0.033566	0.047278
0.033566	0.047278	0.032693	0.046442
0.032693	0.046442	0.031828	0.045406
0.031828	0.045406	0.030655	0.044197
0.030655	0.044197	0.029585	0.042797
0.029585	0.042797	0.029026	0.041936
0.029026	0.041936	0.028083	0.040673
0.028083	0.040673	0.027593	0.039843
0.027593	0.039843	0.026928	0.039272
0.026928	0.039272	0.026193	0.038809
0.026193	0.038809	0.025572	0.037927
0.025572	0.037927	0.024461	0.036791
0.024461	0.036791	0.023878	0.036581
0.023878	0.036581	0.023401	0.035743
0.023401	0.035743	0.022744	0.035155
0.022744	0.035155	0.022126	0.034114
0.022126	0.034114	0.021321	0.033160
0.021321	0.033160	0.020191	0.032274
0.020191	0.032274	0.019666	0.031575
0.019666	0.031575	0.019059	0.031173
0.019059	0.031173	0.018553	0.030666
0.018553	0.030666	0.017878	0.029785
0.017878	0.029785	0.017225	0.029096
0.017225	0.029096	0.017079	0.029024
0.017079	0.029024	0.016718	0.028700
0.016718	0.028700	0.016185	0.028173
0.016185	0.028173	0.015694	0.027706
0.015694	0.027706	0.015150	0.027357
0.015150	0.027357	0.014801	0.027124
0.014801	0.027124	0.014319	0.026950
0.014319	0.026950	0.014139	0.026709
0.014139	0.026709	0.013597	0.026417
0.013597	0.026417	0.012955	0.025158
0.012955	0.025158	0.012570	0.024765
0.012570	0.024765	0.012225	0.024206
0.012225	0.024206	0.011710	0.023552
0.011710	0.023552	0.011179	0.022684
0.011179	0.022684	0.010713	0.021980
0.010713	0.021980	0.010423	0.021572
0.010423	0.021572	0.009841	0.020932
0.009841	0.020932	0.009665	0.020488
0.009665	0.020488	0.009441	0.020222
0.009441	0.020222	0.009309	0.019884
0.009309	0.019884	0.009065	0.019417
0.009065	0.019417	0.008553	0.019036
0.008553	0.019036	0.008257	0.018643
0.008257	0.018643	0.007847	0.018148
0.007847	0.018148	0.007612	0.018109
0.007612	0.018109	0.007283	0.017500
0.007283	0.017500	0.007272	0.017344
0.007272	0.017344	0.007024	0.017003
0.007024	0.017003	0.006821	0.016608
0.006821	0.016608	0.006602	0.016172
0.006602	0.016172	0.006329	0.015547
0.006329	0.015547	0.006155	0.015513
0.006155	0.015513	0.005985	0.015535
0.005985	0.015535	0.005741	0.015508
0.005741	0.015508	0.005420	0.015430
0.005420	0.015430	0.005305	0.015522
0.005305	0.015522	0.005072	0.015303
0.005072	0.015303	0.004771	0.014606
0.004771	0.014606	0.004602	0.014330
0.004602	0.014330	0.004315	0.014212
0.004315	0.014212	0.004258	0.014098
0.004258	0.014098	0.004294	0.014012
0.004294	0.014012	0.004184	0.014167
0.004184	0.014167	0.004156	0.013928
0.004156	0.013928	0.004075	0.013734
0.004075	0.013734	0.004229	0.013721
0.004229	0.013721	0.004214	0.013730
0.004214	0.013730	0.004143	0.013594
0.004143	0.013594	0.004186	0.013650
0.004186	0.013650	0.004142	0.013414
0.004142	0.013414	0.004059	0.013506
0.004059	0.013506	0.003958	0.013279
0.003958	0.013279	0.003934	0.013143
0.003934	0.013143	0.003887	0.013196
0.003887	0.013196	0.003822	0.013393
0.003822	0.013393	0.003762	0.013729
0.003762	0.013729	0.003783	0.013705
0.003783	0.013705	0.003675	0.013477
0.003675	0.013477	0.003690	0.013547
0.003690	0.013547	0.003660	0.013229
0.003660	0.013229	0.003637	0.013415
0.003637	0.013415	0.003644	0.013288
0.003644	0.013288	0.003655	0.013662
0.003655	0.013662	0.003616	0.013537
0.003616	0.013537	0.003552	0.013463
0.003552	0.013463	0.003531	0.013775
0.003531	0.013775	0.003437	0.013621
0.003437	0.013621	0.003452	0.013697
0.003452	0.013697	0.003501	0.013601
0.003501	0.013601	0.003450	0.013431
0.003450	0.013431	0.003351	0.013487
0.003351	0.013487	0.003239	0.013214
0.003239	0.013214	0.003132	0.013193
0.003132	0.013193	0.003095	0.012991
0.003095	0.012991	0.003163	0.012956
0.003163	0.012956	0.003113	0.013227
0.003113	0.013227	0.003131	0.012994
0.003131	0.012994	0.002948	0.012966
0.002948	0.012966	0.002889	0.012841
0.002889	0.012841	0.002825	0.012467
0.002825	0.012467	0.002726	0.012474
0.002726	0.012474	0.002753	0.012391
0.002753	0.012391	0.002671	0.012184
0.002671	0.012184	0.002668	0.012295
0.002668	0.012295	0.002628	0.012437
0.002628	0.012437	0.002510	0.012324
0.002510	0.012324	0.002519	0.012393
0.002519	0.012393	0.002492	0.012355
0.002492	0.012355	0.002428	0.012336
0.002428	0.012336	0.002254	0.012167
0.002254	0.012167	0.002230	0.012227
0.002230	0.012227	0.002238	0.012330
0.002238	0.012330	0.002174	0.012353
0.002174	0.012353	0.002111	0.012388
0.002111	0.012388	0.002117	0.012206
0.002117	0.012206	0.002011	0.012044
0.002011	0.012044	0.001983	0.011986
0.001983	0.011986	0.001890	0.011938
0.001890	0.011938	0.001856	0.011896
0.001856	0.011896	0.001818	0.011949
0.001818	0.011949	0.001809	0.011784
0.001809	0.011784	0.001720	0.011825
0.001720	0.011825	0.001615	0.011626
0.001615	0.011626	0.001558	0.011619
0.001558	0.011619	0.001551	0.011620
0.001551	0.011620	0.001515	0.011543
0.001515	0.011543	0.001423	0.011499
0.001423	0.011499	0.001336	0.011387
0.001336	0.011387	0.001265	0.011229
0.001265	0.011229	0.001145	0.010955
0.001145	0.010955	0.001109	0.010858
0.001109	0.010858	0.001059	0.010777
0.001059	0.010777	0.001051	0.010735
0.001051	0.010735	0.001030	0.010616
0.001030	0.010616	0.000991	0.010609
0.000991	0.010609	0.000995	0.010840
0.000995	0.010840	0.000936	0.010643
0.000936	0.010643	0.000914	0.010727
0.000914	0.010727	0.000879	0.010406
0.000879	0.010406	0.000828	0.010449
0.000828	0.010449	0.000783	0.010603
0.000783	0.010603	0.000693	0.010788
0.000693	0.010788	0.000640	0.011036
0.000640	0.011036	0.000608	0.010714
0.000608	0.010714	0.000631	0.010767
0.000631	0.010767	0.000597	0.010563
0.000597	0.010563	0.000533	0.010546
0.000533	0.010546	0.000518	0.010426
0.000518	0.010426	0.000509	0.010304
0.000509	0.010304	0.000411	0.010098
0.000411	0.010098	0.000387	0.010327
0.350111	0.150029	0.124820	0.145508
0.124820	0.145508	0.058425	0.134932
0.058425	0.134932	0.040956	0.125982
0.040956	0.125982	0.035834	0.117295
0.035834	0.117295	0.034491	0.111836
0.034491	0.111836	0.035246	0.106511
0.035246	0.106511	0.035476	0.101349
0.035476	0.101349	0.036000	0.097150
0.036000	0.097150	0.036571	0.095027
0.036571	0.095027	0.036326	0.090829
0.036326	0.090829	0.036627	0.088511
0.036627	0.088511	0.036015	0.085448
0.036015	0.085448	0.035164	0.082111
0.035164	0.082111	0.034055	0.078853
0.034055	0.078853	0.033426	0.077329
0.033426	0.077329	0.032560	0.075053
0.032560	0.075053	0.031758	0.072928
0.031758	0.072928	0.031057	0.071040
0.031057	0.071040	0.030515	0.069411
0.030515	0.069411	0.029740	0.068070
0.029740	0.068070	0.028910	0.065940
0.028910	0.065940	0.028087	0.064217
0.028087	0.064217	0.027398	0.063225
0.027398	0.063225	0.026576	0.061551
0.026576	0.061551	0.025512	0.059761
0.025512	0.059761	0.025059	0.058402
0.025059	0.058402	0.024465	0.057009
0.024465	0.057009	0.023599	0.055508
0.023599	0.055508	0.023128	0.055042
0.023128	0.055042	0.022733	0.054578
0.022733	0.054578	0.022350	0.053217
0.022350	0.053217	0.021901	0.052439
0.021901	0.052439	0.021738	0.051925
0.021738	0.051925	0.021175	0.050813
0.021175	0.050813	0.020715	0.050174
0.020715	0.050174	0.020256	0.049790
0.020256	0.049790	0.019783	0.048999
0.019783	0.048999	0.018911	0.047743
0.018911	0.047743	0.018408	0.047002
0.018408	0.047002	0.017844	0.046290
0.017844	0.046290	0.017326	0.045694
0.017326	0.045694	0.016385	0.044199
0.016385	0.044199	0.015655	0.043391
0.015655	0.043391	0.015454	0.043532
0.015454	0.043532	0.014761	0.042439
0.014761	0.042439	0.014390	0.042343
0.014390	0.042343	0.013842	0.041884
0.013842	0.041884	0.013280	0.040727
0.013280	0.040727	0.012828	0.040747
0.012828	0.040747	0.012458	0.040520
0.012458	0.040520	0.011817	0.039945
0.011817	0.039945	0.011513	0.039736
0.011513	0.039736	0.011129	0.039292
0.011129	0.039292	0.010552	0.038538
0.010552	0.038538	0.010088	0.037979
0.010088	0.037979	0.009614	0.037612
0.009614	0.037612	0.009088	0.036620
0.009088	0.036620	0.008551	0.035971
0.008551	0.035971	0.008307	0.035515
0.008307	0.035515	0.007919	0.035517
0.007919	0.035517	0.007495	0.035319
0.007495	0.035319	0.007286	0.035201
0.007286	0.035201	0.006941	0.034271
0.006941	0.034271	0.006638	0.033954
0.006638	0.033954	0.006421	0.034539
0.006421	0.034539	0.006138	0.034321
0.006138	0.034321	0.006048	0.034548
0.006048	0.034548	0.005792	0.033740
0.005792	0.033740	0.005492	0.033444
0.005492	0.033444	0.005172	0.033205
0.005172	0.033205	0.005026	0.032352
0.005026	0.032352	0.004899	0.031531
0.004899	0.031531	0.004785	0.031336
0.004785	0.031336	0.004514	0.030404
0.004514	0.030404	0.004389	0.030033
0.004389	0.030033	0.004267	0.029827
0.004267	0.029827	0.004199	0.029693
0.004199	0.029693	0.004183	0.030075
0.004183	0.030075	0.004134	0.029789
0.004134	0.029789	0.004007	0.029192
0.004007	0.029192	0.004018	0.029719
0.004018	0.029719	0.003803	0.029062
0.003803	0.029062	0.003625	0.028945
0.003625	0.028945	0.003347	0.028402
0.003347	0.028402	0.003268	0.028137
0.003268	0.028137	0.003113	0.027756
0.003113	0.027756	0.003046	0.027310
0.003046	0.027310	0.002857	0.027403
0.002857	0.027403	0.002760	0.027268
0.002760	0.027268	0.002515	0.027232
0.002515	0.027232	0.002351	0.027264
0.002351	0.027264	0.002301	0.026887
0.002301	0.026887	0.002111	0.026983
0.002111	0.026983	0.001932	0.027545
0.001932	0.027545	0.001895	0.027334
0.001895	0.027334	0.001800	0.026956
0.001800	0.026956	0.001746	0.026722
0.001746	0.026722	0.001679	0.026683
0.001679	0.026683	0.001619	0.026048
0.001619	0.026048	0.001569	0.025602
0.001569	0.025602	0.001612	0.025689
0.001612	0.025689	0.001634	0.025687
0.001634	0.025687	0.001710	0.025336
0.001710	0.025336	0.001721	0.025056
0.001721	0.025056	0.001674	0.024956
0.001674	0.024956	0.001670	0.024581
0.001670	0.024581	0.001684	0.025226
0.001684	0.025226	0.001805	0.025218
0.001805	0.025218	0.001720	0.025673
0.001720	0.025673	0.001658	0.025165
0.001658	0.025165	0.001593	0.024975
0.001593	0.024975	0.001584	0.024989
0.001584	0.024989	0.001557	0.024874
0.001557	0.024874	0.001532	0.024969
0.001532	0.024969	0.001607	0.024617
0.001607	0.024617	0.001639	0.024345
0.001639	0.024345	0.001576	0.024286
0.001576	0.024286	0.001597	0.024268
0.001597	0.024268	0.001520	0.024214
0.001520	0.024214	0.001463	0.024442
0.001463	0.024442	0.001449	0.024178
0.001449	0.024178	0.001460	0.024124
0.001460	0.024124	0.001401	0.024264
0.001401	0.024264	0.001343	0.024440
0.001343	0.024440	0.001308	0.023814
0.001308	0.023814	0.001222	0.023907
0.001222	0.023907	0.001186	0.023918
0.001186	0.023918	0.001082	0.023407
0.001082	0.023407	0.000990	0.023319
0.000990	0.023319	0.000912	0.022924
0.000912	0.022924	0.000880	0.023121
0.000880	0.023121	0.000880	0.022904
0.000880	0.022904	0.000857	0.022849
0.000857	0.022849	0.000810	0.022810
0.000810	0.022810	0.000795	0.022927
0.000795	0.022927	0.000771	0.022584
0.000771	0.022584	0.000690	0.022248
0.000690	0.022248	0.000647	0.022133
0.000647	0.022133	0.000596	0.021999
0.000596	0.021999	0.000588	0.021701
0.000588	0.021701	0.000543	0.021471
0.000543	0.021471	0.000504	0.021445
0.000504	0.021445	0.000444	0.021306
0.000444	0.021306	0.000467	0.021229
0.000467	0.021229	0.000446	0.021904
0.000446	0.021904	0.000421	0.021413
0.000421	0.021413	0.000424	0.021280
0.000424	0.021280	0.000437	0.021425
0.000437	0.021425	0.000393	0.021528
0.000393	0.021528	0.000361	0.021123
0.000361	0.021123	0.000312	0.021061
0.000312	0.021061	0.000292	0.020681
0.000292	0.020681	0.000249	0.020148
0.000249	0.020148	0.000222	0.020512
0.000222	0.020512	0.000192	0.020185
0.000192	0.020185	0.000177	0.020631
0.000177	0.020631	0.000168	0.020469
0.000168	0.020469	0.000164	0.020588
0.000164	0.020588	0.000168	0.020300
0.000168	0.020300	0.000167	0.020333
0.000167	0.020333	0.000169	0.020711
0.000169	0.020711	0.000151	0.020884
0.000151	0.020884	0.000143	0.021146
0.000143	0.021146	0.000099	0.020586
0.000099	0.020586	0.000121	0.020562
0.000121	0.020562	0.000121	0.020490
0.000121	0.020490	0.000107	0.020307
0.000107	0.020307	0.000146	0.020020
0.000146	0.020020	0.000135	0.019684
0.000135	0.019684	0.000112	0.019635
0.000112	0.019635	0.000104	0.019574
0.000104	0.019574	0.000090	0.019127
0.000090	0.019127	0.000084	0.019516
0.000084	0.019516	0.000069	0.019830
0.000069	0.019830	0.000068	0.019487
0.000068	0.019487	0.000054	0.019522
0.000054	0.019522	0.000027	0.019253
0.000027	0.019253	0.000026	0.019575
0.000026	0.019575	0.000021	0.019198
0.000021	0.019198	0.000007	0.019701
0.000007	0.019701	0.000000	0.019130
0.000000	0.019130	0.000000	0.019147
0.000000	0.019147	0.000000	0.019639
0.000000	0.019639	0.000000	0.019415
0.000000	0.019415	0.000000	0.019840
0.000000	0.019840	0.000000	0.019669
0.000000	0.019669	0.000000	0.019618
0.000000	0.019618	0.000000	0.019425
0.000000	0.019425	0.000000	0.019419
0.000000	0.019419	0.000000	0.019151
0.000000	0.019151	0.000000	0.018777
0.000000	0.018777	0.000000	0.018884
0.000000	0.018884	0.000000	0.018734
0.000000	0.018734	0.000000	0.018589
0.000000	0.018589	0.000000	0.018493
0.000000	0.018493	0.000000	0.018685
0.000000	0.018685	0.000000	0.018944
0.000000	0.018944	0.000000	0.018982
0.000000	0.018982	0.000000	0.018873
0.350617	0.099231	0.089769	0.095075
0.089769	0.095075	0.029020	0.086939
0.029020	0.086939	0.015891	0.079811
0.015891	0.079811	0.012447	0.075401
0.012447	0.075401	0.011021	0.071671
0.011021	0.071671	0.010462	0.068235
0.010462	0.068235	0.010317	0.065903
0.010317	0.065903	0.009424	0.063208
0.009424	0.063208	0.009188	0.061901
0.009188	0.061901	0.008506	0.060425
0.008506	0.060425	0.008528	0.059207
0.008528	0.059207	0.008376	0.058943
0.008376	0.058943	0.008017	0.057679
0.008017	0.057679	0.007840	0.056057
0.007840	0.056057	0.007721	0.056255
0.007721	0.056255	0.007386	0.055311
0.007386	0.055311	0.007003	0.054205
0.007003	0.054205	0.006792	0.053274
0.006792	0.053274	0.006741	0.052690
0.006741	0.052690	0.006650	0.051921
0.006650	0.051921	0.006573	0.051623
0.006573	0.051623	0.006391	0.051843
0.006391	0.051843	0.006182	0.051991
0.006182	0.051991	0.005727	0.051547
0.005727	0.051547	0.005804	0.051785
0.005804	0.051785	0.005847	0.051767
0.005847	0.051767	0.005730	0.051602
0.005730	0.051602	0.005528	0.052055
0.005528	0.052055	0.005399	0.051675
0.005399	0.051675	0.005248	0.051380
0.005248	0.051380	0.005045	0.051335
0.005045	0.051335	0.004838	0.051107
0.004838	0.051107	0.004706	0.050940
0.004706	0.050940	0.004645	0.050517
0.004645	0.050517	0.004344	0.049858
0.004344	0.049858	0.004265	0.049593
0.004265	0.049593	0.004184	0.049815
0.004184	0.049815	0.004228	0.049535
0.004228	0.049535	0.004140	0.048984
0.004140	0.048984	0.004183	0.049121
0.004183	0.049121	0.004072	0.048868
0.004072	0.048868	0.004083	0.047951
0.004083	0.047951	0.003938	0.047540
0.003938	0.047540	0.003764	0.046862
0.003764	0.046862	0.003585	0.046019
0.003585	0.046019	0.003446	0.045310
0.003446	0.045310	0.003421	0.045427
0.003421	0.045427	0.003353	0.045123
0.003353	0.045123	0.003050	0.044367
0.003050	0.044367	0.002867	0.044298
0.002867	0.044298	0.002722	0.043676
0.002722	0.043676	0.002473	0.043396
0.002473	0.043396	0.002364	0.044005
0.002364	0.044005	0.002270	0.043581
0.002270	0.043581	0.002170	0.043489
0.002170	0.043489	0.002138	0.043307
0.002138	0.043307	0.002041	0.043063
0.002041	0.043063	0.001987	0.042620
0.001987	0.042620	0.001929	0.042467
0.001929	0.042467	0.001992	0.042497
0.001992	0.042497	0.002042	0.041885
0.002042	0.041885	0.001885	0.041175
0.001885	0.041175	0.001910	0.041304
0.001910	0.041304	0.001956	0.040818
0.001956	0.040818	0.001884	0.040962
0.001884	0.040962	0.001867	0.041262
0.001867	0.041262	0.001785	0.041044
0.001785	0.041044	0.001669	0.040147
0.001669	0.040147	0.001547	0.040078
0.001547	0.040078	0.001399	0.039047
0.001399	0.039047	0.001318	0.038988
0.001318	0.038988	0.001257	0.039120
0.001257	0.039120	0.001242	0.039058
0.001242	0.039058	0.001181	0.038775
0.001181	0.038775	0.001125	0.038128
0.001125	0.038128	0.001023	0.037946
0.001023	0.037946	0.001008	0.038215
0.001008	0.038215	0.000879	0.037638
0.000879	0.037638	0.000836	0.037669
0.000836	0.037669	0.000816	0.038178
0.000816	0.038178	0.000704	0.037160
0.000704	0.037160	0.000618	0.037471
0.000618	0.037471	0.000578	0.037191
0.000578	0.037191	0.000496	0.036910
0.000496	0.036910	0.000404	0.037304
0.000404	0.037304	0.000432	0.036914
0.000432	0.036914	0.000462	0.037138
0.000462	0.037138	0.000479	0.036895
0.000479	0.036895	0.000508	0.037259
0.000508	0.037259	0.000482	0.037087
0.000482	0.037087	0.000524	0.037413
0.000524	0.037413	0.000542	0.037374
0.000542	0.037374	0.000544	0.037289
0.000544	0.037289	0.000610	0.036751
0.000610	0.036751	0.000676	0.036907
0.000676	0.036907	0.000671	0.037068
0.000671	0.037068	0.000668	0.037274
0.000668	0.037274	0.000656	0.036717
0.000656	0.036717	0.000657	0.036433
0.000657	0.036433	0.000694	0.036483
0.000694	0.036483	0.000737	0.036445
0.000737	0.036445	0.000760	0.036797
0.000760	0.036797	0.000806	0.037093
0.000806	0.037093	0.000807	0.036635
0.000807	0.036635	0.000822	0.035911
0.000822	0.035911	0.000793	0.036355
0.000793	0.036355	0.000793	0.036035
0.000793	0.036035	0.000753	0.036082
0.000753	0.036082	0.000795	0.036500
0.000795	0.036500	0.000825	0.036361
0.000825	0.036361	0.000823	0.036271
0.000823	0.036271	0.000884	0.036104
0.000884	0.036104	0.000883	0.035912
0.000883	0.035912	0.000938	0.036155
0.000938	0.036155	0.001011	0.036093
0.001011	0.036093	0.001002	0.035579
0.001002	0.035579	0.000978	0.035672
0.000978	0.035672	0.000999	0.035241
0.000999	0.035241	0.001042	0.035905
0.001042	0.035905	0.001087	0.035921
0.001087	0.035921	0.001106	0.036638
0.001106	0.036638	0.001106	0.036893
0.001106	0.036893	0.001083	0.036516
0.001083	0.036516	0.001023	0.036420
0.001023	0.036420	0.001019	0.035909
0.001019	0.035909	0.001051	0.035645
0.001051	0.035645	0.001045	0.035329
0.001045	0.035329	0.001082	0.035792
0.001082	0.035792	0.001078	0.035432
0.001078	0.035432	0.001090	0.035678
0.001090	0.035678	0.001142	0.036433
0.001142	0.036433	0.001132	0.036308
0.001132	0.036308	0.001132	0.036661
0.001132	0.036661	0.001115	0.037438
0.001115	0.037438	0.001069	0.037168
0.001069	0.037168	0.001136	0.037487
0.001136	0.037487	0.001108	0.037972
0.001108	0.037972	0.001107	0.037434
0.001107	0.037434	0.001116	0.037480
0.001116	0.037480	0.001064	0.037358
0.001064	0.037358	0.001070	0.036611
0.001070	0.036611	0.001054	0.036935
0.001054	0.036935	0.001116	0.036785
0.001116	0.036785	0.001174	0.037123
0.001174	0.037123	0.001248	0.037092
0.001248	0.037092	0.001267	0.036984
0.001267	0.036984	0.001276	0.036957
0.001276	0.036957	0.001269	0.037047
0.001269	0.037047	0.001293	0.037185
0.001293	0.037185	0.001310	0.036883
0.001310	0.036883	0.001329	0.036860
0.001329	0.036860	0.001262	0.037041
0.001262	0.037041	0.001281	0.037436
0.001281	0.037436	0.001278	0.037568
0.001278	0.037568	0.001331	0.038006
0.001331	0.038006	0.001247	0.037656
0.001247	0.037656	0.001243	0.037157
0.001243	0.037157	0.001245	0.037374
0.001245	0.037374	0.001224	0.037599
0.001224	0.037599	0.001237	0.038043
0.001237	0.038043	0.001189	0.037717
0.001189	0.037717	0.001128	0.037460
0.001128	0.037460	0.001091	0.037322
0.001091	0.037322	0.000944	0.037218
0.000944	0.037218	0.000864	0.037103
0.000864	0.037103	0.000812	0.037279
0.000812	0.037279	0.000734	0.036524
0.000734	0.036524	0.000682	0.036393
0.000682	0.036393	0.000690	0.036678
0.000690	0.036678	0.000679	0.036129
0.000679	0.036129	0.000624	0.036231
0.000624	0.036231	0.000583	0.036689
0.000583	0.036689	0.000526	0.036554
0.000526	0.036554	0.000521	0.036465
0.000521	0.036465	0.000510	0.036255
0.000510	0.036255	0.000518	0.036162
0.000518	0.036162	0.000576	0.036056
0.000576	0.036056	0.000586	0.035975
0.000586	0.035975	0.000576	0.036003
0.000576	0.036003	0.000575	0.036385
0.000575	0.036385	0.000558	0.036664
0.000558	0.036664	0.000538	0.036703
0.000538	0.036703	0.000504	0.037006
0.000504	0.037006	0.000524	0.037232
0.000524	0.037232	0.000529	0.037653
0.000529	0.037653	0.000516	0.037720
0.000516	0.037720	0.000505	0.037729
0.000505	0.037729	0.000439	0.037630
0.000439	0.037630	0.000447	0.037144
0.000447	0.037144	0.000410	0.036130
0.000410	0.036130	0.000419	0.036419
0.000419	0.036419	0.000420	0.036510
0.000420	0.036510	0.000445	0.036146
0.000445	0.036146	0.000447	0.036394
0.000447	0.036394	0.000448	0.036385
0.000448	0.036385	0.000408	0.036347
0.000408	0.036347	0.000380	0.036293
0.000380	0.036293	0.000349	0.036418
0.000349	0.036418	0.000300	0.036883
0.350346	0.050029	0.060072	0.048023
0.060072	0.048023	0.011205	0.043505
0.011205	0.043505	0.003784	0.040238
0.003784	0.040238	0.002167	0.038826
0.002167	0.038826	0.001552	0.037012
0.001552	0.037012	0.001325	0.035275
0.001325	0.035275	0.001211	0.034800
0.001211	0.034800	0.001161	0.034294
0.001161	0.034294	0.001149	0.034278
0.001149	0.034278	0.001182	0.033257
0.001182	0.033257	0.001162	0.033548
0.001162	0.033548	0.001252	0.034358
0.001252	0.034358	0.001244	0.033796
0.001244	0.033796	0.001213	0.033307
0.001213	0.033307	0.001195	0.032731
0.001195	0.032731	0.001182	0.033030
0.001182	0.033030	0.001078	0.033034
0.001078	0.033034	0.000985	0.033253
0.000985	0.033253	0.000773	0.033322
0.000773	0.033322	0.000689	0.033501
0.000689	0.033501	0.000589	0.033290
0.000589	0.033290	0.000502	0.033056
0.000502	0.033056	0.000410	0.032873
0.000410	0.032873	0.000413	0.033237
0.000413	0.033237	0.000375	0.033026
0.000375	0.033026	0.000357	0.033244
0.000357	0.033244	0.000295	0.033834
0.000295	0.033834	0.000292	0.034167
0.000292	0.034167	0.000283	0.034406
0.000283	0.034406	0.000245	0.033667
0.000245	0.033667	0.000203	0.033542
0.000203	0.033542	0.000125	0.033517
0.000125	0.033517	0.000089	0.033807
0.000089	0.033807	0.000042	0.033460
0.000042	0.033460	0.000008	0.033570
0.000008	0.033570	0.000000	0.033665
0.000000	0.033665	0.000000	0.033557
0.000000	0.033557	0.000000	0.033775
0.000000	0.033775	0.000000	0.033801
0.000000	0.033801	0.000000	0.033879
0.000000	0.033879	0.000000	0.034076
0.000000	0.034076	0.000000	0.033974
0.000000	0.033974	0.000000	0.034262
0.000000	0.034262	0.000000	0.034422
0.000000	0.034422	0.000000	0.035376
0.000000	0.035376	0.000000	0.035672
0.000000	0.035672	0.000000	0.035738
0.000000	0.035738	0.000000	0.035541
0.000000	0.035541	0.000000	0.035894
0.000000	0.035894	0.000000	0.035960
0.000000	0.035960	0.000000	0.035620
0.000000	0.035620	0.000000	0.035778
0.000000	0.035778	0.000000	0.035854
0.000000	0.035854	0.000000	0.036002
0.000000	0.036002	0.000000	0.035719
0.000000	0.035719	0.000000	0.035533
0.000000	0.035533	0.000000	0.035708
0.000000	0.035708	0.000000	0.035638
0.000000	0.035638	0.000000	0.035619
0.000000	0.035619	0.000000	0.035986
0.000000	0.035986	0.000000	0.036179
0.000000	0.036179	0.000000	0.036454
0.000000	0.036454	0.000000	0.036403
0.000000	0.036403	0.000000	0.036534
0.000000	0.036534	0.000000	0.036338
0.000000	0.036338	0.000000	0.036011
0.000000	0.036011	0.000000	0.035386
0.000000	0.035386	0.000000	0.035419
0.000000	0.035419	0.000000	0.035007
0.000000	0.035007	0.000000	0.034768
0.000000	0.034768	0.000000	0.034942
0.000000	0.034942	0.000000	0.035075
0.000000	0.035075	0.000000	0.035112
0.000000	0.035112	0.000000	0.035553
0.000000	0.035553	0.000000	0.036035
0.000000	0.036035	0.000000	0.036336
0.000000	0.036336	0.000000	0.036391
0.000000	0.036391	0.000000	0.036110
0.000000	0.036110	0.000000	0.036471
0.000000	0.036471	0.000000	0.036660
0.000000	0.036660	0.000000	0.036413
0.000000	0.036413	0.000000	0.036175
0.000000	0.036175	0.000000	0.035690
0.000000	0.035690	0.000000	0.035693
0.000000	0.035693	0.000000	0.035778
0.000000	0.035778	0.000000	0.035708
0.000000	0.035708	0.000000	0.035673
0.000000	0.035673	0.000000	0.036027
0.000000	0.036027	0.000000	0.035652
0.000000	0.035652	0.000000	0.036103
0.000000	0.036103	0.000000	0.035891
0.000000	0.035891	0.000000	0.035724
0.000000	0.035724	0.000000	0.035671
0.000000	0.035671	0.000000	0.035699
0.000000	0.035699	0.000000	0.035285
0.000000	0.035285	0.000000	0.035532
0.000000	0.035532	0.000000	0.035224
0.000000	0.035224	0.000000	0.035522
0.000000	0.035522	0.000000	0.035091
0.000000	0.035091	0.000000	0.035269
0.000000	0.035269	0.000000	0.035256
0.000000	0.035256	0.000000	0.036038
0.000000	0.036038	0.000000	0.036388
0.000000	0.036388	0.000000	0.036281
0.000000	0.036281	0.000000	0.036898
0.000000	0.036898	0.000000	0.036840
0.000000	0.036840	0.000000	0.036946
0.000000	0.036946	0.000000	0.036578
0.000000	0.036578	0.000000	0.037582
0.000000	0.037582	0.000000	0.037651
0.000000	0.037651	0.000000	0.037782
0.000000	0.037782	0.000000	0.036589
0.000000	0.036589	0.000000	0.036328
0.000000	0.036328	0.000000	0.037240
0.000000	0.037240	0.000000	0.036897
0.000000	0.036897	0.000000	0.036373
0.000000	0.036373	0.000000	0.035639
0.000000	0.035639	0.000000	0.035429
0.000000	0.035429	0.000000	0.035878
0.000000	0.035878	0.000000	0.035783
0.000000	0.035783	0.000000	0.035866
0.000000	0.035866	0.000000	0.035943
0.000000	0.035943	0.000000	0.036004
0.000000	0.036004	0.000000	0.035524
0.000000	0.035524	0.000000	0.035287
0.000000	0.035287	0.000000	0.035402
0.000000	0.035402	0.000000	0.035276
0.000000	0.035276	0.000000	0.034648
0.000000	0.034648	0.000000	0.034088
0.000000	0.034088	0.000000	0.034280
0.000000	0.034280	0.000000	0.034120
0.000000	0.034120	0.000000	0.033963
0.000000	0.033963	0.000000	0.033942
0.000000	0.033942	0.000000	0.034166
0.000000	0.034166	0.000000	0.034995
0.000000	0.034995	0.000000	0.034160
0.000000	0.034160	0.000000	0.034125
0.000000	0.034125	0.000000	0.034007
0.000000	0.034007	0.000000	0.034103
0.000000	0.034103	0.000000	0.035282
0.000000	0.035282	0.000000	0.035820
0.000000	0.035820	0.000000	0.035780
0.000000	0.035780	0.000000	0.035259
0.000000	0.035259	0.000000	0.035118
0.000000	0.035118	0.000000	0.035404
0.000000	0.035404	0.000000	0.035571
0.000000	0.035571	0.000000	0.035790
0.000000	0.035790	0.000000	0.035289
0.000000	0.035289	0.000000	0.035497
0.000000	0.035497	0.000000	0.035133
0.000000	0.035133	0.000000	0.034885
0.000000	0.034885	0.000000	0.034784
0.000000	0.034784	0.000000	0.034279
0.000000	0.034279	0.000000	0.033873
0.000000	0.033873	0.000000	0.034556
0.000000	0.034556	0.000000	0.034466
0.000000	0.034466	0.000000	0.034702
0.000000	0.034702	0.000000	0.034858
0.000000	0.034858	0.000000	0.034572
0.000000	0.034572	0.000000	0.034561
0.000000	0.034561	0.000000	0.035006
0.000000	0.035006	0.000000	0.034315
0.000000	0.034315	0.000000	0.033847
0.000000	0.033847	0.000000	0.034335
0.000000	0.034335	0.000000	0.034568
0.000000	0.034568	0.000000	0.035074
0.000000	0.035074	0.000000	0.035097
0.000000	0.035097	0.000000	0.034881
0.000000	0.034881	0.000000	0.034936
0.000000	0.034936	0.000000	0.035029
0.000000	0.035029	0.000000	0.035335
0.000000	0.035335	0.000000	0.035572
0.000000	0.035572	0.000000	0.035734
0.000000	0.035734	0.000000	0.035479
0.000000	0.035479	0.000000	0.035605
0.000000	0.035605	0.000000	0.035474
0.000000	0.035474	0.000000	0.035519
0.000000	0.035519	0.000000	0.035583
0.000000	0.035583	0.000000	0.035828
0.000000	0.035828	0.000000	0.035725
0.000000	0.035725	0.000000	0.035806
0.000000	0.035806	0.000000	0.035394
0.000000	0.035394	0.000000	0.035470
0.000000	0.035470	0.000000	0.035105
0.000000	0.035105	0.000000	0.035725
0.000000	0.035725	0.000000	0.036312
0.000000	0.036312	0.000000	0.036173
0.000000	0.036173	0.000000	0.035988
0.000000	0.035988	0.000000	0.036889
0.000000	0.036889	0.000000	0.037326
0.000000	0.037326	0.000000	0.037985
0.000000	0.037985	0.000000	0.038034
0.000000	0.038034	0.000000	0.037222
0.000000	0.037222	0.000000	0.037173
0.000000	0.037173	0.000000	0.036974
0.000000	0.036974	0.000000	0.036763
0.000000	0.036763	0.000000	0.036638
0.000000	0.036638	0.000000	0.036165
0.000000	0.036165	0.000000	0.036163
