0.299422	0.100076	0.096594	0.098057
0.096594	0.098057	0.038266	0.096029
0.038266	0.096029	0.021322	0.094139
0.021322	0.094139	0.016140	0.094336
0.016140	0.094336	0.013984	0.095911
0.013984	0.095911	0.013271	0.099274
0.013271	0.099274	0.012965	0.102579
0.012965	0.102579	0.012901	0.104748
0.012901	0.104748	0.012873	0.107738
0.012873	0.107738	0.012882	0.111260
0.012882	0.111260	0.012810	0.113873
0.012810	0.113873	0.012725	0.117505
0.012725	0.117505	0.012345	0.118356
0.012345	0.118356	0.011983	0.121069
0.011983	0.121069	0.011332	0.120870
0.011332	0.120870	0.010893	0.121918
0.010893	0.121918	0.010628	0.121104
0.010628	0.121104	0.010740	0.121174
0.010740	0.121174	0.010534	0.120376
0.010534	0.120376	0.010605	0.118772
0.010605	0.118772	0.010507	0.119937
0.010507	0.119937	0.010414	0.119191
0.010414	0.119191	0.010205	0.118241
0.010205	0.118241	0.010064	0.116769
0.010064	0.116769	0.009694	0.116794
0.009694	0.116794	0.009249	0.116737
0.009249	0.116737	0.008879	0.115757
0.008879	0.115757	0.008465	0.114827
0.008465	0.114827	0.008053	0.114385
0.008053	0.114385	0.007511	0.113651
0.007511	0.113651	0.007261	0.113650
0.007261	0.113650	0.007032	0.112797
0.007032	0.112797	0.006446	0.111672
0.006446	0.111672	0.005571	0.110804
0.005571	0.110804	0.005101	0.108802
0.005101	0.108802	0.004577	0.107596
0.004577	0.107596	0.004407	0.106667
0.004407	0.106667	0.004337	0.106083
0.004337	0.106083	0.004256	0.105939
0.004256	0.105939	0.004049	0.104779
0.004049	0.104779	0.004195	0.105203
0.004195	0.105203	0.004049	0.104280
0.004049	0.104280	0.003822	0.103976
0.003822	0.103976	0.003561	0.103458
0.003561	0.103458	0.003381	0.103298
0.003381	0.103298	0.003220	0.102331
0.003220	0.102331	0.003062	0.101962
0.003062	0.101962	0.002884	0.100469
0.002884	0.100469	0.002615	0.100321
0.002615	0.100321	0.002324	0.099697
0.002324	0.099697	0.002111	0.099873
0.002111	0.099873	0.001943	0.099026
0.001943	0.099026	0.001911	0.099099
0.001911	0.099099	0.001728	0.099623
0.001728	0.099623	0.001681	0.100146
0.001681	0.100146	0.001516	0.101122
0.001516	0.101122	0.001368	0.101886
0.001368	0.101886	0.001236	0.102407
0.001236	0.102407	0.001085	0.101412
0.001085	0.101412	0.001053	0.101287
0.001053	0.101287	0.000929	0.101408
0.000929	0.101408	0.000844	0.100278
0.000844	0.100278	0.000778	0.100087
0.000778	0.100087	0.000715	0.099592
0.000715	0.099592	0.000615	0.098853
0.000615	0.098853	0.000516	0.099279
0.000516	0.099279	0.000436	0.099490
0.000436	0.099490	0.000399	0.099096
0.000399	0.099096	0.000357	0.099068
0.000357	0.099068	0.000296	0.099206
0.000296	0.099206	0.000264	0.098363
0.000264	0.098363	0.000189	0.098361
0.000189	0.098361	0.000186	0.098401
0.000186	0.098401	0.000137	0.098001
0.000137	0.098001	0.000101	0.097530
0.000101	0.097530	0.000084	0.098239
0.000084	0.098239	0.000086	0.098214
0.000086	0.098214	0.000088	0.098625
0.000088	0.098625	0.000153	0.098988
0.000153	0.098988	0.000196	0.098742
0.000196	0.098742	0.000222	0.098744
0.000222	0.098744	0.000323	0.097275
0.000323	0.097275	0.000343	0.097565
0.000343	0.097565	0.000359	0.097499
0.000359	0.097499	0.000335	0.097388
0.000335	0.097388	0.000358	0.096514
0.000358	0.096514	0.000347	0.096441
0.000347	0.096441	0.000318	0.095841
0.000318	0.095841	0.000315	0.095514
0.000315	0.095514	0.000316	0.096020
0.000316	0.096020	0.000310	0.095560
0.000310	0.095560	0.000244	0.094194
0.000244	0.094194	0.000185	0.093872
0.000185	0.093872	0.000150	0.095277
0.000150	0.095277	0.000122	0.096003
0.000122	0.096003	0.000129	0.096363
0.000129	0.096363	0.000114	0.094689
0.000114	0.094689	0.000080	0.094670
0.000080	0.094670	0.000042	0.094143
0.000042	0.094143	0.000013	0.094025
0.000013	0.094025	0.000010	0.094120
0.000010	0.094120	0.000003	0.092198
0.000003	0.092198	0.000000	0.091959
0.000000	0.091959	0.000000	0.093085
0.000000	0.093085	0.000000	0.092838
0.000000	0.092838	0.000000	0.092510
0.000000	0.092510	0.000000	0.091478
0.000000	0.091478	0.000000	0.090448
0.000000	0.090448	0.000000	0.091730
0.000000	0.091730	0.000000	0.090454
0.000000	0.090454	0.000000	0.089916
0.000000	0.089916	0.000000	0.089787
0.000000	0.089787	0.000000	0.088918
0.000000	0.088918	0.000000	0.089498
0.000000	0.089498	0.000000	0.090481
0.000000	0.090481	0.000000	0.090498
0.000000	0.090498	0.000000	0.090867
0.000000	0.090867	0.000000	0.089799
0.000000	0.089799	0.000000	0.088952
0.000000	0.088952	0.000000	0.089008
0.000000	0.089008	0.000000	0.088500
0.000000	0.088500	0.000000	0.088850
0.000000	0.088850	0.000000	0.087794
0.000000	0.087794	0.000000	0.088627
0.000000	0.088627	0.000000	0.088503
0.000000	0.088503	0.000000	0.088371
0.000000	0.088371	0.000000	0.088832
0.000000	0.088832	0.000000	0.088624
0.000000	0.088624	0.000000	0.088662
0.000000	0.088662	0.000000	0.088259
0.000000	0.088259	0.000000	0.086925
0.000000	0.086925	0.000000	0.087928
0.000000	0.087928	0.000000	0.087147
0.000000	0.087147	0.000000	0.086937
0.000000	0.086937	0.000000	0.087106
0.000000	0.087106	0.000000	0.086887
0.000000	0.086887	0.000000	0.088007
0.000000	0.088007	0.000000	0.087319
0.000000	0.087319	0.000000	0.086921
0.000000	0.086921	0.000000	0.087069
0.000000	0.087069	0.000000	0.087917
0.000000	0.087917	0.000000	0.087786
0.000000	0.087786	0.000000	0.087225
0.000000	0.087225	0.000000	0.087151
0.000000	0.087151	0.000000	0.086622
0.000000	0.086622	0.000000	0.086913
0.000000	0.086913	0.000000	0.086023
0.000000	0.086023	0.000000	0.085241
0.000000	0.085241	0.000000	0.084062
0.000000	0.084062	0.000000	0.084202
0.000000	0.084202	0.000000	0.083833
0.000000	0.083833	0.000000	0.084562
0.000000	0.084562	0.000000	0.085149
0.000000	0.085149	0.000000	0.084439
0.000000	0.084439	0.000000	0.084138
0.000000	0.084138	0.000000	0.084117
0.000000	0.084117	0.000000	0.083580
0.000000	0.083580	0.000000	0.083862
0.000000	0.083862	0.000000	0.084151
0.000000	0.084151	0.000000	0.084701
0.000000	0.084701	0.000000	0.086379
0.000000	0.086379	0.000000	0.086014
0.000000	0.086014	0.000000	0.084919
0.000000	0.084919	0.000000	0.083613
0.000000	0.083613	0.000000	0.084003
0.000000	0.084003	0.000000	0.084093
0.000000	0.084093	0.000000	0.084745
0.000000	0.084745	0.000000	0.084535
0.000000	0.084535	0.000000	0.084362
0.000000	0.084362	0.000000	0.084223
0.000000	0.084223	0.000000	0.083965
0.000000	0.083965	0.000000	0.082848
0.000000	0.082848	0.000000	0.082817
0.000000	0.082817	0.000000	0.083014
0.000000	0.083014	0.000000	0.082434
0.000000	0.082434	0.000000	0.083297
0.000000	0.083297	0.000000	0.082790
0.000000	0.082790	0.000000	0.082540
0.000000	0.082540	0.000000	0.082530
0.000000	0.082530	0.000000	0.082337
0.000000	0.082337	0.000000	0.082192
0.000000	0.082192	0.000000	0.082267
0.000000	0.082267	0.000000	0.082859
0.000000	0.082859	0.000000	0.084227
0.000000	0.084227	0.000000	0.084416
0.000000	0.084416	0.000000	0.084532
0.000000	0.084532	0.000000	0.084082
0.000000	0.084082	0.000000	0.084794
0.000000	0.084794	0.000000	0.084939
0.000000	0.084939	0.000000	0.086080
0.000000	0.086080	0.000000	0.086206
0.000000	0.086206	0.000000	0.086031
0.000000	0.086031	0.000000	0.085604
0.000000	0.085604	0.000000	0.084664
0.000000	0.084664	0.000000	0.084746
0.000000	0.084746	0.000000	0.085362
0.000000	0.085362	0.000000	0.085022
0.000000	0.085022	0.000000	0.085271
0.000000	0.085271	0.000000	0.085205
0.300235	0.199791	0.154380	0.197834
0.154380	0.197834	0.097641	0.195477
0.097641	0.195477	0.075618	0.194374
0.075618	0.194374	0.070196	0.193388
0.070196	0.193388	0.070171	0.193648
0.070171	0.193648	0.071416	0.193335
0.071416	0.193335	0.074139	0.193051
0.074139	0.193051	0.077272	0.194272
0.077272	0.194272	0.079961	0.194506
0.079961	0.194506	0.082206	0.194756
0.082206	0.194756	0.084319	0.193640
0.084319	0.193640	0.084707	0.190415
0.084707	0.190415	0.084022	0.185952
0.084022	0.185952	0.082752	0.179873
0.082752	0.179873	0.080299	0.174922
0.080299	0.174922	0.078013	0.170429
0.078013	0.170429	0.074979	0.164595
0.074979	0.164595	0.071904	0.159311
0.071904	0.159311	0.068563	0.152956
0.068563	0.152956	0.065202	0.146933
0.065202	0.146933	0.060715	0.139851
0.060715	0.139851	0.056107	0.133004
0.056107	0.133004	0.051609	0.127517
0.051609	0.127517	0.047807	0.121796
0.047807	0.121796	0.043781	0.115673
0.043781	0.115673	0.039412	0.109407
0.039412	0.109407	0.035946	0.105046
0.035946	0.105046	0.032109	0.100359
0.032109	0.100359	0.029191	0.096738
0.029191	0.096738	0.025986	0.092227
0.025986	0.092227	0.023171	0.088694
0.023171	0.088694	0.020811	0.085423
0.020811	0.085423	0.018512	0.081753
0.018512	0.081753	0.016602	0.079238
0.016602	0.079238	0.014831	0.076080
0.014831	0.076080	0.013222	0.073858
0.013222	0.073858	0.011566	0.071635
0.011566	0.071635	0.010124	0.070201
0.010124	0.070201	0.008809	0.068494
0.008809	0.068494	0.007840	0.066638
0.007840	0.066638	0.006839	0.064783
0.006839	0.064783	0.005828	0.063796
0.005828	0.063796	0.005112	0.063125
0.005112	0.063125	0.004593	0.061975
0.004593	0.061975	0.004065	0.061674
0.004065	0.061674	0.003844	0.061147
0.003844	0.061147	0.003271	0.060348
0.003271	0.060348	0.002904	0.060074
0.002904	0.060074	0.002549	0.059870
0.002549	0.059870	0.002188	0.058593
0.002188	0.058593	0.002024	0.058383
0.002024	0.058383	0.001785	0.058384
0.001785	0.058384	0.001588	0.057716
0.001588	0.057716	0.001446	0.056680
0.001446	0.056680	0.001226	0.056828
0.001226	0.056828	0.001061	0.057240
0.001061	0.057240	0.000904	0.056670
0.000904	0.056670	0.000746	0.056770
0.000746	0.056770	0.000685	0.056401
0.000685	0.056401	0.000629	0.056037
0.000629	0.056037	0.000585	0.055400
0.000585	0.055400	0.000549	0.055138
0.000549	0.055138	0.000536	0.055088
0.000536	0.055088	0.000496	0.055284
0.000496	0.055284	0.000393	0.054785
0.000393	0.054785	0.000438	0.054781
0.000438	0.054781	0.000406	0.054206
0.000406	0.054206	0.000377	0.053571
0.000377	0.053571	0.000341	0.054003
0.000341	0.054003	0.000303	0.053413
0.000303	0.053413	0.000231	0.053916
0.000231	0.053916	0.000206	0.054275
0.000206	0.054275	0.000186	0.054934
0.000186	0.054934	0.000153	0.053555
0.000153	0.053555	0.000141	0.053134
0.000141	0.053134	0.000107	0.052470
0.000107	0.052470	0.000089	0.052189
0.000089	0.052189	0.000093	0.052039
0.000093	0.052039	0.000060	0.052107
0.000060	0.052107	0.000037	0.051332
0.000037	0.051332	0.000031	0.051343
0.000031	0.051343	0.000028	0.051456
0.000028	0.051456	0.000010	0.050952
0.000010	0.050952	0.000000	0.050756
0.000000	0.050756	0.000000	0.050675
0.000000	0.050675	0.000000	0.049994
0.000000	0.049994	0.000000	0.049971
0.000000	0.049971	0.000000	0.049109
0.000000	0.049109	0.000000	0.049034
0.000000	0.049034	0.000000	0.048212
0.000000	0.048212	0.000000	0.047533
0.000000	0.047533	0.000000	0.047392
0.000000	0.047392	0.000000	0.047123
0.000000	0.047123	0.000000	0.046919
0.000000	0.046919	0.000000	0.046214
0.000000	0.046214	0.000000	0.046368
0.000000	0.046368	0.000000	0.046268
0.000000	0.046268	0.000000	0.046751
0.000000	0.046751	0.000000	0.046608
0.000000	0.046608	0.000000	0.046255
0.000000	0.046255	0.000000	0.046959
0.000000	0.046959	0.000000	0.047454
0.000000	0.047454	0.000000	0.048451
0.000000	0.048451	0.000000	0.048155
0.000000	0.048155	0.000000	0.048135
0.000000	0.048135	0.000000	0.047639
0.000000	0.047639	0.000000	0.047568
0.000000	0.047568	0.000000	0.047873
0.000000	0.047873	0.000000	0.048043
0.000000	0.048043	0.000000	0.047407
0.000000	0.047407	0.000000	0.047390
0.000000	0.047390	0.000000	0.046998
0.000000	0.046998	0.000000	0.046957
0.000000	0.046957	0.000000	0.047526
0.000000	0.047526	0.000000	0.047545
0.000000	0.047545	0.000000	0.047438
0.000000	0.047438	0.000000	0.048013
0.000000	0.048013	0.000000	0.047960
0.000000	0.047960	0.000000	0.048220
0.000000	0.048220	0.000000	0.048273
0.000000	0.048273	0.000000	0.048162
0.000000	0.048162	0.000000	0.048247
0.000000	0.048247	0.000000	0.048525
0.000000	0.048525	0.000000	0.048098
0.000000	0.048098	0.000000	0.048366
0.000000	0.048366	0.000000	0.048906
0.000000	0.048906	0.000000	0.049163
0.000000	0.049163	0.000000	0.048686
0.000000	0.048686	0.000000	0.048651
0.000000	0.048651	0.000000	0.048699
0.000000	0.048699	0.000000	0.048228
0.000000	0.048228	0.000000	0.048412
0.000000	0.048412	0.000000	0.048351
0.000000	0.048351	0.000000	0.047749
0.000000	0.047749	0.000000	0.047747
0.000000	0.047747	0.000000	0.048116
0.000000	0.048116	0.000000	0.048342
0.000000	0.048342	0.000000	0.048408
0.000000	0.048408	0.000000	0.049198
0.000000	0.049198	0.000000	0.049125
0.000000	0.049125	0.000000	0.049109
0.000000	0.049109	0.000000	0.049477
0.000000	0.049477	0.000000	0.049092
0.000000	0.049092	0.000000	0.049061
0.000000	0.049061	0.000000	0.049806
0.000000	0.049806	0.000000	0.050809
0.000000	0.050809	0.000000	0.050716
0.000000	0.050716	0.000000	0.050548
0.000000	0.050548	0.000000	0.050200
0.000000	0.050200	0.000000	0.049851
0.000000	0.049851	0.000000	0.050191
0.000000	0.050191	0.000000	0.050425
0.000000	0.050425	0.000000	0.050330
0.000000	0.050330	0.000000	0.049489
0.000000	0.049489	0.000000	0.049861
0.000000	0.049861	0.000000	0.050266
0.000000	0.050266	0.000000	0.050080
0.000000	0.050080	0.000000	0.049963
0.000000	0.049963	0.000000	0.050210
0.000000	0.050210	0.000000	0.050731
0.000000	0.050731	0.000000	0.050836
0.000000	0.050836	0.000000	0.049824
0.000000	0.049824	0.000000	0.050185
0.000000	0.050185	0.000000	0.049808
0.000000	0.049808	0.000000	0.049858
0.000000	0.049858	0.000000	0.049607
0.000000	0.049607	0.000000	0.049924
0.000000	0.049924	0.000000	0.049348
0.000000	0.049348	0.000000	0.049806
0.000000	0.049806	0.000000	0.049368
0.000000	0.049368	0.000000	0.049185
0.000000	0.049185	0.000000	0.049947
0.000000	0.049947	0.000000	0.049656
0.000000	0.049656	0.000000	0.050787
0.000000	0.050787	0.000000	0.050609
0.000000	0.050609	0.000000	0.050232
0.000000	0.050232	0.000000	0.050041
0.000000	0.050041	0.000000	0.050795
0.000000	0.050795	0.000000	0.050473
0.000000	0.050473	0.000000	0.050582
0.000000	0.050582	0.000000	0.050184
0.000000	0.050184	0.000000	0.050608
0.000000	0.050608	0.000000	0.051045
0.000000	0.051045	0.000000	0.050911
0.000000	0.050911	0.000000	0.050835
0.000000	0.050835	0.000000	0.050773
0.000000	0.050773	0.000000	0.050631
0.000000	0.050631	0.000000	0.050408
0.000000	0.050408	0.000000	0.049876
0.000000	0.049876	0.000000	0.050226
0.000000	0.050226	0.000000	0.050219
0.000000	0.050219	0.000000	0.050495
0.000000	0.050495	0.000000	0.050153
0.000000	0.050153	0.000000	0.050377
0.000000	0.050377	0.000000	0.050563
0.000000	0.050563	0.000000	0.050405
0.000000	0.050405	0.000000	0.050702
0.000000	0.050702	0.000000	0.051363
0.000000	0.051363	0.000000	0.052032
0.300593	0.300618	0.229717	0.300107
0.229717	0.300107	0.190691	0.300984
0.190691	0.300984	0.173963	0.297369
0.173963	0.297369	0.171456	0.295258
0.171456	0.295258	0.176342	0.291912
0.176342	0.291912	0.181002	0.288255
0.181002	0.288255	0.186167	0.283616
0.186167	0.283616	0.189394	0.278783
0.189394	0.278783	0.192182	0.272972
0.192182	0.272972	0.191156	0.264975
0.191156	0.264975	0.187968	0.254722
0.187968	0.254722	0.183469	0.244638
0.183469	0.244638	0.176595	0.233523
0.176595	0.233523	0.168148	0.220925
0.168148	0.220925	0.158654	0.208239
0.158654	0.208239	0.147937	0.194203
0.147937	0.194203	0.137514	0.181098
0.137514	0.181098	0.125546	0.166488
0.125546	0.166488	0.113985	0.153836
0.113985	0.153836	0.103614	0.142181
0.103614	0.142181	0.091942	0.128851
0.091942	0.128851	0.080381	0.116331
0.080381	0.116331	0.070674	0.105630
0.070674	0.105630	0.061634	0.095566
0.061634	0.095566	0.053562	0.086844
0.053562	0.086844	0.046731	0.079493
0.046731	0.079493	0.040586	0.073161
0.040586	0.073161	0.034552	0.066539
0.034552	0.066539	0.029403	0.061364
0.029403	0.061364	0.024734	0.056683
0.024734	0.056683	0.020504	0.052392
0.020504	0.052392	0.016588	0.048157
0.016588	0.048157	0.013641	0.044965
0.013641	0.044965	0.011270	0.042403
0.011270	0.042403	0.009240	0.040130
0.009240	0.040130	0.007417	0.038223
0.007417	0.038223	0.005850	0.036317
0.005850	0.036317	0.004643	0.034845
0.004643	0.034845	0.003852	0.034008
0.003852	0.034008	0.003154	0.032762
0.003154	0.032762	0.002534	0.032213
0.002534	0.032213	0.002050	0.031736
0.002050	0.031736	0.001553	0.031147
0.001553	0.031147	0.001234	0.030433
0.001234	0.030433	0.001014	0.030565
0.001014	0.030565	0.000786	0.030436
0.000786	0.030436	0.000670	0.030822
0.000670	0.030822	0.000517	0.031045
0.000517	0.031045	0.000483	0.031732
0.000483	0.031732	0.000471	0.031233
0.000471	0.031233	0.000510	0.031260
0.000510	0.031260	0.000471	0.030768
0.000471	0.030768	0.000480	0.030578
0.000480	0.030578	0.000494	0.030529
0.000494	0.030529	0.000468	0.030566
0.000468	0.030566	0.000406	0.029465
0.000406	0.029465	0.000352	0.029690
0.000352	0.029690	0.000299	0.029601
0.000299	0.029601	0.000290	0.029622
0.000290	0.029622	0.000249	0.029358
0.000249	0.029358	0.000226	0.029795
0.000226	0.029795	0.000205	0.029982
0.000205	0.029982	0.000135	0.029871
0.000135	0.029871	0.000099	0.029934
0.000099	0.029934	0.000105	0.029738
0.000105	0.029738	0.000074	0.029896
0.000074	0.029896	0.000050	0.030440
0.000050	0.030440	0.000041	0.030312
0.000041	0.030312	0.000027	0.030923
0.000027	0.030923	0.000023	0.031349
0.000023	0.031349	0.000010	0.031537
0.000010	0.031537	0.000003	0.031501
0.000003	0.031501	0.000000	0.031876
0.000000	0.031876	0.000000	0.031799
0.000000	0.031799	0.000000	0.031325
0.000000	0.031325	0.000000	0.031096
0.000000	0.031096	0.000000	0.030517
0.000000	0.030517	0.000000	0.031217
0.000000	0.031217	0.000000	0.030637
0.000000	0.030637	0.000000	0.030430
0.000000	0.030430	0.000000	0.030279
0.000000	0.030279	0.000000	0.030384
0.000000	0.030384	0.000000	0.030525
0.000000	0.030525	0.000000	0.030547
0.000000	0.030547	0.000000	0.030734
0.000000	0.030734	0.000000	0.030997
0.000000	0.030997	0.000000	0.031002
0.000000	0.031002	0.000000	0.030859
0.000000	0.030859	0.000000	0.031482
0.000000	0.031482	0.000000	0.031521
0.000000	0.031521	0.000000	0.032002
0.000000	0.032002	0.000000	0.031353
0.000000	0.031353	0.000000	0.031180
0.000000	0.031180	0.000000	0.031365
0.000000	0.031365	0.000000	0.031392
0.000000	0.031392	0.000000	0.031840
0.000000	0.031840	0.000000	0.031709
0.000000	0.031709	0.000000	0.030761
0.000000	0.030761	0.000000	0.031193
0.000000	0.031193	0.000000	0.031738
0.000000	0.031738	0.000000	0.031391
0.000000	0.031391	0.000000	0.031434
0.000000	0.031434	0.000000	0.031524
0.000000	0.031524	0.000000	0.031252
0.000000	0.031252	0.000000	0.031188
0.000000	0.031188	0.000000	0.031796
0.000000	0.031796	0.000000	0.031626
0.000000	0.031626	0.000000	0.031965
0.000000	0.031965	0.000000	0.031820
0.000000	0.031820	0.000000	0.032049
0.000000	0.032049	0.000000	0.031729
0.000000	0.031729	0.000000	0.031466
0.000000	0.031466	0.000000	0.030904
0.000000	0.030904	0.000000	0.031542
0.000000	0.031542	0.000000	0.031658
0.000000	0.031658	0.000000	0.031513
0.000000	0.031513	0.000000	0.030947
0.000000	0.030947	0.000000	0.030624
0.000000	0.030624	0.000000	0.030154
0.000000	0.030154	0.000000	0.030127
0.000000	0.030127	0.000000	0.030013
0.000000	0.030013	0.000000	0.030048
0.000000	0.030048	0.000000	0.029881
0.000000	0.029881	0.000000	0.029444
0.000000	0.029444	0.000000	0.029440
0.000000	0.029440	0.000000	0.028751
0.000000	0.028751	0.000000	0.028735
0.000000	0.028735	0.000000	0.028529
0.000000	0.028529	0.000000	0.028589
0.000000	0.028589	0.000000	0.028231
0.000000	0.028231	0.000000	0.028048
0.000000	0.028048	0.000000	0.028348
0.000000	0.028348	0.000000	0.028636
0.000000	0.028636	0.000000	0.028369
0.000000	0.028369	0.000000	0.028384
0.000000	0.028384	0.000000	0.028648
0.000000	0.028648	0.000000	0.028587
0.000000	0.028587	0.000000	0.028897
0.000000	0.028897	0.000000	0.029126
0.000000	0.029126	0.000000	0.029491
0.000000	0.029491	0.000000	0.029468
0.000000	0.029468	0.000000	0.029747
0.000000	0.029747	0.000000	0.029553
0.000000	0.029553	0.000000	0.029359
0.000000	0.029359	0.000000	0.029388
0.000000	0.029388	0.000000	0.029911
0.000000	0.029911	0.000000	0.029726
0.000000	0.029726	0.000000	0.029358
0.000000	0.029358	0.000000	0.029270
0.000000	0.029270	0.000000	0.029101
0.000000	0.029101	0.000000	0.028974
0.000000	0.028974	0.000000	0.028990
0.000000	0.028990	0.000000	0.029254
0.000000	0.029254	0.000000	0.028934
0.000000	0.028934	0.000000	0.028500
0.000000	0.028500	0.000000	0.028490
0.000000	0.028490	0.000000	0.028492
0.000000	0.028492	0.000000	0.028873
0.000000	0.028873	0.000000	0.028267
0.000000	0.028267	0.000000	0.027753
0.000000	0.027753	0.000000	0.027266
0.000000	0.027266	0.000000	0.026954
0.000000	0.026954	0.000000	0.027373
0.000000	0.027373	0.000000	0.027426
0.000000	0.027426	0.000000	0.027366
0.000000	0.027366	0.000000	0.027115
0.000000	0.027115	0.000000	0.027408
0.000000	0.027408	0.000000	0.027425
0.000000	0.027425	0.000000	0.027409
0.000000	0.027409	0.000000	0.027739
0.000000	0.027739	0.000000	0.027703
0.000000	0.027703	0.000000	0.028008
0.000000	0.028008	0.000000	0.027891
0.000000	0.027891	0.000000	0.027617
0.000000	0.027617	0.000000	0.027397
0.000000	0.027397	0.000000	0.027497
0.000000	0.027497	0.000000	0.027405
0.000000	0.027405	0.000000	0.027438
0.000000	0.027438	0.000000	0.027741
0.000000	0.027741	0.000000	0.027251
0.000000	0.027251	0.000000	0.026983
0.000000	0.026983	0.000000	0.026337
0.000000	0.026337	0.000000	0.027035
0.000000	0.027035	0.000000	0.026819
0.000000	0.026819	0.000000	0.026421
0.000000	0.026421	0.000000	0.026258
0.000000	0.026258	0.000000	0.026318
0.000000	0.026318	0.000000	0.026638
0.000000	0.026638	0.000000	0.026557
0.000000	0.026557	0.000000	0.026426
0.000000	0.026426	0.000000	0.026173
0.000000	0.026173	0.000000	0.026463
0.000000	0.026463	0.000000	0.026377
0.000000	0.026377	0.000000	0.026469
0.000000	0.026469	0.000000	0.026657
0.000000	0.026657	0.000000	0.026482
0.000000	0.026482	0.000000	0.026361
0.000000	0.026361	0.000000	0.026337
0.000000	0.026337	0.000000	0.026518
0.298949	0.399525	0.311550	0.402588
0.311550	0.402588	0.306849	0.405551
0.306849	0.405551	0.304758	0.402981
0.304758	0.402981	0.306412	0.399198
0.306412	0.399198	0.311602	0.393078
0.311602	0.393078	0.316342	0.386847
0.316342	0.386847	0.316373	0.375335
0.316373	0.375335	0.314904	0.365086
0.314904	0.365086	0.308569	0.351987
0.308569	0.351987	0.300036	0.337435
0.300036	0.337435	0.289799	0.322870
0.289799	0.322870	0.277314	0.307495
0.277314	0.307495	0.263907	0.291318
0.263907	0.291318	0.247086	0.272185
0.247086	0.272185	0.232491	0.255578
0.232491	0.255578	0.216688	0.238355
0.216688	0.238355	0.200479	0.220420
0.200479	0.220420	0.184793	0.204087
0.184793	0.204087	0.169377	0.187568
0.169377	0.187568	0.155301	0.172943
0.155301	0.172943	0.140566	0.157358
0.140566	0.157358	0.126319	0.142434
0.126319	0.142434	0.113779	0.129341
0.113779	0.129341	0.101341	0.116670
0.101341	0.116670	0.090344	0.105210
0.090344	0.105210	0.079891	0.094626
0.079891	0.094626	0.069889	0.084139
0.069889	0.084139	0.061146	0.074764
0.061146	0.074764	0.053397	0.066748
0.053397	0.066748	0.046481	0.060113
0.046481	0.060113	0.040164	0.053834
0.040164	0.053834	0.034480	0.048108
0.034480	0.048108	0.029648	0.043523
0.029648	0.043523	0.025562	0.039605
0.025562	0.039605	0.022065	0.036078
0.022065	0.036078	0.019125	0.032714
0.019125	0.032714	0.015941	0.029225
0.015941	0.029225	0.013657	0.026794
0.013657	0.026794	0.011460	0.024591
0.011460	0.024591	0.009962	0.023128
0.009962	0.023128	0.008239	0.021044
0.008239	0.021044	0.006795	0.019448
0.006795	0.019448	0.005396	0.018326
0.005396	0.018326	0.004561	0.017647
0.004561	0.017647	0.003649	0.017248
0.003649	0.017248	0.002776	0.016235
0.002776	0.016235	0.002022	0.015705
0.002022	0.015705	0.001439	0.015033
0.001439	0.015033	0.001084	0.015004
0.001084	0.015004	0.000694	0.014467
0.000694	0.014467	0.000501	0.014380
0.000501	0.014380	0.000327	0.014107
0.000327	0.014107	0.000219	0.013797
0.000219	0.013797	0.000200	0.013727
0.000200	0.013727	0.000143	0.013875
0.000143	0.013875	0.000133	0.014270
0.000133	0.014270	0.000114	0.014285
0.000114	0.014285	0.000126	0.014482
0.000126	0.014482	0.000130	0.014442
0.000130	0.014442	0.000132	0.014299
0.000132	0.014299	0.000094	0.014383
0.000094	0.014383	0.000080	0.014006
0.000080	0.014006	0.000088	0.013813
0.000088	0.013813	0.000075	0.014001
0.000075	0.014001	0.000058	0.013972
0.000058	0.013972	0.000070	0.013703
0.000070	0.013703	0.000034	0.013410
0.000034	0.013410	0.000038	0.013663
0.000038	0.013663	0.000035	0.013795
0.000035	0.013795	0.000036	0.013931
0.000036	0.013931	0.000018	0.013245
0.000018	0.013245	0.000015	0.013446
0.000015	0.013446	0.000026	0.013261
0.000026	0.013261	0.000003	0.013052
0.000003	0.013052	0.000000	0.012788
0.000000	0.012788	0.000000	0.013178
0.000000	0.013178	0.000000	0.013486
0.000000	0.013486	0.000000	0.013586
0.000000	0.013586	0.000000	0.013990
0.000000	0.013990	0.000000	0.014162
0.000000	0.014162	0.000000	0.014155
0.000000	0.014155	0.000000	0.013985
0.000000	0.013985	0.000000	0.014262
0.000000	0.014262	0.000000	0.014448
0.000000	0.014448	0.000000	0.014671
0.000000	0.014671	0.000000	0.014860
0.000000	0.014860	0.000000	0.014622
0.000000	0.014622	0.000000	0.014515
0.000000	0.014515	0.000000	0.014495
0.000000	0.014495	0.000000	0.014638
0.000000	0.014638	0.000000	0.014531
0.000000	0.014531	0.000000	0.014659
0.000000	0.014659	0.000000	0.014630
0.000000	0.014630	0.000000	0.015080
0.000000	0.015080	0.000000	0.015421
0.000000	0.015421	0.000000	0.015408
0.000000	0.015408	0.000000	0.015374
0.000000	0.015374	0.000000	0.016037
0.000000	0.016037	0.000000	0.016107
0.000000	0.016107	0.000000	0.016234
0.000000	0.016234	0.000000	0.015795
0.000000	0.015795	0.000000	0.015566
0.000000	0.015566	0.000000	0.015499
0.000000	0.015499	0.000000	0.015768
0.000000	0.015768	0.000000	0.015963
0.000000	0.015963	0.000000	0.016192
0.000000	0.016192	0.000000	0.016453
0.000000	0.016453	0.000000	0.016482
0.000000	0.016482	0.000000	0.016789
0.000000	0.016789	0.000000	0.016850
0.000000	0.016850	0.000000	0.017206
0.000000	0.017206	0.000000	0.017166
0.000000	0.017166	0.000000	0.017248
0.000000	0.017248	0.000000	0.017200
0.000000	0.017200	0.000000	0.017402
0.000000	0.017402	0.000000	0.017032
0.000000	0.017032	0.000000	0.017041
0.000000	0.017041	0.000000	0.016861
0.000000	0.016861	0.000000	0.017006
0.000000	0.017006	0.000000	0.017156
0.000000	0.017156	0.000000	0.017382
0.000000	0.017382	0.000000	0.017354
0.000000	0.017354	0.000000	0.017348
0.000000	0.017348	0.000000	0.017351
0.000000	0.017351	0.000000	0.017925
0.000000	0.017925	0.000000	0.017749
0.000000	0.017749	0.000000	0.017728
0.000000	0.017728	0.000000	0.017874
0.000000	0.017874	0.000000	0.017849
0.000000	0.017849	0.000000	0.017924
0.000000	0.017924	0.000000	0.018109
0.000000	0.018109	0.000000	0.018509
0.000000	0.018509	0.000000	0.018534
0.000000	0.018534	0.000000	0.018254
0.000000	0.018254	0.000000	0.018524
0.000000	0.018524	0.000000	0.018576
0.000000	0.018576	0.000000	0.018284
0.000000	0.018284	0.000000	0.018226
0.000000	0.018226	0.000000	0.017829
0.000000	0.017829	0.000000	0.017917
0.000000	0.017917	0.000000	0.018114
0.000000	0.018114	0.000000	0.018028
0.000000	0.018028	0.000000	0.018204
0.000000	0.018204	0.000000	0.017898
0.000000	0.017898	0.000000	0.018231
0.000000	0.018231	0.000000	0.018696
0.000000	0.018696	0.000000	0.018670
0.000000	0.018670	0.000000	0.018602
0.000000	0.018602	0.000000	0.018598
0.000000	0.018598	0.000000	0.018867
0.000000	0.018867	0.000000	0.018555
0.000000	0.018555	0.000000	0.018243
0.000000	0.018243	0.000000	0.018290
0.000000	0.018290	0.000000	0.018218
0.000000	0.018218	0.000000	0.018299
0.000000	0.018299	0.000000	0.018183
0.000000	0.018183	0.000000	0.018065
0.000000	0.018065	0.000000	0.018345
0.000000	0.018345	0.000000	0.018284
0.000000	0.018284	0.000000	0.018197
0.000000	0.018197	0.000000	0.018342
0.000000	0.018342	0.000000	0.018027
0.000000	0.018027	0.000000	0.018242
0.000000	0.018242	0.000000	0.018599
0.000000	0.018599	0.000000	0.018184
0.000000	0.018184	0.000000	0.018211
0.000000	0.018211	0.000000	0.018027
0.000000	0.018027	0.000000	0.018095
0.000000	0.018095	0.000000	0.018085
0.000000	0.018085	0.000000	0.017714
0.000000	0.017714	0.000000	0.017529
0.000000	0.017529	0.000000	0.017060
0.000000	0.017060	0.000000	0.017432
0.000000	0.017432	0.000000	0.017312
0.000000	0.017312	0.000000	0.017338
0.000000	0.017338	0.000000	0.017195
0.000000	0.017195	0.000000	0.017523
0.000000	0.017523	0.000000	0.017305
0.000000	0.017305	0.000000	0.017491
0.000000	0.017491	0.000000	0.017117
0.000000	0.017117	0.000000	0.016960
0.000000	0.016960	0.000000	0.017065
0.000000	0.017065	0.000000	0.017603
0.000000	0.017603	0.000000	0.017770
0.000000	0.017770	0.000000	0.017655
0.000000	0.017655	0.000000	0.017682
0.000000	0.017682	0.000000	0.017619
0.000000	0.017619	0.000000	0.017703
0.000000	0.017703	0.000000	0.017726
0.000000	0.017726	0.000000	0.017728
0.000000	0.017728	0.000000	0.017879
0.000000	0.017879	0.000000	0.018092
0.000000	0.018092	0.000000	0.018370
0.000000	0.018370	0.000000	0.018304
0.000000	0.018304	0.000000	0.018196
0.000000	0.018196	0.000000	0.018092
0.000000	0.018092	0.000000	0.017806
0.000000	0.017806	0.000000	0.017629
0.000000	0.017629	0.000000	0.017565
0.300420	0.501045	0.403776	0.507991
0.403776	0.507991	0.443853	0.515685
0.443853	0.515685	0.463532	0.518378
0.463532	0.518378	0.473612	0.515203
0.473612	0.515203	0.477589	0.509172
0.477589	0.509172	0.474344	0.499200
0.474344	0.499200	0.468202	0.488076
0.468202	0.488076	0.458382	0.473704
0.458382	0.473704	0.446049	0.458422
0.446049	0.458422	0.430452	0.440856
0.430452	0.440856	0.416289	0.425296
0.416289	0.425296	0.400445	0.408637
0.400445	0.408637	0.383862	0.391418
0.383862	0.391418	0.366462	0.373148
0.366462	0.373148	0.347283	0.353523
0.347283	0.353523	0.327334	0.333173
0.327334	0.333173	0.307673	0.313220
0.307673	0.313220	0.288262	0.293668
0.288262	0.293668	0.268778	0.273824
0.268778	0.273824	0.249087	0.253976
0.249087	0.253976	0.230706	0.235316
0.230706	0.235316	0.213004	0.217369
0.213004	0.217369	0.196860	0.201130
0.196860	0.201130	0.180754	0.184897
0.180754	0.184897	0.166314	0.170175
0.166314	0.170175	0.151752	0.155398
0.151752	0.155398	0.138173	0.141680
0.138173	0.141680	0.125898	0.129304
0.125898	0.129304	0.114029	0.117498
0.114029	0.117498	0.103027	0.106625
0.103027	0.106625	0.093004	0.096240
0.093004	0.096240	0.083036	0.086230
0.083036	0.086230	0.074263	0.077302
0.074263	0.077302	0.065459	0.068646
0.065459	0.068646	0.056899	0.059977
0.056899	0.059977	0.049687	0.052700
0.049687	0.052700	0.043261	0.046307
0.043261	0.046307	0.037020	0.040132
0.037020	0.040132	0.032302	0.035436
0.032302	0.035436	0.027885	0.030853
0.027885	0.030853	0.024142	0.026819
0.024142	0.026819	0.020640	0.023330
0.020640	0.023330	0.017493	0.020078
0.017493	0.020078	0.014803	0.017429
0.014803	0.017429	0.012588	0.015236
0.012588	0.015236	0.010629	0.013346
0.010629	0.013346	0.008892	0.011639
0.008892	0.011639	0.007378	0.010224
0.007378	0.010224	0.006115	0.009161
0.006115	0.009161	0.004943	0.008070
0.004943	0.008070	0.004082	0.007224
0.004082	0.007224	0.003304	0.006503
0.003304	0.006503	0.002495	0.005797
0.002495	0.005797	0.001806	0.005198
0.001806	0.005198	0.001347	0.004810
0.001347	0.004810	0.001012	0.004420
0.001012	0.004420	0.000853	0.004250
0.000853	0.004250	0.000605	0.003915
0.000605	0.003915	0.000434	0.003722
0.000434	0.003722	0.000292	0.003447
0.000292	0.003447	0.000177	0.003377
0.000177	0.003377	0.000116	0.003334
0.000116	0.003334	0.000085	0.003315
0.000085	0.003315	0.000055	0.003256
0.000055	0.003256	0.000053	0.003145
0.000053	0.003145	0.000031	0.002862
0.000031	0.002862	0.000018	0.003084
0.000018	0.003084	0.000008	0.003221
0.000008	0.003221	0.000007	0.003079
0.000007	0.003079	0.000005	0.003096
0.000005	0.003096	0.000000	0.003187
0.000000	0.003187	0.000000	0.003136
0.000000	0.003136	0.000000	0.003062
0.000000	0.003062	0.000000	0.003056
0.000000	0.003056	0.000000	0.003050
0.000000	0.003050	0.000000	0.003192
0.000000	0.003192	0.000000	0.003026
0.000000	0.003026	0.000000	0.003023
0.000000	0.003023	0.000000	0.003169
0.000000	0.003169	0.000000	0.002986
0.000000	0.002986	0.000000	0.002786
0.000000	0.002786	0.000000	0.002763
0.000000	0.002763	0.000000	0.002812
0.000000	0.002812	0.000000	0.002772
0.000000	0.002772	0.000000	0.002649
0.000000	0.002649	0.000000	0.002770
0.000000	0.002770	0.000000	0.002877
0.000000	0.002877	0.000000	0.002735
0.000000	0.002735	0.000000	0.002829
0.000000	0.002829	0.000000	0.002819
0.000000	0.002819	0.000000	0.002730
0.000000	0.002730	0.000000	0.002802
0.000000	0.002802	0.000000	0.002786
0.000000	0.002786	0.000000	0.002996
0.000000	0.002996	0.000000	0.002896
0.000000	0.002896	0.000000	0.003070
0.000000	0.003070	0.000000	0.003280
0.000000	0.003280	0.000000	0.003337
0.000000	0.003337	0.000000	0.003553
0.000000	0.003553	0.000000	0.003328
0.000000	0.003328	0.000000	0.003205
0.000000	0.003205	0.000000	0.003322
0.000000	0.003322	0.000000	0.003184
0.000000	0.003184	0.000000	0.003011
0.000000	0.003011	0.000000	0.003068
0.000000	0.003068	0.000000	0.003215
0.000000	0.003215	0.000000	0.003529
0.000000	0.003529	0.000000	0.003438
0.000000	0.003438	0.000000	0.003378
0.000000	0.003378	0.000000	0.003343
0.000000	0.003343	0.000000	0.003667
0.000000	0.003667	0.000000	0.003487
0.000000	0.003487	0.000000	0.003271
0.000000	0.003271	0.000000	0.003274
0.000000	0.003274	0.000000	0.003363
0.000000	0.003363	0.000000	0.003373
0.000000	0.003373	0.000000	0.003465
0.000000	0.003465	0.000000	0.003477
0.000000	0.003477	0.000000	0.003518
0.000000	0.003518	0.000000	0.003541
0.000000	0.003541	0.000000	0.003620
0.000000	0.003620	0.000000	0.003475
0.000000	0.003475	0.000000	0.003493
0.000000	0.003493	0.000000	0.003690
0.000000	0.003690	0.000000	0.003729
0.000000	0.003729	0.000000	0.003761
0.000000	0.003761	0.000000	0.003972
0.000000	0.003972	0.000000	0.004105
0.000000	0.004105	0.000000	0.004074
0.000000	0.004074	0.000000	0.003760
0.000000	0.003760	0.000000	0.003779
0.000000	0.003779	0.000000	0.003708
0.000000	0.003708	0.000000	0.003947
0.000000	0.003947	0.000000	0.003913
0.000000	0.003913	0.000000	0.003815
0.000000	0.003815	0.000000	0.003824
0.000000	0.003824	0.000000	0.003623
0.000000	0.003623	0.000000	0.003665
0.000000	0.003665	0.000000	0.003745
0.000000	0.003745	0.000000	0.003688
0.000000	0.003688	0.000000	0.003801
0.000000	0.003801	0.000000	0.003766
0.000000	0.003766	0.000000	0.003514
0.000000	0.003514	0.000000	0.003450
0.000000	0.003450	0.000000	0.003468
0.000000	0.003468	0.000000	0.003406
0.000000	0.003406	0.000000	0.003383
0.000000	0.003383	0.000000	0.003431
0.000000	0.003431	0.000000	0.003497
0.000000	0.003497	0.000000	0.003358
0.000000	0.003358	0.000000	0.003469
0.000000	0.003469	0.000000	0.003516
0.000000	0.003516	0.000000	0.003430
0.000000	0.003430	0.000000	0.003612
0.000000	0.003612	0.000000	0.003520
0.000000	0.003520	0.000000	0.003542
0.000000	0.003542	0.000000	0.003454
0.000000	0.003454	0.000000	0.003609
0.000000	0.003609	0.000000	0.003770
0.000000	0.003770	0.000000	0.003732
0.000000	0.003732	0.000000	0.003923
0.000000	0.003923	0.000000	0.003859
0.000000	0.003859	0.000000	0.004070
0.000000	0.004070	0.000000	0.004140
0.000000	0.004140	0.000000	0.004334
0.000000	0.004334	0.000000	0.004559
0.000000	0.004559	0.000000	0.004683
0.000000	0.004683	0.000000	0.004650
0.000000	0.004650	0.000000	0.004738
0.000000	0.004738	0.000000	0.004642
0.000000	0.004642	0.000000	0.004491
0.000000	0.004491	0.000000	0.004341
0.000000	0.004341	0.000000	0.004333
0.000000	0.004333	0.000000	0.004264
0.000000	0.004264	0.000000	0.004187
0.000000	0.004187	0.000000	0.004375
0.000000	0.004375	0.000000	0.004204
0.000000	0.004204	0.000000	0.004199
0.000000	0.004199	0.000000	0.004192
0.000000	0.004192	0.000000	0.004261
0.000000	0.004261	0.000000	0.004351
0.000000	0.004351	0.000000	0.004124
0.000000	0.004124	0.000000	0.004255
0.000000	0.004255	0.000000	0.004190
0.000000	0.004190	0.000000	0.003860
0.000000	0.003860	0.000000	0.004024
0.000000	0.004024	0.000000	0.004214
0.000000	0.004214	0.000000	0.004230
0.000000	0.004230	0.000000	0.003952
0.000000	0.003952	0.000000	0.003984
0.000000	0.003984	0.000000	0.003867
0.000000	0.003867	0.000000	0.003782
0.000000	0.003782	0.000000	0.003733
0.000000	0.003733	0.000000	0.003713
0.000000	0.003713	0.000000	0.003573
0.000000	0.003573	0.000000	0.003723
0.000000	0.003723	0.000000	0.003674
0.000000	0.003674	0.000000	0.003627
0.000000	0.003627	0.000000	0.003668
0.300014	0.600391	0.496162	0.609077
0.496162	0.609077	0.574870	0.615346
0.574870	0.615346	0.609815	0.617375
0.609815	0.617375	0.624056	0.616324
0.624056	0.616324	0.624718	0.610434
0.624718	0.610434	0.618834	0.602679
0.618834	0.602679	0.607363	0.592436
0.607363	0.592436	0.594013	0.581104
0.594013	0.581104	0.578293	0.567858
0.578293	0.567858	0.563175	0.555101
0.563175	0.555101	0.544706	0.538585
0.544706	0.538585	0.528106	0.523449
0.528106	0.523449	0.510526	0.507172
0.510526	0.507172	0.491957	0.489393
0.491957	0.489393	0.475286	0.473178
0.475286	0.473178	0.456293	0.454785
0.456293	0.454785	0.438014	0.437030
0.438014	0.437030	0.419529	0.419022
0.419529	0.419022	0.400229	0.399952
0.400229	0.399952	0.381193	0.381265
0.381193	0.381265	0.362567	0.362808
0.362567	0.362808	0.343944	0.344388
0.343944	0.344388	0.325878	0.326324
0.325878	0.326324	0.307813	0.308344
0.307813	0.308344	0.291579	0.292181
0.291579	0.292181	0.275199	0.275732
0.275199	0.275732	0.258532	0.259222
0.258532	0.259222	0.243160	0.243806
0.243160	0.243806	0.227744	0.228415
0.227744	0.228415	0.213831	0.214509
0.213831	0.214509	0.199780	0.200315
0.199780	0.200315	0.185715	0.186364
0.185715	0.186364	0.172340	0.173015
0.172340	0.173015	0.160352	0.161009
0.160352	0.161009	0.148512	0.149266
0.148512	0.149266	0.138518	0.139320
0.138518	0.139320	0.128108	0.128904
0.128108	0.128904	0.119588	0.120331
0.119588	0.120331	0.109832	0.110542
0.109832	0.110542	0.100225	0.100810
0.100225	0.100810	0.091463	0.092140
0.091463	0.092140	0.083882	0.084544
0.083882	0.084544	0.076364	0.076977
0.076364	0.076977	0.070232	0.070856
0.070232	0.070856	0.063592	0.064218
0.063592	0.064218	0.058380	0.058974
0.058380	0.058974	0.052764	0.053310
0.052764	0.053310	0.048071	0.048584
0.048071	0.048584	0.043091	0.043527
0.043091	0.043527	0.039020	0.039515
0.039020	0.039515	0.035504	0.035986
0.035504	0.035986	0.031788	0.032246
0.031788	0.032246	0.028715	0.029173
0.028715	0.029173	0.025589	0.026042
0.025589	0.026042	0.022823	0.023251
0.022823	0.023251	0.020518	0.020917
0.020518	0.020917	0.018552	0.018957
0.018552	0.018957	0.016985	0.017454
0.016985	0.017454	0.015344	0.015834
0.015344	0.015834	0.013748	0.014233
0.013748	0.014233	0.012328	0.012820
0.012328	0.012820	0.010899	0.011365
0.010899	0.011365	0.009706	0.010171
0.009706	0.010171	0.008671	0.009108
0.008671	0.009108	0.007733	0.008149
0.007733	0.008149	0.006749	0.007179
0.006749	0.007179	0.005858	0.006260
0.005858	0.006260	0.005220	0.005638
0.005220	0.005638	0.004581	0.004991
0.004581	0.004991	0.004139	0.004574
0.004139	0.004574	0.003760	0.004204
0.003760	0.004204	0.003328	0.003785
0.003328	0.003785	0.002780	0.003247
0.002780	0.003247	0.002369	0.002857
0.002369	0.002857	0.001996	0.002478
0.001996	0.002478	0.001726	0.002203
0.001726	0.002203	0.001505	0.001930
0.001505	0.001930	0.001445	0.001868
0.001445	0.001868	0.001249	0.001740
0.001249	0.001740	0.001082	0.001558
0.001082	0.001558	0.001001	0.001530
0.001001	0.001530	0.000924	0.001410
0.000924	0.001410	0.000826	0.001290
0.000826	0.001290	0.000742	0.001237
0.000742	0.001237	0.000648	0.001131
0.000648	0.001131	0.000574	0.001047
0.000574	0.001047	0.000473	0.000907
0.000473	0.000907	0.000375	0.000850
0.000375	0.000850	0.000304	0.000814
0.000304	0.000814	0.000251	0.000789
0.000251	0.000789	0.000209	0.000763
0.000209	0.000763	0.000152	0.000693
0.000152	0.000693	0.000089	0.000676
0.000089	0.000676	0.000093	0.000771
0.000093	0.000771	0.000074	0.000677
0.000074	0.000677	0.000054	0.000619
0.000054	0.000619	0.000026	0.000546
0.000026	0.000546	0.000004	0.000525
0.000004	0.000525	0.000000	0.000521
0.000000	0.000521	0.000000	0.000545
0.000000	0.000545	0.000000	0.000533
0.000000	0.000533	0.000000	0.000626
0.000000	0.000626	0.000000	0.000618
0.000000	0.000618	0.000000	0.000659
0.000000	0.000659	0.000000	0.000667
0.000000	0.000667	0.000000	0.000644
0.000000	0.000644	0.000000	0.000629
0.000000	0.000629	0.000000	0.000605
0.000000	0.000605	0.000000	0.000625
0.000000	0.000625	0.000000	0.000740
0.000000	0.000740	0.000000	0.000743
0.000000	0.000743	0.000000	0.000741
0.000000	0.000741	0.000000	0.000764
0.000000	0.000764	0.000000	0.000688
0.000000	0.000688	0.000000	0.000673
0.000000	0.000673	0.000000	0.000612
0.000000	0.000612	0.000000	0.000632
0.000000	0.000632	0.000000	0.000689
0.000000	0.000689	0.000000	0.000657
0.000000	0.000657	0.000000	0.000641
0.000000	0.000641	0.000000	0.000622
0.000000	0.000622	0.000000	0.000673
0.000000	0.000673	0.000000	0.000669
0.000000	0.000669	0.000000	0.000601
0.000000	0.000601	0.000000	0.000623
0.000000	0.000623	0.000000	0.000610
0.000000	0.000610	0.000000	0.000568
0.000000	0.000568	0.000000	0.000604
0.000000	0.000604	0.000000	0.000572
0.000000	0.000572	0.000000	0.000489
0.000000	0.000489	0.000000	0.000486
0.000000	0.000486	0.000000	0.000534
0.000000	0.000534	0.000000	0.000451
0.000000	0.000451	0.000000	0.000518
0.000000	0.000518	0.000000	0.000534
0.000000	0.000534	0.000000	0.000629
0.000000	0.000629	0.000000	0.000570
0.000000	0.000570	0.000000	0.000560
0.000000	0.000560	0.000000	0.000500
0.000000	0.000500	0.000000	0.000516
0.000000	0.000516	0.000000	0.000574
0.000000	0.000574	0.000000	0.000533
0.000000	0.000533	0.000000	0.000535
0.000000	0.000535	0.000000	0.000560
0.000000	0.000560	0.000000	0.000567
0.000000	0.000567	0.000000	0.000512
0.000000	0.000512	0.000000	0.000476
0.000000	0.000476	0.000000	0.000514
0.000000	0.000514	0.000000	0.000449
0.000000	0.000449	0.000000	0.000395
0.000000	0.000395	0.000000	0.000425
0.000000	0.000425	0.000000	0.000415
0.000000	0.000415	0.000000	0.000404
0.000000	0.000404	0.000000	0.000373
0.000000	0.000373	0.000000	0.000358
0.000000	0.000358	0.000000	0.000373
0.000000	0.000373	0.000000	0.000418
0.000000	0.000418	0.000000	0.000448
0.000000	0.000448	0.000000	0.000364
0.000000	0.000364	0.000000	0.000412
0.000000	0.000412	0.000000	0.000410
0.000000	0.000410	0.000000	0.000351
0.000000	0.000351	0.000000	0.000350
0.000000	0.000350	0.000000	0.000328
0.000000	0.000328	0.000000	0.000315
0.000000	0.000315	0.000000	0.000341
0.000000	0.000341	0.000000	0.000367
0.000000	0.000367	0.000000	0.000362
0.000000	0.000362	0.000000	0.000351
0.000000	0.000351	0.000000	0.000324
0.000000	0.000324	0.000000	0.000363
0.000000	0.000363	0.000000	0.000399
0.000000	0.000399	0.000000	0.000357
0.000000	0.000357	0.000000	0.000330
0.000000	0.000330	0.000000	0.000295
0.000000	0.000295	0.000000	0.000278
0.000000	0.000278	0.000000	0.000316
0.000000	0.000316	0.000000	0.000348
0.000000	0.000348	0.000000	0.000346
0.000000	0.000346	0.000000	0.000383
0.000000	0.000383	0.000000	0.000343
0.000000	0.000343	0.000000	0.000346
0.000000	0.000346	0.000000	0.000382
0.000000	0.000382	0.000000	0.000406
0.000000	0.000406	0.000000	0.000346
0.000000	0.000346	0.000000	0.000316
0.000000	0.000316	0.000000	0.000275
0.000000	0.000275	0.000000	0.000346
0.000000	0.000346	0.000000	0.000346
0.000000	0.000346	0.000000	0.000349
0.000000	0.000349	0.000000	0.000398
0.000000	0.000398	0.000000	0.000388
0.000000	0.000388	0.000000	0.000323
0.000000	0.000323	0.000000	0.000347
0.000000	0.000347	0.000000	0.000314
0.000000	0.000314	0.000000	0.000364
0.000000	0.000364	0.000000	0.000408
0.000000	0.000408	0.000000	0.000342
0.000000	0.000342	0.000000	0.000391
0.299898	0.699784	0.584009	0.709177
0.584009	0.709177	0.703589	0.721845
0.703589	0.721845	0.754205	0.726116
0.754205	0.726116	0.773337	0.727562
0.773337	0.727562	0.777920	0.726875
0.777920	0.726875	0.772129	0.721770
0.772129	0.721770	0.760951	0.715324
0.760951	0.715324	0.748384	0.707981
0.748384	0.707981	0.736664	0.700947
0.736664	0.700947	0.721684	0.690875
0.721684	0.690875	0.708818	0.682475
0.708818	0.682475	0.694398	0.671990
0.694398	0.671990	0.679019	0.659034
0.679019	0.659034	0.662770	0.645433
0.662770	0.645433	0.647157	0.632283
0.647157	0.632283	0.630758	0.618306
0.630758	0.618306	0.614694	0.603768
0.614694	0.603768	0.600192	0.590815
0.600192	0.590815	0.583243	0.575236
0.583243	0.575236	0.568456	0.561468
0.568456	0.561468	0.552743	0.546349
0.552743	0.546349	0.537363	0.531853
0.537363	0.531853	0.521711	0.517167
0.521711	0.517167	0.504623	0.500728
0.504623	0.500728	0.487031	0.483715
0.487031	0.483715	0.472197	0.469641
0.472197	0.469641	0.456289	0.454173
0.456289	0.454173	0.441169	0.439148
0.441169	0.439148	0.425241	0.423329
0.425241	0.423329	0.409421	0.407712
0.409421	0.407712	0.394510	0.392991
0.394510	0.392991	0.381101	0.379849
0.381101	0.379849	0.366463	0.365117
0.366463	0.365117	0.352461	0.351380
0.352461	0.351380	0.338674	0.337791
0.338674	0.337791	0.324544	0.323767
0.324544	0.323767	0.310613	0.309954
0.310613	0.309954	0.297851	0.297285
0.297851	0.297285	0.284844	0.284246
0.284844	0.284246	0.273042	0.272500
0.273042	0.272500	0.260339	0.259886
0.260339	0.259886	0.246832	0.246407
0.246832	0.246407	0.235529	0.235101
0.235529	0.235101	0.223366	0.223017
0.223366	0.223017	0.211788	0.211442
0.211788	0.211442	0.201012	0.200752
0.201012	0.200752	0.190011	0.189699
0.190011	0.189699	0.180268	0.179952
0.180268	0.179952	0.169765	0.169495
0.169765	0.169495	0.160276	0.159957
0.160276	0.159957	0.151557	0.151225
0.151557	0.151225	0.142969	0.142689
0.142969	0.142689	0.134355	0.134117
0.134355	0.134117	0.125500	0.125338
0.125500	0.125338	0.117956	0.117838
0.117956	0.117838	0.110543	0.110461
0.110543	0.110461	0.103383	0.103337
0.103383	0.103337	0.096193	0.096151
0.096193	0.096151	0.089342	0.089314
0.089342	0.089314	0.082895	0.082867
0.082895	0.082867	0.076415	0.076400
0.076415	0.076400	0.070187	0.070183
0.070187	0.070183	0.064920	0.064919
0.064920	0.064919	0.059995	0.059995
0.059995	0.059995	0.055821	0.055821
0.055821	0.055821	0.051470	0.051470
0.051470	0.051470	0.047378	0.047378
0.047378	0.047378	0.043481	0.043481
0.043481	0.043481	0.039922	0.039922
0.039922	0.039922	0.036779	0.036779
0.036779	0.036779	0.033753	0.033753
0.033753	0.033753	0.031140	0.031140
0.031140	0.031140	0.028626	0.028626
0.028626	0.028626	0.026236	0.026236
0.026236	0.026236	0.024322	0.024322
0.024322	0.024322	0.022539	0.022539
0.022539	0.022539	0.020442	0.020442
0.020442	0.020442	0.018827	0.018827
0.018827	0.018827	0.016842	0.016842
0.016842	0.016842	0.015214	0.015214
0.015214	0.015214	0.013929	0.013929
0.013929	0.013929	0.012541	0.012541
0.012541	0.012541	0.011355	0.011355
0.011355	0.011355	0.010219	0.010219
0.010219	0.010219	0.009343	0.009343
0.009343	0.009343	0.008617	0.008617
0.008617	0.008617	0.007774	0.007774
0.007774	0.007774	0.007010	0.007010
0.007010	0.007010	0.006361	0.006361
0.006361	0.006361	0.005626	0.005626
0.005626	0.005626	0.004910	0.004910
0.004910	0.004910	0.004480	0.004480
0.004480	0.004480	0.004051	0.004051
0.004051	0.004051	0.003675	0.003675
0.003675	0.003675	0.003143	0.003143
0.003143	0.003143	0.002910	0.002910
0.002910	0.002910	0.002577	0.002577
0.002577	0.002577	0.002206	0.002206
0.002206	0.002206	0.001938	0.001938
0.001938	0.001938	0.001688	0.001688
0.001688	0.001688	0.001351	0.001351
0.001351	0.001351	0.001186	0.001186
0.001186	0.001186	0.000992	0.000992
0.000992	0.000992	0.000829	0.000829
0.000829	0.000829	0.000673	0.000673
0.000673	0.000673	0.000575	0.000575
0.000575	0.000575	0.000493	0.000493
0.000493	0.000493	0.000378	0.000378
0.000378	0.000378	0.000319	0.000319
0.000319	0.000319	0.000321	0.000321
0.000321	0.000321	0.000253	0.000253
0.000253	0.000253	0.000179	0.000179
0.000179	0.000179	0.000133	0.000133
0.000133	0.000133	0.000115	0.000115
0.000115	0.000115	0.000069	0.000069
0.000069	0.000069	0.000063	0.000063
0.000063	0.000063	0.000033	0.000033
0.000033	0.000033	0.000018	0.000018
0.000018	0.000018	0.000012	0.000012
0.000012	0.000012	0.000002	0.000002
0.000002	0.000002	0.000000	0.000000
0.000000	0.000000	0.000000	0.000000
0.000000	0.000000	0.000000	0.000000
0.000000	0.000000	0.000000	0.000000
0.000000	0.000000	0.000000	0.000000
0.000000	0.000000	0.000000	0.000000
0.000000	0.000000	0.000000	0.000000
0.000000	0.000000	0.000000	0.000000
0.000000	0.000000	0.000000	0.000000
0.000000	0.000000	0.000000	0.000000
0.000000	0.000000	0.000000	0.000000
0.000000	0.000000	0.000000	0.000000
0.000000	0.000000	0.000000	0.000000
0.000000	0.000000	0.000000	0.000000
0.000000	0.000000	0.000000	0.000000
0.000000	0.000000	0.000000	0.000000
0.000000	0.000000	0.000000	0.000000
0.000000	0.000000	0.000000	0.000000
0.000000	0.000000	0.000000	0.000000
0.000000	0.000000	0.000000	0.000000
0.000000	0.000000	0.000000	0.000000
0.000000	0.000000	0.000000	0.000000
0.000000	0.000000	0.000000	0.000000
0.000000	0.000000	0.000000	0.000000
0.000000	0.000000	0.000000	0.000000
0.000000	0.000000	0.000000	0.000000
0.000000	0.000000	0.000000	0.000000
0.000000	0.000000	0.000000	0.000000
0.000000	0.000000	0.000000	0.000000
0.000000	0.000000	0.000000	0.000000
0.000000	0.000000	0.000000	0.000000
0.000000	0.000000	0.000000	0.000000
0.000000	0.000000	0.000000	0.000000
0.000000	0.000000	0.000000	0.000000
0.000000	0.000000	0.000000	0.000000
0.000000	0.000000	0.000000	0.000000
0.000000	0.000000	0.000000	0.000000
0.000000	0.000000	0.000000	0.000000
0.000000	0.000000	0.000000	0.000000
0.000000	0.000000	0.000000	0.000000
0.000000	0.000000	0.000000	0.000000
0.000000	0.000000	0.000000	0.000000
0.000000	0.000000	0.000000	0.000000
0.000000	0.000000	0.000000	0.000000
0.000000	0.000000	0.000000	0.000000
0.000000	0.000000	0.000000	0.000000
0.000000	0.000000	0.000000	0.000000
0.000000	0.000000	0.000000	0.000000
0.000000	0.000000	0.000000	0.000000
0.000000	0.000000	0.000000	0.000000
0.000000	0.000000	0.000000	0.000000
0.000000	0.000000	0.000000	0.000000
0.000000	0.000000	0.000000	0.000000
0.000000	0.000000	0.000000	0.000000
0.000000	0.000000	0.000000	0.000000
0.000000	0.000000	0.000000	0.000000
0.000000	0.000000	0.000000	0.000000
0.000000	0.000000	0.000000	0.000000
0.000000	0.000000	0.000000	0.000000
0.000000	0.000000	0.000000	0.000000
0.000000	0.000000	0.000000	0.000000
0.000000	0.000000	0.000000	0.000000
0.000000	0.000000	0.000000	0.000000
0.000000	0.000000	0.000000	0.000000
0.000000	0.000000	0.000000	0.000000
0.000000	0.000000	0.000000	0.000000
0.000000	0.000000	0.000000	0.000000
0.000000	0.000000	0.000000	0.000000
0.000000	0.000000	0.000000	0.000000
0.000000	0.000000	0.000000	0.000000
0.000000	0.000000	0.000000	0.000000
0.000000	0.000000	0.000000	0.000000
0.000000	0.000000	0.000000	0.000000
0.000000	0.000000	0.000000	0.000000
0.000000	0.000000	0.000000	0.000000
0.000000	0.000000	0.000000	0.000000
0.000000	0.000000	0.000000	0.000000
0.000000	0.000000	0.000000	0.000000
0.000000	0.000000	0.000000	0.000000
0.300244	0.799699	0.670933	0.807783
0.670933	0.807783	0.809088	0.819448
0.809088	0.819448	0.866890	0.825356
0.866890	0.825356	0.889955	0.829488
0.889955	0.829488	0.897821	0.831030
0.897821	0.831030	0.897547	0.830561
0.897547	0.830561	0.894803	0.830393
0.894803	0.830393	0.889058	0.829058
0.889058	0.829058	0.882987	0.827046
0.882987	0.827046	0.875433	0.822776
0.875433	0.822776	0.867339	0.818072
0.867339	0.818072	0.859095	0.814267
0.859095	0.814267	0.851124	0.809817
0.851124	0.809817	0.842605	0.804865
0.842605	0.804865	0.833472	0.798064
0.833472	0.798064	0.823634	0.790170
0.823634	0.790170	0.813526	0.782581
0.813526	0.782581	0.803994	0.775666
0.803994	0.775666	0.793545	0.767258
0.793545	0.767258	0.782729	0.758025
0.782729	0.758025	0.772459	0.750091
0.772459	0.750091	0.762337	0.741662
0.762337	0.741662	0.751027	0.732239
0.751027	0.732239	0.740477	0.722908
0.740477	0.722908	0.728424	0.712310
0.728424	0.712310	0.717619	0.702252
0.717619	0.702252	0.705938	0.691642
0.705938	0.691642	0.693270	0.679682
0.693270	0.679682	0.681830	0.669414
0.681830	0.669414	0.669913	0.658719
0.669913	0.658719	0.657102	0.646817
0.657102	0.646817	0.644855	0.635458
0.644855	0.635458	0.632687	0.624132
0.632687	0.624132	0.619840	0.611575
0.619840	0.611575	0.606018	0.598447
0.606018	0.598447	0.593597	0.586762
0.593597	0.586762	0.579533	0.573416
0.579533	0.573416	0.567672	0.561913
0.567672	0.561913	0.554361	0.549255
0.554361	0.549255	0.541921	0.537234
0.541921	0.537234	0.528609	0.524098
0.528609	0.524098	0.516310	0.512232
0.516310	0.512232	0.503789	0.499804
0.503789	0.499804	0.491237	0.487616
0.491237	0.487616	0.478471	0.475182
0.478471	0.475182	0.464994	0.461763
0.464994	0.461763	0.452281	0.449099
0.452281	0.449099	0.439757	0.436864
0.439757	0.436864	0.427828	0.425215
0.427828	0.425215	0.415865	0.413297
0.415865	0.413297	0.404588	0.402166
0.404588	0.402166	0.392950	0.390853
0.392950	0.390853	0.381983	0.380091
0.381983	0.380091	0.370815	0.369019
0.370815	0.369019	0.359403	0.357663
0.359403	0.357663	0.346890	0.345147
0.346890	0.345147	0.336249	0.334721
0.336249	0.334721	0.325507	0.323881
0.325507	0.323881	0.315607	0.313929
0.315607	0.313929	0.304937	0.303358
0.304937	0.303358	0.294377	0.292907
0.294377	0.292907	0.283669	0.282354
0.283669	0.282354	0.273305	0.272219
0.273305	0.272219	0.263333	0.262266
0.263333	0.262266	0.253517	0.252533
0.253517	0.252533	0.243842	0.242910
0.243842	0.242910	0.234432	0.233476
0.234432	0.233476	0.225605	0.224838
0.225605	0.224838	0.216590	0.215900
0.216590	0.215900	0.208529	0.207883
0.208529	0.207883	0.199381	0.198726
0.199381	0.198726	0.190702	0.190061
0.190702	0.190061	0.182459	0.181848
0.182459	0.181848	0.174374	0.173796
0.174374	0.173796	0.166413	0.165883
0.166413	0.165883	0.158863	0.158380
0.158863	0.158380	0.151503	0.151053
0.151503	0.151053	0.144661	0.144272
0.144661	0.144272	0.137793	0.137429
0.137793	0.137429	0.131609	0.131265
0.131609	0.131265	0.125544	0.125194
0.125544	0.125194	0.119335	0.119096
0.119335	0.119096	0.113121	0.112971
0.113121	0.112971	0.107382	0.107294
0.107382	0.107294	0.102431	0.102364
0.102431	0.102364	0.096944	0.096885
0.096944	0.096885	0.091857	0.091793
0.091857	0.091793	0.086636	0.086590
0.086636	0.086590	0.081834	0.081781
0.081834	0.081781	0.077080	0.077020
0.077080	0.077020	0.073078	0.073043
0.073078	0.073043	0.068814	0.068776
0.068814	0.068776	0.065188	0.065154
0.065188	0.065154	0.061847	0.061829
0.061847	0.061829	0.058242	0.058236
0.058242	0.058236	0.054693	0.054692
0.054693	0.054692	0.051223	0.051223
0.051223	0.051223	0.048576	0.048576
0.048576	0.048576	0.045930	0.045930
0.045930	0.045930	0.043085	0.043085
0.043085	0.043085	0.039925	0.039925
0.039925	0.039925	0.037115	0.037115
0.037115	0.037115	0.034867	0.034867
0.034867	0.034867	0.032967	0.032967
0.032967	0.032967	0.031266	0.031266
0.031266	0.031266	0.028991	0.028991
0.028991	0.028991	0.027176	0.027176
0.027176	0.027176	0.025337	0.025337
0.025337	0.025337	0.023345	0.023345
0.023345	0.023345	0.021541	0.021541
0.021541	0.021541	0.019975	0.019975
0.019975	0.019975	0.018506	0.018506
0.018506	0.018506	0.017256	0.017256
0.017256	0.017256	0.016202	0.016202
0.016202	0.016202	0.015043	0.015043
0.015043	0.015043	0.013904	0.013904
0.013904	0.013904	0.012983	0.012983
0.012983	0.012983	0.011877	0.011877
0.011877	0.011877	0.010988	0.010988
0.010988	0.010988	0.010049	0.010049
0.010049	0.010049	0.009053	0.009053
0.009053	0.009053	0.008389	0.008389
0.008389	0.008389	0.007891	0.007891
0.007891	0.007891	0.007377	0.007377
0.007377	0.007377	0.006881	0.006881
0.006881	0.006881	0.006103	0.006103
0.006103	0.006103	0.005611	0.005611
0.005611	0.005611	0.005196	0.005196
0.005196	0.005196	0.004700	0.004700
0.004700	0.004700	0.004450	0.004450
0.004450	0.004450	0.004076	0.004076
0.004076	0.004076	0.003711	0.003711
0.003711	0.003711	0.003505	0.003505
0.003505	0.003505	0.003066	0.003066
0.003066	0.003066	0.002587	0.002587
0.002587	0.002587	0.002401	0.002401
0.002401	0.002401	0.002164	0.002164
0.002164	0.002164	0.001946	0.001946
0.001946	0.001946	0.001764	0.001764
0.001764	0.001764	0.001537	0.001537
0.001537	0.001537	0.001311	0.001311
0.001311	0.001311	0.001181	0.001181
0.001181	0.001181	0.001051	0.001051
0.001051	0.001051	0.000925	0.000925
0.000925	0.000925	0.000890	0.000890
0.000890	0.000890	0.000802	0.000802
0.000802	0.000802	0.000786	0.000786
0.000786	0.000786	0.000710	0.000710
0.000710	0.000710	0.000671	0.000671
0.000671	0.000671	0.000651	0.000651
0.000651	0.000651	0.000577	0.000577
0.000577	0.000577	0.000491	0.000491
0.000491	0.000491	0.000420	0.000420
0.000420	0.000420	0.000349	0.000349
0.000349	0.000349	0.000298	0.000298
0.000298	0.000298	0.000249	0.000249
0.000249	0.000249	0.000165	0.000165
0.000165	0.000165	0.000094	0.000094
0.000094	0.000094	0.000069	0.000069
0.000069	0.000069	0.000047	0.000047
0.000047	0.000047	0.000023	0.000023
0.000023	0.000023	0.000007	0.000007
0.000007	0.000007	0.000000	0.000000
0.000000	0.000000	0.000000	0.000000
0.000000	0.000000	0.000000	0.000000
0.000000	0.000000	0.000000	0.000000
0.000000	0.000000	0.000000	0.000000
0.000000	0.000000	0.000000	0.000000
0.000000	0.000000	0.000000	0.000000
0.000000	0.000000	0.000000	0.000000
0.000000	0.000000	0.000000	0.000000
0.000000	0.000000	0.000000	0.000000
0.000000	0.000000	0.000000	0.000000
0.000000	0.000000	0.000000	0.000000
0.000000	0.000000	0.000000	0.000000
0.000000	0.000000	0.000000	0.000000
0.000000	0.000000	0.000000	0.000000
0.000000	0.000000	0.000000	0.000000
0.000000	0.000000	0.000000	0.000000
0.000000	0.000000	0.000000	0.000000
0.000000	0.000000	0.000000	0.000000
0.000000	0.000000	0.000000	0.000000
0.000000	0.000000	0.000000	0.000000
0.000000	0.000000	0.000000	0.000000
0.000000	0.000000	0.000000	0.000000
0.000000	0.000000	0.000000	0.000000
0.000000	0.000000	0.000000	0.000000
0.000000	0.000000	0.000000	0.000000
0.000000	0.000000	0.000000	0.000000
0.000000	0.000000	0.000000	0.000000
0.000000	0.000000	0.000000	0.000000
0.000000	0.000000	0.000000	0.000000
0.000000	0.000000	0.000000	0.000000
0.000000	0.000000	0.000000	0.000000
0.000000	0.000000	0.000000	0.000000
0.000000	0.000000	0.000000	0.000000
0.000000	0.000000	0.000000	0.000000
0.000000	0.000000	0.000000	0.000000
0.000000	0.000000	0.000000	0.000000
0.299956	0.899991	0.747392	0.903581
0.747392	0.903581	0.891160	0.909753
0.891160	0.909753	0.942333	0.912868
0.942333	0.912868	0.960828	0.915410
0.960828	0.915410	0.968039	0.917236
0.968039	0.917236	0.970652	0.919310
0.970652	0.919310	0.971542	0.920917
0.971542	0.920917	0.971365	0.921647
0.971365	0.921647	0.970411	0.922485
0.970411	0.922485	0.969476	0.922479
0.969476	0.922479	0.968965	0.923190
0.968965	0.923190	0.967741	0.922984
0.967741	0.922984	0.966136	0.922152
0.966136	0.922152	0.964169	0.920734
0.964169	0.920734	0.962591	0.920235
0.962591	0.920235	0.960982	0.918847
0.960982	0.918847	0.959708	0.918352
0.959708	0.918352	0.957711	0.916931
0.957711	0.916931	0.955449	0.915573
0.955449	0.915573	0.952883	0.913765
0.952883	0.913765	0.950081	0.911045
0.950081	0.911045	0.947517	0.910124
0.947517	0.910124	0.944542	0.908242
0.944542	0.908242	0.941466	0.905732
0.941466	0.905732	0.937747	0.903142
0.937747	0.903142	0.934588	0.900118
0.934588	0.900118	0.930707	0.896096
0.930707	0.896096	0.926453	0.892353
0.926453	0.892353	0.923054	0.889343
0.923054	0.889343	0.919263	0.886193
0.919263	0.886193	0.915637	0.883484
0.915637	0.883484	0.911966	0.879728
0.911966	0.879728	0.908555	0.877332
0.908555	0.877332	0.904670	0.874662
0.904670	0.874662	0.900924	0.871448
0.900924	0.871448	0.896881	0.867774
0.896881	0.867774	0.892160	0.863810
0.892160	0.863810	0.887358	0.859792
0.887358	0.859792	0.882717	0.856349
0.882717	0.856349	0.877590	0.851085
0.877590	0.851085	0.872798	0.846760
0.872798	0.846760	0.868341	0.842466
0.868341	0.842466	0.863214	0.838227
0.863214	0.838227	0.857969	0.833094
0.857969	0.833094	0.853383	0.828463
0.853383	0.828463	0.848363	0.824481
0.848363	0.824481	0.842959	0.819955
0.842959	0.819955	0.837735	0.815318
0.837735	0.815318	0.831800	0.810207
0.831800	0.810207	0.826559	0.805329
0.826559	0.805329	0.820991	0.800712
0.820991	0.800712	0.815471	0.795892
0.815471	0.795892	0.810186	0.790931
0.810186	0.790931	0.804198	0.785482
0.804198	0.785482	0.798641	0.780715
0.798641	0.780715	0.792419	0.774694
0.792419	0.774694	0.786135	0.769047
0.786135	0.769047	0.779723	0.762898
0.779723	0.762898	0.773954	0.757635
0.773954	0.757635	0.768563	0.752218
0.768563	0.752218	0.762015	0.745995
0.762015	0.745995	0.755367	0.739188
0.755367	0.739188	0.749473	0.733726
0.749473	0.733726	0.742754	0.726871
0.742754	0.726871	0.736245	0.720545
0.736245	0.720545	0.729352	0.713989
0.729352	0.713989	0.722786	0.707952
0.722786	0.707952	0.716501	0.702321
0.716501	0.702321	0.709660	0.695609
0.709660	0.695609	0.702974	0.689182
0.702974	0.689182	0.696629	0.683177
0.696629	0.683177	0.689252	0.675979
0.689252	0.675979	0.682874	0.670055
0.682874	0.670055	0.676425	0.664087
0.676425	0.664087	0.669773	0.657376
0.669773	0.657376	0.663037	0.650966
0.663037	0.650966	0.656063	0.644315
0.656063	0.644315	0.649420	0.637700
0.649420	0.637700	0.643235	0.631639
0.643235	0.631639	0.636465	0.624872
0.636465	0.624872	0.628847	0.617157
0.628847	0.617157	0.621712	0.610423
0.621712	0.610423	0.614733	0.603788
0.614733	0.603788	0.607596	0.597454
0.607596	0.597454	0.599970	0.590169
0.599970	0.590169	0.592260	0.582839
0.592260	0.582839	0.585401	0.576334
0.585401	0.576334	0.578315	0.569515
0.578315	0.569515	0.570449	0.562036
0.570449	0.562036	0.562832	0.554856
0.562832	0.554856	0.555482	0.547956
0.555482	0.547956	0.547821	0.540836
0.547821	0.540836	0.539928	0.533273
0.539928	0.533273	0.531975	0.525582
0.531975	0.525582	0.524910	0.518844
0.524910	0.518844	0.517269	0.511347
0.517269	0.511347	0.509470	0.503917
0.509470	0.503917	0.502498	0.497309
0.502498	0.497309	0.495162	0.490051
0.495162	0.490051	0.488249	0.483543
0.488249	0.483543	0.481253	0.476823
0.481253	0.476823	0.474254	0.470048
0.474254	0.470048	0.467315	0.463078
0.467315	0.463078	0.459953	0.455687
0.459953	0.455687	0.452044	0.447722
0.452044	0.447722	0.444375	0.440121
0.444375	0.440121	0.437532	0.433383
0.437532	0.433383	0.431270	0.427130
0.431270	0.427130	0.425920	0.422042
0.425920	0.422042	0.419520	0.415796
0.419520	0.415796	0.413238	0.409576
0.413238	0.409576	0.406501	0.402895
0.406501	0.402895	0.399595	0.395951
0.399595	0.395951	0.393135	0.389781
0.393135	0.389781	0.386349	0.383335
0.386349	0.383335	0.379661	0.376641
0.379661	0.376641	0.373895	0.371076
0.373895	0.371076	0.367251	0.364595
0.367251	0.364595	0.360714	0.357968
0.360714	0.357968	0.354974	0.352267
0.354974	0.352267	0.349525	0.346895
0.349525	0.346895	0.343441	0.340925
0.343441	0.340925	0.336574	0.334107
0.336574	0.334107	0.330598	0.328213
0.330598	0.328213	0.324645	0.322296
0.324645	0.322296	0.319077	0.316755
0.319077	0.316755	0.312451	0.310062
0.312451	0.310062	0.306207	0.303871
0.306207	0.303871	0.300217	0.297991
0.300217	0.297991	0.294548	0.292354
0.294548	0.292354	0.288747	0.286671
0.288747	0.286671	0.283379	0.281340
0.283379	0.281340	0.277882	0.275862
0.277882	0.275862	0.272009	0.270179
0.272009	0.270179	0.266886	0.265075
0.266886	0.265075	0.261614	0.259960
0.261614	0.259960	0.256384	0.254741
0.256384	0.254741	0.251444	0.249892
0.251444	0.249892	0.246167	0.244694
0.246167	0.244694	0.241298	0.239800
0.241298	0.239800	0.236986	0.235469
0.236986	0.235469	0.232765	0.231352
0.232765	0.231352	0.228094	0.226625
0.228094	0.226625	0.222709	0.221366
0.222709	0.221366	0.217416	0.216081
0.217416	0.216081	0.212755	0.211473
0.212755	0.211473	0.208352	0.207114
0.208352	0.207114	0.203095	0.201930
0.203095	0.201930	0.197989	0.196706
0.197989	0.196706	0.193739	0.192508
0.193739	0.192508	0.189661	0.188490
0.189661	0.188490	0.185071	0.183973
0.185071	0.183973	0.180539	0.179465
0.180539	0.179465	0.175996	0.174969
0.175996	0.174969	0.171803	0.170802
0.171803	0.170802	0.167629	0.166637
0.167629	0.166637	0.164074	0.163151
0.164074	0.163151	0.160441	0.159524
0.160441	0.159524	0.156796	0.155881
0.156796	0.155881	0.153548	0.152725
0.153548	0.152725	0.150023	0.149272
0.150023	0.149272	0.146419	0.145730
0.146419	0.145730	0.143287	0.142688
0.143287	0.142688	0.140162	0.139638
0.140162	0.139638	0.136587	0.136037
0.136587	0.136037	0.133556	0.133036
0.133556	0.133036	0.130407	0.129889
0.130407	0.129889	0.127060	0.126553
0.127060	0.126553	0.124366	0.123792
0.124366	0.123792	0.121240	0.120628
0.121240	0.120628	0.118657	0.118086
0.118657	0.118086	0.115917	0.115349
0.115917	0.115349	0.113497	0.112935
0.113497	0.112935	0.110653	0.110088
0.110653	0.110088	0.108374	0.107759
0.108374	0.107759	0.105713	0.105156
0.105713	0.105156	0.102991	0.102454
0.102991	0.102454	0.100393	0.099887
0.100393	0.099887	0.097909	0.097378
0.097909	0.097378	0.095418	0.094936
0.095418	0.094936	0.093109	0.092620
0.093109	0.092620	0.090655	0.090204
0.090655	0.090204	0.088468	0.088070
0.088468	0.088070	0.085894	0.085571
0.085894	0.085571	0.083556	0.083331
0.083556	0.083331	0.080831	0.080647
0.080831	0.080647	0.078652	0.078478
0.078652	0.078478	0.076414	0.076245
0.076414	0.076245	0.074519	0.074405
0.074519	0.074405	0.072413	0.072340
0.072413	0.072340	0.070350	0.070281
0.070350	0.070281	0.068211	0.068159
0.068211	0.068159	0.066582	0.066544
0.066582	0.066544	0.064399	0.064324
0.064399	0.064324	0.062357	0.062252
0.062357	0.062252	0.060470	0.060382
0.060470	0.060382	0.058641	0.058535
0.058641	0.058535	0.057023	0.056952
0.057023	0.056952	0.055294	0.055240
