0.299422	0.100076	0.412991	0.106254
0.412991	0.106254	0.442230	0.128428
0.442230	0.128428	0.465099	0.165649
0.465099	0.165649	0.497754	0.216657
0.497754	0.216657	0.542778	0.277519
0.542778	0.277519	0.600926	0.347186
0.600926	0.347186	0.667877	0.420292
0.667877	0.420292	0.738316	0.493057
0.738316	0.493057	0.804823	0.559729
0.804823	0.559729	0.863002	0.615864
0.863002	0.615864	0.910703	0.660098
0.910703	0.660098	0.945117	0.691211
0.945117	0.691211	0.968105	0.713712
0.968105	0.713712	0.982818	0.726365
0.982818	0.726365	0.990639	0.734120
0.990639	0.734120	0.994796	0.737934
0.994796	0.737934	0.996919	0.740153
0.996919	0.740153	0.998139	0.741933
0.998139	0.741933	0.998880	0.741984
0.998880	0.741984	0.999311	0.741945
0.999311	0.741945	0.999557	0.740928
0.999557	0.740928	0.999643	0.740548
0.999643	0.740548	0.999758	0.738988
0.999758	0.738988	0.999792	0.741489
0.999792	0.741489	0.999827	0.741908
0.999827	0.741908	0.999845	0.741823
0.999845	0.741823	0.999872	0.740036
0.999872	0.740036	0.999878	0.741067
0.999878	0.741067	0.999931	0.740362
0.999931	0.740362	0.999953	0.739917
0.999953	0.739917	0.999958	0.740161
0.999958	0.740161	0.999958	0.739503
0.999958	0.739503	0.999977	0.739383
0.999977	0.739383	0.999990	0.738733
0.999990	0.738733	0.999987	0.739605
0.999987	0.739605	0.999991	0.740365
0.999991	0.740365	0.999990	0.740971
0.999990	0.740971	0.999995	0.739893
0.999995	0.739893	1.000000	0.738488
1.000000	0.738488	1.000000	0.737973
1.000000	0.737973	1.000000	0.738388
1.000000	0.738388	1.000000	0.738385
1.000000	0.738385	1.000000	0.738721
1.000000	0.738721	1.000000	0.738432
1.000000	0.738432	1.000000	0.738826
1.000000	0.738826	1.000000	0.739120
1.000000	0.739120	1.000000	0.738023
1.000000	0.738023	1.000000	0.738662
1.000000	0.738662	1.000000	0.738417
1.000000	0.738417	1.000000	0.739321
1.000000	0.739321	1.000000	0.740137
1.000000	0.740137	1.000000	0.739113
1.000000	0.739113	1.000000	0.738975
1.000000	0.738975	1.000000	0.740521
1.000000	0.740521	1.000000	0.740730
1.000000	0.740730	1.000000	0.740091
1.000000	0.740091	1.000000	0.740424
1.000000	0.740424	1.000000	0.742369
1.000000	0.742369	1.000000	0.742305
1.000000	0.742305	1.000000	0.742931
1.000000	0.742931	1.000000	0.743173
1.000000	0.743173	1.000000	0.741954
1.000000	0.741954	1.000000	0.741420
1.000000	0.741420	1.000000	0.740392
1.000000	0.740392	1.000000	0.739528
1.000000	0.739528	1.000000	0.739423
1.000000	0.739423	1.000000	0.740213
1.000000	0.740213	1.000000	0.740326
1.000000	0.740326	1.000000	0.740524
1.000000	0.740524	1.000000	0.740197
1.000000	0.740197	1.000000	0.741125
1.000000	0.741125	1.000000	0.740848
1.000000	0.740848	1.000000	0.738725
1.000000	0.738725	1.000000	0.738823
1.000000	0.738823	1.000000	0.737236
1.000000	0.737236	1.000000	0.738391
1.000000	0.738391	1.000000	0.737254
1.000000	0.737254	1.000000	0.736769
1.000000	0.736769	1.000000	0.736209
1.000000	0.736209	1.000000	0.735783
1.000000	0.735783	1.000000	0.736881
1.000000	0.736881	1.000000	0.737660
1.000000	0.737660	1.000000	0.735251
1.000000	0.735251	1.000000	0.735329
1.000000	0.735329	1.000000	0.734385
1.000000	0.734385	1.000000	0.734821
1.000000	0.734821	1.000000	0.735161
1.000000	0.735161	1.000000	0.734873
1.000000	0.734873	1.000000	0.734262
1.000000	0.734262	1.000000	0.733093
1.000000	0.733093	1.000000	0.733717
1.000000	0.733717	1.000000	0.733699
1.000000	0.733699	1.000000	0.734486
1.000000	0.734486	1.000000	0.735246
1.000000	0.735246	1.000000	0.735819
1.000000	0.735819	1.000000	0.736573
1.000000	0.736573	1.000000	0.737211
1.000000	0.737211	1.000000	0.736501
1.000000	0.736501	1.000000	0.736625
1.000000	0.736625	1.000000	0.736494
1.000000	0.736494	1.000000	0.736904
1.000000	0.736904	1.000000	0.738534
1.000000	0.738534	1.000000	0.737382
1.000000	0.737382	1.000000	0.736761
1.000000	0.736761	1.000000	0.734836
1.000000	0.734836	1.000000	0.733634
1.000000	0.733634	1.000000	0.733918
1.000000	0.733918	1.000000	0.733683
1.000000	0.733683	1.000000	0.732859
1.000000	0.732859	1.000000	0.732725
1.000000	0.732725	1.000000	0.733681
1.000000	0.733681	1.000000	0.733630
1.000000	0.733630	1.000000	0.731999
1.000000	0.731999	1.000000	0.732131
1.000000	0.732131	1.000000	0.731675
1.000000	0.731675	1.000000	0.733213
1.000000	0.733213	1.000000	0.732739
1.000000	0.732739	1.000000	0.733469
1.000000	0.733469	1.000000	0.733252
1.000000	0.733252	1.000000	0.734162
1.000000	0.734162	1.000000	0.734357
1.000000	0.734357	1.000000	0.733321
1.000000	0.733321	1.000000	0.733925
1.000000	0.733925	1.000000	0.734566
1.000000	0.734566	1.000000	0.734320
1.000000	0.734320	1.000000	0.734826
1.000000	0.734826	1.000000	0.735031
1.000000	0.735031	1.000000	0.735571
1.000000	0.735571	1.000000	0.734870
1.000000	0.734870	1.000000	0.734365
1.000000	0.734365	1.000000	0.732371
1.000000	0.732371	1.000000	0.732513
1.000000	0.732513	1.000000	0.733051
1.000000	0.733051	1.000000	0.733448
1.000000	0.733448	1.000000	0.732824
1.000000	0.732824	1.000000	0.731999
1.000000	0.731999	1.000000	0.731918
1.000000	0.731918	1.000000	0.732726
1.000000	0.732726	1.000000	0.732456
1.000000	0.732456	1.000000	0.733036
1.000000	0.733036	1.000000	0.733323
1.000000	0.733323	1.000000	0.733070
1.000000	0.733070	1.000000	0.734256
1.000000	0.734256	1.000000	0.735261
1.000000	0.735261	1.000000	0.735060
1.000000	0.735060	1.000000	0.737035
1.000000	0.737035	1.000000	0.737627
1.000000	0.737627	1.000000	0.737665
1.000000	0.737665	1.000000	0.740685
1.000000	0.740685	1.000000	0.740098
1.000000	0.740098	1.000000	0.741727
1.000000	0.741727	1.000000	0.741628
1.000000	0.741628	1.000000	0.741312
1.000000	0.741312	1.000000	0.742095
1.000000	0.742095	1.000000	0.740470
1.000000	0.740470	1.000000	0.739219
1.000000	0.739219	1.000000	0.739733
1.000000	0.739733	1.000000	0.740070
1.000000	0.740070	1.000000	0.738532
1.000000	0.738532	1.000000	0.740020
1.000000	0.740020	1.000000	0.740034
1.000000	0.740034	1.000000	0.739479
1.000000	0.739479	1.000000	0.738737
1.000000	0.738737	1.000000	0.739129
1.000000	0.739129	1.000000	0.741339
1.000000	0.741339	1.000000	0.740351
1.000000	0.740351	1.000000	0.740008
1.000000	0.740008	1.000000	0.740264
1.000000	0.740264	1.000000	0.740978
1.000000	0.740978	1.000000	0.741214
1.000000	0.741214	1.000000	0.740987
1.000000	0.740987	1.000000	0.742014
1.000000	0.742014	1.000000	0.742270
1.000000	0.742270	1.000000	0.741598
1.000000	0.741598	1.000000	0.741743
1.000000	0.741743	1.000000	0.742165
1.000000	0.742165	1.000000	0.742300
1.000000	0.742300	1.000000	0.742250
1.000000	0.742250	1.000000	0.741972
1.000000	0.741972	1.000000	0.740968
1.000000	0.740968	1.000000	0.741519
1.000000	0.741519	1.000000	0.741188
1.000000	0.741188	1.000000	0.741335
1.000000	0.741335	1.000000	0.742150
1.000000	0.742150	1.000000	0.741543
1.000000	0.741543	1.000000	0.741577
1.000000	0.741577	1.000000	0.742169
1.000000	0.742169	1.000000	0.742287
1.000000	0.742287	1.000000	0.743314
1.000000	0.743314	1.000000	0.742643
1.000000	0.742643	1.000000	0.743795
1.000000	0.743795	1.000000	0.743467
1.000000	0.743467	1.000000	0.744106
1.000000	0.744106	1.000000	0.743437
1.000000	0.743437	1.000000	0.742037
1.000000	0.742037	1.000000	0.741734
1.000000	0.741734	1.000000	0.741707
1.000000	0.741707	1.000000	0.741747
1.000000	0.741747	1.000000	0.743337
0.299633	0.199744	0.529111	0.212005
0.529111	0.212005	0.625915	0.249347
0.625915	0.249347	0.687340	0.296403
0.687340	0.296403	0.740391	0.348089
0.740391	0.348089	0.786053	0.394855
0.786053	0.394855	0.830479	0.442491
0.830479	0.442491	0.870021	0.483645
0.870021	0.483645	0.903420	0.518159
0.903420	0.518159	0.929668	0.543831
0.929668	0.543831	0.949461	0.564279
0.949461	0.564279	0.964223	0.578284
0.964223	0.578284	0.974374	0.588673
0.974374	0.588673	0.981479	0.595155
0.981479	0.595155	0.986424	0.599141
0.986424	0.599141	0.990207	0.601452
0.990207	0.601452	0.992608	0.604607
0.992608	0.604607	0.994431	0.604931
0.994431	0.604931	0.995949	0.606914
0.995949	0.606914	0.996980	0.607061
0.996980	0.607061	0.997612	0.608033
0.997612	0.608033	0.998228	0.608570
0.998228	0.608570	0.998588	0.609192
0.998588	0.609192	0.998801	0.608365
0.998801	0.608365	0.998992	0.607251
0.998992	0.607251	0.999127	0.608896
0.999127	0.608896	0.999355	0.609296
0.999355	0.609296	0.999420	0.609201
0.999420	0.609201	0.999454	0.609519
0.999454	0.609519	0.999487	0.609302
0.999487	0.609302	0.999582	0.610616
0.999582	0.610616	0.999696	0.609499
0.999696	0.609499	0.999776	0.610412
0.999776	0.610412	0.999783	0.608374
0.999783	0.608374	0.999814	0.609709
0.999814	0.609709	0.999813	0.609198
0.999813	0.609198	0.999846	0.609924
0.999846	0.609924	0.999893	0.611347
0.999893	0.611347	0.999898	0.611155
0.999898	0.611155	0.999923	0.612914
0.999923	0.612914	0.999922	0.612832
0.999922	0.612832	0.999915	0.612840
0.999915	0.612840	0.999921	0.611375
0.999921	0.611375	0.999927	0.611150
0.999927	0.611150	0.999913	0.611799
0.999913	0.611799	0.999876	0.610136
0.999876	0.610136	0.999859	0.611127
0.999859	0.611127	0.999850	0.610946
0.999850	0.610946	0.999838	0.610394
0.999838	0.610394	0.999829	0.609670
0.999829	0.609670	0.999844	0.610407
0.999844	0.610407	0.999844	0.611294
0.999844	0.611294	0.999814	0.610260
0.999814	0.610260	0.999820	0.610764
0.999820	0.610764	0.999829	0.609762
0.999829	0.609762	0.999851	0.607954
0.999851	0.607954	0.999886	0.609306
0.999886	0.609306	0.999895	0.610201
0.999895	0.610201	0.999919	0.609947
0.999919	0.609947	0.999925	0.610837
0.999925	0.610837	0.999974	0.610723
0.999974	0.610723	0.999990	0.610263
0.999990	0.610263	1.000000	0.611166
1.000000	0.611166	1.000000	0.611741
1.000000	0.611741	1.000000	0.611677
1.000000	0.611677	1.000000	0.610849
1.000000	0.610849	1.000000	0.610470
1.000000	0.610470	1.000000	0.610927
1.000000	0.610927	1.000000	0.612895
1.000000	0.612895	1.000000	0.612396
1.000000	0.612396	1.000000	0.612140
1.000000	0.612140	1.000000	0.612118
1.000000	0.612118	1.000000	0.612513
1.000000	0.612513	1.000000	0.612511
1.000000	0.612511	1.000000	0.612289
1.000000	0.612289	1.000000	0.612217
1.000000	0.612217	1.000000	0.611848
1.000000	0.611848	1.000000	0.614419
1.000000	0.614419	1.000000	0.614488
1.000000	0.614488	1.000000	0.613862
1.000000	0.613862	1.000000	0.613650
1.000000	0.613650	1.000000	0.612761
1.000000	0.612761	1.000000	0.613374
1.000000	0.613374	1.000000	0.613719
1.000000	0.613719	1.000000	0.614935
1.000000	0.614935	1.000000	0.615663
1.000000	0.615663	1.000000	0.613388
1.000000	0.613388	1.000000	0.613341
1.000000	0.613341	1.000000	0.614609
1.000000	0.614609	1.000000	0.614338
1.000000	0.614338	1.000000	0.615639
1.000000	0.615639	1.000000	0.616690
1.000000	0.616690	1.000000	0.617216
1.000000	0.617216	1.000000	0.618177
1.000000	0.618177	1.000000	0.618240
1.000000	0.618240	1.000000	0.618768
1.000000	0.618768	1.000000	0.619388
1.000000	0.619388	1.000000	0.619425
1.000000	0.619425	1.000000	0.619286
1.000000	0.619286	1.000000	0.622715
1.000000	0.622715	1.000000	0.620859
1.000000	0.620859	1.000000	0.621773
1.000000	0.621773	1.000000	0.621254
1.000000	0.621254	1.000000	0.623305
1.000000	0.623305	1.000000	0.623739
1.000000	0.623739	1.000000	0.623320
1.000000	0.623320	1.000000	0.623706
1.000000	0.623706	1.000000	0.624917
1.000000	0.624917	1.000000	0.625070
1.000000	0.625070	1.000000	0.627172
1.000000	0.627172	1.000000	0.627753
1.000000	0.627753	1.000000	0.628027
1.000000	0.628027	1.000000	0.628569
1.000000	0.628569	1.000000	0.630926
1.000000	0.630926	1.000000	0.631223
1.000000	0.631223	1.000000	0.631865
1.000000	0.631865	1.000000	0.632245
1.000000	0.632245	1.000000	0.631668
1.000000	0.631668	1.000000	0.632066
1.000000	0.632066	1.000000	0.632209
1.000000	0.632209	1.000000	0.631467
1.000000	0.631467	1.000000	0.630942
1.000000	0.630942	1.000000	0.631128
1.000000	0.631128	1.000000	0.630854
1.000000	0.630854	1.000000	0.630781
1.000000	0.630781	1.000000	0.632179
1.000000	0.632179	1.000000	0.632430
1.000000	0.632430	1.000000	0.630992
1.000000	0.630992	1.000000	0.632157
1.000000	0.632157	1.000000	0.632437
1.000000	0.632437	1.000000	0.631329
1.000000	0.631329	1.000000	0.631722
1.000000	0.631722	1.000000	0.631719
1.000000	0.631719	1.000000	0.632278
1.000000	0.632278	1.000000	0.633063
1.000000	0.633063	1.000000	0.631971
1.000000	0.631971	1.000000	0.631524
1.000000	0.631524	1.000000	0.633222
1.000000	0.633222	1.000000	0.634434
1.000000	0.634434	1.000000	0.634119
1.000000	0.634119	1.000000	0.633230
1.000000	0.633230	1.000000	0.631850
1.000000	0.631850	1.000000	0.631463
1.000000	0.631463	1.000000	0.630902
1.000000	0.630902	1.000000	0.631111
1.000000	0.631111	1.000000	0.631478
1.000000	0.631478	1.000000	0.630264
1.000000	0.630264	1.000000	0.630148
1.000000	0.630148	1.000000	0.631846
1.000000	0.631846	1.000000	0.633072
1.000000	0.633072	1.000000	0.634721
1.000000	0.634721	1.000000	0.632938
1.000000	0.632938	1.000000	0.633118
1.000000	0.633118	1.000000	0.632877
1.000000	0.632877	1.000000	0.632077
1.000000	0.632077	1.000000	0.631839
1.000000	0.631839	1.000000	0.633592
1.000000	0.633592	1.000000	0.633006
1.000000	0.633006	1.000000	0.631856
1.000000	0.631856	1.000000	0.630584
1.000000	0.630584	1.000000	0.630743
1.000000	0.630743	1.000000	0.630740
1.000000	0.630740	1.000000	0.629876
1.000000	0.629876	1.000000	0.632178
1.000000	0.632178	1.000000	0.632630
1.000000	0.632630	1.000000	0.633045
1.000000	0.633045	1.000000	0.633458
1.000000	0.633458	1.000000	0.635058
1.000000	0.635058	1.000000	0.635621
1.000000	0.635621	1.000000	0.635885
1.000000	0.635885	1.000000	0.635404
1.000000	0.635404	1.000000	0.634458
1.000000	0.634458	1.000000	0.633606
1.000000	0.633606	1.000000	0.633894
1.000000	0.633894	1.000000	0.633630
1.000000	0.633630	1.000000	0.633735
1.000000	0.633735	1.000000	0.634489
1.000000	0.634489	1.000000	0.633504
1.000000	0.633504	1.000000	0.633256
1.000000	0.633256	1.000000	0.632288
1.000000	0.632288	1.000000	0.632171
1.000000	0.632171	1.000000	0.631768
1.000000	0.631768	1.000000	0.632983
1.000000	0.632983	1.000000	0.632954
1.000000	0.632954	1.000000	0.633491
1.000000	0.633491	1.000000	0.631418
1.000000	0.631418	1.000000	0.631311
1.000000	0.631311	1.000000	0.631844
1.000000	0.631844	1.000000	0.631961
1.000000	0.631961	1.000000	0.633035
1.000000	0.633035	1.000000	0.633469
1.000000	0.633469	1.000000	0.632266
1.000000	0.632266	1.000000	0.631446
1.000000	0.631446	1.000000	0.631164
1.000000	0.631164	1.000000	0.631659
1.000000	0.631659	1.000000	0.631206
1.000000	0.631206	1.000000	0.631379
1.000000	0.631379	1.000000	0.631531
1.000000	0.631531	1.000000	0.631049
1.000000	0.631049	1.000000	0.631519
0.299685	0.300055	0.633423	0.318253
0.633423	0.318253	0.763388	0.359700
0.763388	0.359700	0.834397	0.401548
0.834397	0.401548	0.877995	0.435473
0.877995	0.435473	0.910122	0.465779
0.910122	0.465779	0.932254	0.488828
0.932254	0.488828	0.949875	0.506585
0.949875	0.506585	0.962064	0.518793
0.962064	0.518793	0.971372	0.526269
0.971372	0.526269	0.977430	0.533413
0.977430	0.533413	0.982509	0.538887
0.982509	0.538887	0.986231	0.543325
0.986231	0.543325	0.988703	0.546286
0.988703	0.546286	0.991070	0.549240
0.991070	0.549240	0.993008	0.552006
0.993008	0.552006	0.994270	0.553287
0.994270	0.553287	0.995359	0.555817
0.995359	0.555817	0.996025	0.558021
0.996025	0.558021	0.996669	0.557894
0.996669	0.557894	0.997082	0.559732
0.997082	0.559732	0.997477	0.559515
0.997477	0.559515	0.997888	0.559578
0.997888	0.559578	0.998229	0.559466
0.998229	0.559466	0.998578	0.559301
0.998578	0.559301	0.998799	0.557760
0.998799	0.557760	0.998944	0.558053
0.998944	0.558053	0.999060	0.558865
0.999060	0.558865	0.999198	0.557807
0.999198	0.557807	0.999272	0.557542
0.999272	0.557542	0.999358	0.558898
0.999358	0.558898	0.999399	0.558356
0.999399	0.558356	0.999427	0.558634
0.999427	0.558634	0.999405	0.558743
0.999405	0.558743	0.999491	0.559854
0.999491	0.559854	0.999471	0.559608
0.999471	0.559608	0.999465	0.560121
0.999465	0.560121	0.999537	0.558954
0.999537	0.558954	0.999464	0.557123
0.999464	0.557123	0.999443	0.556659
0.999443	0.556659	0.999560	0.557189
0.999560	0.557189	0.999693	0.556887
0.999693	0.556887	0.999687	0.557393
0.999687	0.557393	0.999782	0.557104
0.999782	0.557104	0.999777	0.557016
0.999777	0.557016	0.999861	0.556369
0.999861	0.556369	0.999862	0.555908
0.999862	0.555908	0.999887	0.554793
0.999887	0.554793	0.999907	0.554447
0.999907	0.554447	0.999928	0.555639
0.999928	0.555639	0.999955	0.555652
0.999955	0.555652	0.999984	0.556669
0.999984	0.556669	0.999974	0.555785
0.999974	0.555785	0.999975	0.557088
0.999975	0.557088	0.999987	0.556735
0.999987	0.556735	0.999990	0.556084
0.999990	0.556084	0.999994	0.556622
0.999994	0.556622	0.999989	0.557687
0.999989	0.557687	0.999982	0.558660
0.999982	0.558660	0.999963	0.559933
0.999963	0.559933	0.999940	0.560841
0.999940	0.560841	0.999933	0.561644
0.999933	0.561644	0.999943	0.561817
0.999943	0.561817	0.999947	0.561511
0.999947	0.561511	0.999951	0.561404
0.999951	0.561404	0.999976	0.561252
0.999976	0.561252	0.999989	0.563010
0.999989	0.563010	0.999990	0.562795
0.999990	0.562795	1.000000	0.562235
1.000000	0.562235	1.000000	0.562549
1.000000	0.562549	1.000000	0.563002
1.000000	0.563002	1.000000	0.562018
1.000000	0.562018	1.000000	0.561929
1.000000	0.561929	1.000000	0.561199
1.000000	0.561199	1.000000	0.562137
1.000000	0.562137	1.000000	0.561671
1.000000	0.561671	1.000000	0.561277
1.000000	0.561277	1.000000	0.561170
1.000000	0.561170	1.000000	0.561039
1.000000	0.561039	1.000000	0.560340
1.000000	0.560340	1.000000	0.560695
1.000000	0.560695	1.000000	0.560934
1.000000	0.560934	1.000000	0.559540
1.000000	0.559540	1.000000	0.559537
1.000000	0.559537	1.000000	0.560653
1.000000	0.560653	1.000000	0.559979
1.000000	0.559979	1.000000	0.560194
1.000000	0.560194	1.000000	0.560602
1.000000	0.560602	1.000000	0.560072
1.000000	0.560072	1.000000	0.558806
1.000000	0.558806	1.000000	0.559062
1.000000	0.559062	1.000000	0.559425
1.000000	0.559425	1.000000	0.559127
1.000000	0.559127	1.000000	0.559334
1.000000	0.559334	1.000000	0.560222
1.000000	0.560222	1.000000	0.561107
1.000000	0.561107	1.000000	0.562504
1.000000	0.562504	1.000000	0.563202
1.000000	0.563202	1.000000	0.564429
1.000000	0.564429	1.000000	0.564350
1.000000	0.564350	1.000000	0.562857
1.000000	0.562857	1.000000	0.562094
1.000000	0.562094	1.000000	0.561922
1.000000	0.561922	1.000000	0.560286
1.000000	0.560286	1.000000	0.559052
1.000000	0.559052	1.000000	0.558851
1.000000	0.558851	1.000000	0.559902
1.000000	0.559902	1.000000	0.558732
1.000000	0.558732	1.000000	0.557145
1.000000	0.557145	1.000000	0.556594
1.000000	0.556594	1.000000	0.555632
1.000000	0.555632	1.000000	0.555807
1.000000	0.555807	1.000000	0.556747
1.000000	0.556747	1.000000	0.556965
1.000000	0.556965	1.000000	0.557446
1.000000	0.557446	1.000000	0.557560
1.000000	0.557560	1.000000	0.556502
1.000000	0.556502	1.000000	0.558149
1.000000	0.558149	1.000000	0.557746
1.000000	0.557746	1.000000	0.556247
1.000000	0.556247	1.000000	0.555572
1.000000	0.555572	1.000000	0.554938
1.000000	0.554938	1.000000	0.554075
1.000000	0.554075	1.000000	0.554870
1.000000	0.554870	1.000000	0.555990
1.000000	0.555990	1.000000	0.555036
1.000000	0.555036	1.000000	0.554113
1.000000	0.554113	1.000000	0.555058
1.000000	0.555058	1.000000	0.553663
1.000000	0.553663	1.000000	0.552739
1.000000	0.552739	1.000000	0.551519
1.000000	0.551519	1.000000	0.551059
1.000000	0.551059	1.000000	0.550377
1.000000	0.550377	1.000000	0.551089
1.000000	0.551089	1.000000	0.553269
1.000000	0.553269	1.000000	0.552936
1.000000	0.552936	1.000000	0.553615
1.000000	0.553615	1.000000	0.554432
1.000000	0.554432	1.000000	0.555161
1.000000	0.555161	1.000000	0.555919
1.000000	0.555919	1.000000	0.555523
1.000000	0.555523	1.000000	0.556327
1.000000	0.556327	1.000000	0.556830
1.000000	0.556830	1.000000	0.557614
1.000000	0.557614	1.000000	0.556872
1.000000	0.556872	1.000000	0.556580
1.000000	0.556580	1.000000	0.557012
1.000000	0.557012	1.000000	0.555611
1.000000	0.555611	1.000000	0.554178
1.000000	0.554178	1.000000	0.552818
1.000000	0.552818	1.000000	0.555267
1.000000	0.555267	1.000000	0.554737
1.000000	0.554737	1.000000	0.554632
1.000000	0.554632	1.000000	0.554458
1.000000	0.554458	1.000000	0.554557
1.000000	0.554557	1.000000	0.554320
1.000000	0.554320	1.000000	0.552994
1.000000	0.552994	1.000000	0.552270
1.000000	0.552270	1.000000	0.551098
1.000000	0.551098	1.000000	0.549984
1.000000	0.549984	1.000000	0.550800
1.000000	0.550800	1.000000	0.548844
1.000000	0.548844	1.000000	0.549679
1.000000	0.549679	1.000000	0.549797
1.000000	0.549797	1.000000	0.549355
1.000000	0.549355	1.000000	0.550051
1.000000	0.550051	1.000000	0.550151
1.000000	0.550151	1.000000	0.550496
1.000000	0.550496	1.000000	0.550767
1.000000	0.550767	1.000000	0.550844
1.000000	0.550844	1.000000	0.551791
1.000000	0.551791	1.000000	0.552343
1.000000	0.552343	1.000000	0.551106
1.000000	0.551106	1.000000	0.552625
1.000000	0.552625	1.000000	0.551449
1.000000	0.551449	1.000000	0.551457
1.000000	0.551457	1.000000	0.550534
1.000000	0.550534	1.000000	0.550619
1.000000	0.550619	1.000000	0.551788
1.000000	0.551788	1.000000	0.552066
1.000000	0.552066	1.000000	0.552918
1.000000	0.552918	1.000000	0.550669
1.000000	0.550669	1.000000	0.550199
1.000000	0.550199	1.000000	0.548799
1.000000	0.548799	1.000000	0.546588
1.000000	0.546588	1.000000	0.546172
1.000000	0.546172	1.000000	0.546490
1.000000	0.546490	1.000000	0.548149
1.000000	0.548149	1.000000	0.548364
1.000000	0.548364	1.000000	0.547136
1.000000	0.547136	1.000000	0.546608
1.000000	0.546608	1.000000	0.546142
1.000000	0.546142	1.000000	0.545397
1.000000	0.545397	1.000000	0.546037
1.000000	0.546037	1.000000	0.546397
1.000000	0.546397	1.000000	0.544494
1.000000	0.544494	1.000000	0.545398
1.000000	0.545398	1.000000	0.545411
1.000000	0.545411	1.000000	0.545818
1.000000	0.545818	1.000000	0.545745
0.300037	0.399285	0.722307	0.421140
0.722307	0.421140	0.858591	0.458297
0.858591	0.458297	0.918337	0.490024
0.918337	0.490024	0.947674	0.510298
0.947674	0.510298	0.965071	0.524629
0.965071	0.524629	0.975844	0.536166
0.975844	0.536166	0.983132	0.541691
0.983132	0.541691	0.987321	0.548106
0.987321	0.548106	0.990317	0.550649
0.990317	0.550649	0.992521	0.553627
0.992521	0.553627	0.993872	0.554481
0.993872	0.554481	0.994840	0.555355
0.994840	0.555355	0.995840	0.554642
0.995840	0.554642	0.996644	0.555110
0.996644	0.555110	0.997258	0.556716
0.997258	0.556716	0.997712	0.557787
0.997712	0.557787	0.998013	0.557176
0.998013	0.557176	0.998253	0.557521
0.998253	0.557521	0.998693	0.558174
0.998693	0.558174	0.998883	0.558626
0.998883	0.558626	0.999133	0.558082
0.999133	0.558082	0.999130	0.558308
0.999130	0.558308	0.999323	0.559237
0.999323	0.559237	0.999455	0.559741
0.999455	0.559741	0.999592	0.561214
0.999592	0.561214	0.999619	0.563035
0.999619	0.563035	0.999638	0.561642
0.999638	0.561642	0.999674	0.563604
0.999674	0.563604	0.999708	0.562623
0.999708	0.562623	0.999733	0.562758
0.999733	0.562758	0.999740	0.563230
0.999740	0.563230	0.999743	0.563409
0.999743	0.563409	0.999730	0.563045
0.999730	0.563045	0.999683	0.563419
0.999683	0.563419	0.999780	0.562727
0.999780	0.562727	0.999790	0.562762
0.999790	0.562762	0.999841	0.562281
0.999841	0.562281	0.999805	0.563199
0.999805	0.563199	0.999781	0.563751
0.999781	0.563751	0.999826	0.562332
0.999826	0.562332	0.999820	0.562077
0.999820	0.562077	0.999839	0.562177
0.999839	0.562177	0.999865	0.560171
0.999865	0.560171	0.999876	0.558146
0.999876	0.558146	0.999926	0.559919
0.999926	0.559919	0.999956	0.562189
0.999956	0.562189	0.999976	0.561015
0.999976	0.561015	0.999995	0.561843
0.999995	0.561843	1.000000	0.560162
1.000000	0.560162	1.000000	0.559546
1.000000	0.559546	1.000000	0.559262
1.000000	0.559262	1.000000	0.558432
1.000000	0.558432	1.000000	0.559531
1.000000	0.559531	1.000000	0.560662
1.000000	0.560662	1.000000	0.561154
1.000000	0.561154	1.000000	0.561079
1.000000	0.561079	1.000000	0.560685
1.000000	0.560685	1.000000	0.561373
1.000000	0.561373	1.000000	0.559779
1.000000	0.559779	1.000000	0.559653
1.000000	0.559653	1.000000	0.559551
1.000000	0.559551	1.000000	0.559212
1.000000	0.559212	1.000000	0.559975
1.000000	0.559975	1.000000	0.559079
1.000000	0.559079	1.000000	0.561928
1.000000	0.561928	1.000000	0.561224
1.000000	0.561224	1.000000	0.560424
1.000000	0.560424	1.000000	0.561296
1.000000	0.561296	1.000000	0.561127
1.000000	0.561127	1.000000	0.562725
1.000000	0.562725	1.000000	0.562865
1.000000	0.562865	1.000000	0.564630
1.000000	0.564630	1.000000	0.564073
1.000000	0.564073	1.000000	0.565389
1.000000	0.565389	1.000000	0.565971
1.000000	0.565971	1.000000	0.566424
1.000000	0.566424	1.000000	0.564399
1.000000	0.564399	1.000000	0.563521
1.000000	0.563521	1.000000	0.563278
1.000000	0.563278	1.000000	0.561891
1.000000	0.561891	1.000000	0.561170
1.000000	0.561170	1.000000	0.558422
1.000000	0.558422	1.000000	0.557133
1.000000	0.557133	1.000000	0.556821
1.000000	0.556821	1.000000	0.556910
1.000000	0.556910	1.000000	0.556622
1.000000	0.556622	1.000000	0.556145
1.000000	0.556145	1.000000	0.556406
1.000000	0.556406	1.000000	0.557685
1.000000	0.557685	1.000000	0.556160
1.000000	0.556160	1.000000	0.557184
1.000000	0.557184	1.000000	0.558930
1.000000	0.558930	1.000000	0.557842
1.000000	0.557842	1.000000	0.559076
1.000000	0.559076	1.000000	0.559012
1.000000	0.559012	1.000000	0.557284
1.000000	0.557284	1.000000	0.555930
1.000000	0.555930	1.000000	0.555898
1.000000	0.555898	1.000000	0.555549
1.000000	0.555549	1.000000	0.556299
1.000000	0.556299	1.000000	0.555605
1.000000	0.555605	1.000000	0.555366
1.000000	0.555366	1.000000	0.557123
1.000000	0.557123	1.000000	0.557372
1.000000	0.557372	1.000000	0.555485
1.000000	0.555485	1.000000	0.554193
1.000000	0.554193	1.000000	0.552660
1.000000	0.552660	1.000000	0.552073
1.000000	0.552073	1.000000	0.551955
1.000000	0.551955	1.000000	0.552037
1.000000	0.552037	1.000000	0.553644
1.000000	0.553644	1.000000	0.554804
1.000000	0.554804	1.000000	0.554537
1.000000	0.554537	1.000000	0.555318
1.000000	0.555318	1.000000	0.553891
1.000000	0.553891	1.000000	0.555228
1.000000	0.555228	1.000000	0.556260
1.000000	0.556260	1.000000	0.554774
1.000000	0.554774	1.000000	0.554622
1.000000	0.554622	1.000000	0.554537
1.000000	0.554537	1.000000	0.553812
1.000000	0.553812	1.000000	0.554054
1.000000	0.554054	1.000000	0.553980
1.000000	0.553980	1.000000	0.553722
1.000000	0.553722	1.000000	0.552661
1.000000	0.552661	1.000000	0.552427
1.000000	0.552427	1.000000	0.552974
1.000000	0.552974	1.000000	0.552844
1.000000	0.552844	1.000000	0.553261
1.000000	0.553261	1.000000	0.554215
1.000000	0.554215	1.000000	0.554539
1.000000	0.554539	1.000000	0.554462
1.000000	0.554462	1.000000	0.556153
1.000000	0.556153	1.000000	0.555677
1.000000	0.555677	1.000000	0.555252
1.000000	0.555252	1.000000	0.555161
1.000000	0.555161	1.000000	0.554148
1.000000	0.554148	1.000000	0.556042
1.000000	0.556042	1.000000	0.556608
1.000000	0.556608	1.000000	0.556034
1.000000	0.556034	1.000000	0.555511
1.000000	0.555511	1.000000	0.556033
1.000000	0.556033	1.000000	0.556300
1.000000	0.556300	1.000000	0.555691
1.000000	0.555691	1.000000	0.555855
1.000000	0.555855	1.000000	0.555981
1.000000	0.555981	1.000000	0.555618
1.000000	0.555618	1.000000	0.556074
1.000000	0.556074	1.000000	0.555826
1.000000	0.555826	1.000000	0.555092
1.000000	0.555092	1.000000	0.555269
1.000000	0.555269	1.000000	0.555573
1.000000	0.555573	1.000000	0.557412
1.000000	0.557412	1.000000	0.557004
1.000000	0.557004	1.000000	0.557394
1.000000	0.557394	1.000000	0.554751
1.000000	0.554751	1.000000	0.554489
1.000000	0.554489	1.000000	0.555775
1.000000	0.555775	1.000000	0.555718
1.000000	0.555718	1.000000	0.554143
1.000000	0.554143	1.000000	0.553250
1.000000	0.553250	1.000000	0.553328
1.000000	0.553328	1.000000	0.553138
1.000000	0.553138	1.000000	0.554010
1.000000	0.554010	1.000000	0.554757
1.000000	0.554757	1.000000	0.554789
1.000000	0.554789	1.000000	0.553146
1.000000	0.553146	1.000000	0.553719
1.000000	0.553719	1.000000	0.553602
1.000000	0.553602	1.000000	0.552928
1.000000	0.552928	1.000000	0.553538
1.000000	0.553538	1.000000	0.554757
1.000000	0.554757	1.000000	0.554042
1.000000	0.554042	1.000000	0.555802
1.000000	0.555802	1.000000	0.555568
1.000000	0.555568	1.000000	0.554721
1.000000	0.554721	1.000000	0.556302
1.000000	0.556302	1.000000	0.554900
1.000000	0.554900	1.000000	0.556196
1.000000	0.556196	1.000000	0.556989
1.000000	0.556989	1.000000	0.557267
1.000000	0.557267	1.000000	0.557255
1.000000	0.557255	1.000000	0.556454
1.000000	0.556454	1.000000	0.557251
1.000000	0.557251	1.000000	0.557750
1.000000	0.557750	1.000000	0.556904
1.000000	0.556904	1.000000	0.556018
1.000000	0.556018	1.000000	0.555973
1.000000	0.555973	1.000000	0.557235
1.000000	0.557235	1.000000	0.558142
1.000000	0.558142	1.000000	0.558946
1.000000	0.558946	1.000000	0.557901
1.000000	0.557901	1.000000	0.559206
1.000000	0.559206	1.000000	0.558879
1.000000	0.558879	1.000000	0.560661
1.000000	0.560661	1.000000	0.561630
1.000000	0.561630	1.000000	0.561144
1.000000	0.561144	1.000000	0.562143
1.000000	0.562143	1.000000	0.563664
0.300269	0.499792	0.795721	0.521827
0.795721	0.521827	0.920652	0.552466
0.920652	0.552466	0.962420	0.571785
0.962420	0.571785	0.979203	0.583253
0.979203	0.583253	0.987395	0.587968
0.987395	0.587968	0.991694	0.590996
0.991694	0.590996	0.994253	0.594411
0.994253	0.594411	0.995615	0.597209
0.995615	0.597209	0.996956	0.598757
0.996956	0.598757	0.997682	0.602456
0.997682	0.602456	0.998371	0.601255
0.998371	0.601255	0.998597	0.601502
0.998597	0.601502	0.998755	0.603443
0.998755	0.603443	0.998945	0.603996
0.998945	0.603996	0.999159	0.604935
0.999159	0.604935	0.999266	0.604779
0.999266	0.604779	0.999484	0.604176
0.999484	0.604176	0.999574	0.604345
0.999574	0.604345	0.999652	0.603774
0.999652	0.603774	0.999708	0.604498
0.999708	0.604498	0.999801	0.603852
0.999801	0.603852	0.999859	0.604635
0.999859	0.604635	0.999916	0.603574
0.999916	0.603574	0.999931	0.604193
0.999931	0.604193	0.999949	0.604758
0.999949	0.604758	0.999958	0.605687
0.999958	0.605687	0.999961	0.603242
0.999961	0.603242	0.999968	0.603746
0.999968	0.603746	0.999976	0.602421
0.999976	0.602421	0.999972	0.602820
0.999972	0.602820	0.999987	0.602513
0.999987	0.602513	0.999986	0.602056
0.999986	0.602056	0.999983	0.602767
0.999983	0.602767	0.999989	0.603866
0.999989	0.603866	0.999993	0.603703
0.999993	0.603703	0.999994	0.602146
0.999994	0.602146	0.999990	0.598910
0.999990	0.598910	0.999993	0.598155
0.999993	0.598155	0.999990	0.599569
0.999990	0.599569	0.999997	0.599171
0.999997	0.599171	0.999992	0.601212
0.999992	0.601212	0.999978	0.600026
0.999978	0.600026	0.999970	0.599948
0.999970	0.599948	0.999978	0.598429
0.999978	0.598429	0.999981	0.598623
0.999981	0.598623	0.999984	0.598692
0.999984	0.598692	0.999985	0.598045
0.999985	0.598045	0.999989	0.598185
0.999989	0.598185	0.999984	0.598044
0.999984	0.598044	0.999972	0.598825
0.999972	0.598825	0.999985	0.598751
0.999985	0.598751	0.999991	0.599547
0.999991	0.599547	0.999993	0.601598
0.999993	0.601598	0.999991	0.601614
0.999991	0.601614	0.999990	0.599573
0.999990	0.599573	0.999970	0.599905
0.999970	0.599905	0.999962	0.600955
0.999962	0.600955	0.999979	0.601407
0.999979	0.601407	0.999996	0.602303
0.999996	0.602303	0.999999	0.602438
0.999999	0.602438	0.999997	0.602800
0.999997	0.602800	0.999994	0.603005
0.999994	0.603005	1.000000	0.603923
1.000000	0.603923	1.000000	0.602670
1.000000	0.602670	1.000000	0.602977
1.000000	0.602977	1.000000	0.602250
1.000000	0.602250	1.000000	0.602870
1.000000	0.602870	1.000000	0.600613
1.000000	0.600613	1.000000	0.600168
1.000000	0.600168	1.000000	0.601158
1.000000	0.601158	1.000000	0.599948
1.000000	0.599948	1.000000	0.599907
1.000000	0.599907	1.000000	0.599802
1.000000	0.599802	1.000000	0.598962
1.000000	0.598962	1.000000	0.597239
1.000000	0.597239	1.000000	0.596095
1.000000	0.596095	1.000000	0.595181
1.000000	0.595181	1.000000	0.596245
1.000000	0.596245	1.000000	0.596851
1.000000	0.596851	1.000000	0.595987
1.000000	0.595987	1.000000	0.596991
1.000000	0.596991	1.000000	0.595624
1.000000	0.595624	1.000000	0.594188
1.000000	0.594188	1.000000	0.594202
1.000000	0.594202	1.000000	0.593553
1.000000	0.593553	1.000000	0.592533
1.000000	0.592533	1.000000	0.593265
1.000000	0.593265	1.000000	0.592934
1.000000	0.592934	1.000000	0.593212
1.000000	0.593212	1.000000	0.593249
1.000000	0.593249	1.000000	0.593739
1.000000	0.593739	1.000000	0.593704
1.000000	0.593704	1.000000	0.593919
1.000000	0.593919	1.000000	0.592839
1.000000	0.592839	1.000000	0.594187
1.000000	0.594187	1.000000	0.593835
1.000000	0.593835	1.000000	0.593187
1.000000	0.593187	1.000000	0.593356
1.000000	0.593356	1.000000	0.592772
1.000000	0.592772	1.000000	0.593354
1.000000	0.593354	1.000000	0.593466
1.000000	0.593466	1.000000	0.593621
1.000000	0.593621	1.000000	0.592067
1.000000	0.592067	1.000000	0.593513
1.000000	0.593513	1.000000	0.595002
1.000000	0.595002	1.000000	0.595276
1.000000	0.595276	1.000000	0.595114
1.000000	0.595114	1.000000	0.595073
1.000000	0.595073	1.000000	0.595328
1.000000	0.595328	1.000000	0.594140
1.000000	0.594140	1.000000	0.594971
1.000000	0.594971	1.000000	0.593793
1.000000	0.593793	1.000000	0.596581
1.000000	0.596581	1.000000	0.595904
1.000000	0.595904	1.000000	0.596483
1.000000	0.596483	1.000000	0.596101
1.000000	0.596101	1.000000	0.595237
1.000000	0.595237	1.000000	0.594954
1.000000	0.594954	1.000000	0.595857
1.000000	0.595857	1.000000	0.595215
1.000000	0.595215	1.000000	0.594049
1.000000	0.594049	1.000000	0.594519
1.000000	0.594519	1.000000	0.595322
1.000000	0.595322	1.000000	0.595105
1.000000	0.595105	1.000000	0.595031
1.000000	0.595031	1.000000	0.595834
1.000000	0.595834	1.000000	0.597956
1.000000	0.597956	1.000000	0.598148
1.000000	0.598148	1.000000	0.598876
1.000000	0.598876	1.000000	0.599606
1.000000	0.599606	1.000000	0.600613
1.000000	0.600613	1.000000	0.601998
1.000000	0.601998	1.000000	0.603402
1.000000	0.603402	1.000000	0.603859
1.000000	0.603859	1.000000	0.603456
1.000000	0.603456	1.000000	0.603705
1.000000	0.603705	1.000000	0.602512
1.000000	0.602512	1.000000	0.603533
1.000000	0.603533	1.000000	0.603152
1.000000	0.603152	1.000000	0.603372
1.000000	0.603372	1.000000	0.604584
1.000000	0.604584	1.000000	0.606630
1.000000	0.606630	1.000000	0.607243
1.000000	0.607243	1.000000	0.607831
1.000000	0.607831	1.000000	0.607517
1.000000	0.607517	1.000000	0.606936
1.000000	0.606936	1.000000	0.605387
1.000000	0.605387	1.000000	0.605343
1.000000	0.605343	1.000000	0.604745
1.000000	0.604745	1.000000	0.604092
1.000000	0.604092	1.000000	0.604057
1.000000	0.604057	1.000000	0.604828
1.000000	0.604828	1.000000	0.604081
1.000000	0.604081	1.000000	0.602619
1.000000	0.602619	1.000000	0.602342
1.000000	0.602342	1.000000	0.602422
1.000000	0.602422	1.000000	0.602604
1.000000	0.602604	1.000000	0.603036
1.000000	0.603036	1.000000	0.603682
1.000000	0.603682	1.000000	0.603673
1.000000	0.603673	1.000000	0.603383
1.000000	0.603383	1.000000	0.604189
1.000000	0.604189	1.000000	0.606018
1.000000	0.606018	1.000000	0.606175
1.000000	0.606175	1.000000	0.605905
1.000000	0.605905	1.000000	0.606651
1.000000	0.606651	1.000000	0.606130
1.000000	0.606130	1.000000	0.605060
1.000000	0.605060	1.000000	0.604864
1.000000	0.604864	1.000000	0.606004
1.000000	0.606004	1.000000	0.605377
1.000000	0.605377	1.000000	0.604592
1.000000	0.604592	1.000000	0.604878
1.000000	0.604878	1.000000	0.604690
1.000000	0.604690	1.000000	0.605000
1.000000	0.605000	1.000000	0.605288
1.000000	0.605288	1.000000	0.604389
1.000000	0.604389	1.000000	0.604155
1.000000	0.604155	1.000000	0.604418
1.000000	0.604418	1.000000	0.604640
1.000000	0.604640	1.000000	0.604500
1.000000	0.604500	1.000000	0.606036
1.000000	0.606036	1.000000	0.606332
1.000000	0.606332	1.000000	0.606696
1.000000	0.606696	1.000000	0.607325
1.000000	0.607325	1.000000	0.606584
1.000000	0.606584	1.000000	0.606459
1.000000	0.606459	1.000000	0.607476
1.000000	0.607476	1.000000	0.607217
1.000000	0.607217	1.000000	0.607609
1.000000	0.607609	1.000000	0.607485
1.000000	0.607485	1.000000	0.608050
1.000000	0.608050	1.000000	0.609019
1.000000	0.609019	1.000000	0.609816
1.000000	0.609816	1.000000	0.609852
1.000000	0.609852	1.000000	0.609631
1.000000	0.609631	1.000000	0.610268
1.000000	0.610268	1.000000	0.610235
1.000000	0.610235	1.000000	0.611424
0.300110	0.600137	0.854300	0.620438
0.854300	0.620438	0.958622	0.644382
0.958622	0.644382	0.984421	0.654370
0.984421	0.654370	0.993114	0.659228
0.993114	0.659228	0.996112	0.662357
0.996112	0.662357	0.997513	0.662784
0.997513	0.662784	0.998332	0.664970
0.998332	0.664970	0.998933	0.664320
0.998933	0.664320	0.999351	0.664378
0.999351	0.664378	0.999549	0.665264
0.999549	0.665264	0.999782	0.663951
0.999782	0.663951	0.999833	0.663731
0.999833	0.663731	0.999850	0.663550
0.999850	0.663550	0.999909	0.661924
0.999909	0.661924	0.999905	0.661415
0.999905	0.661415	0.999902	0.661884
0.999902	0.661884	0.999918	0.663067
0.999918	0.663067	0.999946	0.662904
0.999946	0.662904	0.999963	0.663156
0.999963	0.663156	0.999973	0.664170
0.999973	0.664170	0.999996	0.664300
0.999996	0.664300	0.999998	0.663702
0.999998	0.663702	1.000000	0.663514
1.000000	0.663514	1.000000	0.664408
1.000000	0.664408	1.000000	0.665062
1.000000	0.665062	1.000000	0.664377
1.000000	0.664377	1.000000	0.665837
1.000000	0.665837	1.000000	0.665351
1.000000	0.665351	1.000000	0.665154
1.000000	0.665154	1.000000	0.664815
1.000000	0.664815	1.000000	0.664380
1.000000	0.664380	1.000000	0.662917
1.000000	0.662917	1.000000	0.663698
1.000000	0.663698	1.000000	0.664277
1.000000	0.664277	1.000000	0.663363
1.000000	0.663363	1.000000	0.664171
1.000000	0.664171	1.000000	0.663424
1.000000	0.663424	1.000000	0.662739
1.000000	0.662739	1.000000	0.662556
1.000000	0.662556	1.000000	0.663182
1.000000	0.663182	1.000000	0.662856
1.000000	0.662856	1.000000	0.662939
1.000000	0.662939	1.000000	0.662447
1.000000	0.662447	1.000000	0.661080
1.000000	0.661080	1.000000	0.660864
1.000000	0.660864	1.000000	0.661165
1.000000	0.661165	1.000000	0.662585
1.000000	0.662585	1.000000	0.661008
1.000000	0.661008	1.000000	0.661043
1.000000	0.661043	1.000000	0.660004
1.000000	0.660004	1.000000	0.660685
1.000000	0.660685	1.000000	0.660631
1.000000	0.660631	1.000000	0.658891
1.000000	0.658891	1.000000	0.658668
1.000000	0.658668	1.000000	0.658109
1.000000	0.658109	1.000000	0.656716
1.000000	0.656716	1.000000	0.656779
1.000000	0.656779	1.000000	0.656601
1.000000	0.656601	1.000000	0.657004
1.000000	0.657004	1.000000	0.655709
1.000000	0.655709	1.000000	0.657819
1.000000	0.657819	1.000000	0.658062
1.000000	0.658062	1.000000	0.658109
1.000000	0.658109	1.000000	0.658615
1.000000	0.658615	1.000000	0.657924
1.000000	0.657924	1.000000	0.660039
1.000000	0.660039	1.000000	0.659259
1.000000	0.659259	1.000000	0.660295
1.000000	0.660295	1.000000	0.660036
1.000000	0.660036	1.000000	0.660886
1.000000	0.660886	1.000000	0.660868
1.000000	0.660868	1.000000	0.661959
1.000000	0.661959	1.000000	0.663244
1.000000	0.663244	1.000000	0.663637
1.000000	0.663637	1.000000	0.662807
1.000000	0.662807	1.000000	0.661023
1.000000	0.661023	1.000000	0.659378
1.000000	0.659378	1.000000	0.658510
1.000000	0.658510	1.000000	0.658679
1.000000	0.658679	1.000000	0.658377
1.000000	0.658377	1.000000	0.657660
1.000000	0.657660	1.000000	0.654492
1.000000	0.654492	1.000000	0.654103
1.000000	0.654103	1.000000	0.655393
1.000000	0.655393	1.000000	0.655033
1.000000	0.655033	1.000000	0.655194
1.000000	0.655194	1.000000	0.656300
1.000000	0.656300	1.000000	0.655896
1.000000	0.655896	1.000000	0.654707
1.000000	0.654707	1.000000	0.654799
1.000000	0.654799	1.000000	0.657308
1.000000	0.657308	1.000000	0.659078
1.000000	0.659078	1.000000	0.661801
1.000000	0.661801	1.000000	0.660606
1.000000	0.660606	1.000000	0.659767
1.000000	0.659767	1.000000	0.659124
1.000000	0.659124	1.000000	0.657756
1.000000	0.657756	1.000000	0.657018
1.000000	0.657018	1.000000	0.657759
1.000000	0.657759	1.000000	0.656044
1.000000	0.656044	1.000000	0.654690
1.000000	0.654690	1.000000	0.655565
1.000000	0.655565	1.000000	0.655384
1.000000	0.655384	1.000000	0.655996
1.000000	0.655996	1.000000	0.654811
1.000000	0.654811	1.000000	0.655079
1.000000	0.655079	1.000000	0.654454
1.000000	0.654454	1.000000	0.654577
1.000000	0.654577	1.000000	0.653323
1.000000	0.653323	1.000000	0.649433
1.000000	0.649433	1.000000	0.649255
1.000000	0.649255	1.000000	0.649396
1.000000	0.649396	1.000000	0.647921
1.000000	0.647921	1.000000	0.647674
1.000000	0.647674	1.000000	0.647686
1.000000	0.647686	1.000000	0.646698
1.000000	0.646698	1.000000	0.646940
1.000000	0.646940	1.000000	0.646834
1.000000	0.646834	1.000000	0.646960
1.000000	0.646960	1.000000	0.647872
1.000000	0.647872	1.000000	0.647970
1.000000	0.647970	1.000000	0.647797
1.000000	0.647797	1.000000	0.646910
1.000000	0.646910	1.000000	0.646412
1.000000	0.646412	1.000000	0.647427
1.000000	0.647427	1.000000	0.647706
1.000000	0.647706	1.000000	0.647912
1.000000	0.647912	1.000000	0.647391
1.000000	0.647391	1.000000	0.646898
1.000000	0.646898	1.000000	0.646087
1.000000	0.646087	1.000000	0.645535
1.000000	0.645535	1.000000	0.646370
1.000000	0.646370	1.000000	0.646884
1.000000	0.646884	1.000000	0.647433
1.000000	0.647433	1.000000	0.648721
1.000000	0.648721	1.000000	0.648187
1.000000	0.648187	1.000000	0.649008
1.000000	0.649008	1.000000	0.649454
1.000000	0.649454	1.000000	0.650874
1.000000	0.650874	1.000000	0.648818
1.000000	0.648818	1.000000	0.649870
1.000000	0.649870	1.000000	0.650740
1.000000	0.650740	1.000000	0.649929
1.000000	0.649929	1.000000	0.649611
1.000000	0.649611	1.000000	0.651189
1.000000	0.651189	1.000000	0.650943
1.000000	0.650943	1.000000	0.651470
1.000000	0.651470	1.000000	0.650228
1.000000	0.650228	1.000000	0.650251
1.000000	0.650251	1.000000	0.649172
1.000000	0.649172	1.000000	0.648767
1.000000	0.648767	1.000000	0.649784
1.000000	0.649784	1.000000	0.649724
1.000000	0.649724	1.000000	0.649575
1.000000	0.649575	1.000000	0.650145
1.000000	0.650145	1.000000	0.650626
1.000000	0.650626	1.000000	0.651065
1.000000	0.651065	1.000000	0.651751
1.000000	0.651751	1.000000	0.652326
1.000000	0.652326	1.000000	0.651619
1.000000	0.651619	1.000000	0.652600
1.000000	0.652600	1.000000	0.652369
1.000000	0.652369	1.000000	0.652043
1.000000	0.652043	1.000000	0.652188
1.000000	0.652188	1.000000	0.651503
1.000000	0.651503	1.000000	0.651868
1.000000	0.651868	1.000000	0.652229
1.000000	0.652229	1.000000	0.652864
1.000000	0.652864	1.000000	0.653329
1.000000	0.653329	1.000000	0.652928
1.000000	0.652928	1.000000	0.653766
1.000000	0.653766	1.000000	0.653647
1.000000	0.653647	1.000000	0.653540
1.000000	0.653540	1.000000	0.654967
1.000000	0.654967	1.000000	0.655317
1.000000	0.655317	1.000000	0.655462
1.000000	0.655462	1.000000	0.656791
1.000000	0.656791	1.000000	0.656536
1.000000	0.656536	1.000000	0.655768
1.000000	0.655768	1.000000	0.657294
1.000000	0.657294	1.000000	0.656745
1.000000	0.656745	1.000000	0.655782
1.000000	0.655782	1.000000	0.655198
1.000000	0.655198	1.000000	0.655466
1.000000	0.655466	1.000000	0.654473
1.000000	0.654473	1.000000	0.653575
1.000000	0.653575	1.000000	0.652884
1.000000	0.652884	1.000000	0.652353
1.000000	0.652353	1.000000	0.652778
1.000000	0.652778	1.000000	0.651917
1.000000	0.651917	1.000000	0.652661
1.000000	0.652661	1.000000	0.651837
1.000000	0.651837	1.000000	0.651562
1.000000	0.651562	1.000000	0.650908
1.000000	0.650908	1.000000	0.650554
1.000000	0.650554	1.000000	0.650718
1.000000	0.650718	1.000000	0.651613
1.000000	0.651613	1.000000	0.651473
1.000000	0.651473	1.000000	0.653040
0.299880	0.699137	0.901819	0.718560
0.901819	0.718560	0.981213	0.734279
0.981213	0.734279	0.994797	0.738064
0.994797	0.738064	0.998125	0.740708
0.998125	0.740708	0.999166	0.741402
0.999166	0.741402	0.999547	0.741021
0.999547	0.741021	0.999784	0.739646
0.999784	0.739646	0.999853	0.740288
0.999853	0.740288	0.999915	0.740807
0.999915	0.740807	0.999946	0.740747
0.999946	0.740747	0.999979	0.740026
0.999979	0.740026	0.999994	0.740509
0.999994	0.740509	1.000000	0.740455
1.000000	0.740455	1.000000	0.741748
1.000000	0.741748	1.000000	0.741755
1.000000	0.741755	1.000000	0.741800
1.000000	0.741800	1.000000	0.741280
1.000000	0.741280	1.000000	0.740841
1.000000	0.740841	1.000000	0.740493
1.000000	0.740493	1.000000	0.741013
1.000000	0.741013	1.000000	0.742258
1.000000	0.742258	1.000000	0.742945
1.000000	0.742945	1.000000	0.742243
1.000000	0.742243	1.000000	0.742739
1.000000	0.742739	1.000000	0.743614
1.000000	0.743614	1.000000	0.743115
1.000000	0.743115	1.000000	0.743516
1.000000	0.743516	1.000000	0.743687
1.000000	0.743687	1.000000	0.744737
1.000000	0.744737	1.000000	0.746233
1.000000	0.746233	1.000000	0.748050
1.000000	0.748050	1.000000	0.748066
1.000000	0.748066	1.000000	0.747961
1.000000	0.747961	1.000000	0.747574
1.000000	0.747574	1.000000	0.746291
1.000000	0.746291	1.000000	0.745820
1.000000	0.745820	1.000000	0.746314
1.000000	0.746314	1.000000	0.744886
1.000000	0.744886	1.000000	0.742795
1.000000	0.742795	1.000000	0.743837
1.000000	0.743837	1.000000	0.743017
1.000000	0.743017	1.000000	0.743483
1.000000	0.743483	1.000000	0.744426
1.000000	0.744426	1.000000	0.743972
1.000000	0.743972	1.000000	0.743810
1.000000	0.743810	1.000000	0.744069
1.000000	0.744069	1.000000	0.743074
1.000000	0.743074	1.000000	0.744291
1.000000	0.744291	1.000000	0.744577
1.000000	0.744577	1.000000	0.744760
1.000000	0.744760	1.000000	0.745145
1.000000	0.745145	1.000000	0.744235
1.000000	0.744235	1.000000	0.745584
1.000000	0.745584	1.000000	0.746331
1.000000	0.746331	1.000000	0.747040
1.000000	0.747040	1.000000	0.746071
1.000000	0.746071	1.000000	0.747091
1.000000	0.747091	1.000000	0.746852
1.000000	0.746852	1.000000	0.745882
1.000000	0.745882	1.000000	0.745619
1.000000	0.745619	1.000000	0.744469
1.000000	0.744469	1.000000	0.743490
1.000000	0.743490	1.000000	0.743145
1.000000	0.743145	1.000000	0.742589
1.000000	0.742589	1.000000	0.742235
1.000000	0.742235	1.000000	0.741926
1.000000	0.741926	1.000000	0.740460
1.000000	0.740460	1.000000	0.739891
1.000000	0.739891	1.000000	0.740250
1.000000	0.740250	1.000000	0.740339
1.000000	0.740339	1.000000	0.740718
1.000000	0.740718	1.000000	0.739135
1.000000	0.739135	1.000000	0.740628
1.000000	0.740628	1.000000	0.741418
1.000000	0.741418	1.000000	0.740015
1.000000	0.740015	1.000000	0.739388
1.000000	0.739388	1.000000	0.739372
1.000000	0.739372	1.000000	0.738821
1.000000	0.738821	1.000000	0.738807
1.000000	0.738807	1.000000	0.738550
1.000000	0.738550	1.000000	0.737245
1.000000	0.737245	1.000000	0.737642
1.000000	0.737642	1.000000	0.738498
1.000000	0.738498	1.000000	0.738371
1.000000	0.738371	1.000000	0.737964
1.000000	0.737964	1.000000	0.737194
1.000000	0.737194	1.000000	0.737583
1.000000	0.737583	1.000000	0.737495
1.000000	0.737495	1.000000	0.737082
1.000000	0.737082	1.000000	0.736222
1.000000	0.736222	1.000000	0.737221
1.000000	0.737221	1.000000	0.737157
1.000000	0.737157	1.000000	0.737171
1.000000	0.737171	1.000000	0.737355
1.000000	0.737355	1.000000	0.736574
1.000000	0.736574	1.000000	0.737523
1.000000	0.737523	1.000000	0.736204
1.000000	0.736204	1.000000	0.735949
1.000000	0.735949	1.000000	0.735133
1.000000	0.735133	1.000000	0.736578
1.000000	0.736578	1.000000	0.736570
1.000000	0.736570	1.000000	0.736679
1.000000	0.736679	1.000000	0.737721
1.000000	0.737721	1.000000	0.737965
1.000000	0.737965	1.000000	0.737547
1.000000	0.737547	1.000000	0.737837
1.000000	0.737837	1.000000	0.738119
1.000000	0.738119	1.000000	0.739437
1.000000	0.739437	1.000000	0.739923
1.000000	0.739923	1.000000	0.739723
1.000000	0.739723	1.000000	0.740480
1.000000	0.740480	1.000000	0.741764
1.000000	0.741764	1.000000	0.741821
1.000000	0.741821	1.000000	0.742508
1.000000	0.742508	1.000000	0.741801
1.000000	0.741801	1.000000	0.740814
1.000000	0.740814	1.000000	0.740716
1.000000	0.740716	1.000000	0.740568
1.000000	0.740568	1.000000	0.741047
1.000000	0.741047	1.000000	0.741446
1.000000	0.741446	1.000000	0.742176
1.000000	0.742176	1.000000	0.741881
1.000000	0.741881	1.000000	0.742442
1.000000	0.742442	1.000000	0.742167
1.000000	0.742167	1.000000	0.742300
1.000000	0.742300	1.000000	0.742601
1.000000	0.742601	1.000000	0.740752
1.000000	0.740752	1.000000	0.741359
1.000000	0.741359	1.000000	0.742300
1.000000	0.742300	1.000000	0.741651
1.000000	0.741651	1.000000	0.741337
1.000000	0.741337	1.000000	0.741262
1.000000	0.741262	1.000000	0.742415
1.000000	0.742415	1.000000	0.742247
1.000000	0.742247	1.000000	0.741959
1.000000	0.741959	1.000000	0.741133
1.000000	0.741133	1.000000	0.742241
1.000000	0.742241	1.000000	0.742019
1.000000	0.742019	1.000000	0.741070
1.000000	0.741070	1.000000	0.741760
1.000000	0.741760	1.000000	0.741057
1.000000	0.741057	1.000000	0.741314
1.000000	0.741314	1.000000	0.741734
1.000000	0.741734	1.000000	0.741896
1.000000	0.741896	1.000000	0.740247
1.000000	0.740247	1.000000	0.740100
1.000000	0.740100	1.000000	0.739931
1.000000	0.739931	1.000000	0.739819
1.000000	0.739819	1.000000	0.738076
1.000000	0.738076	1.000000	0.738636
1.000000	0.738636	1.000000	0.739365
1.000000	0.739365	1.000000	0.739846
1.000000	0.739846	1.000000	0.739047
1.000000	0.739047	1.000000	0.739377
1.000000	0.739377	1.000000	0.739734
1.000000	0.739734	1.000000	0.739592
1.000000	0.739592	1.000000	0.739932
1.000000	0.739932	1.000000	0.739643
1.000000	0.739643	1.000000	0.740306
1.000000	0.740306	1.000000	0.740322
1.000000	0.740322	1.000000	0.739644
1.000000	0.739644	1.000000	0.738926
1.000000	0.738926	1.000000	0.738794
1.000000	0.738794	1.000000	0.739554
1.000000	0.739554	1.000000	0.740302
1.000000	0.740302	1.000000	0.740666
1.000000	0.740666	1.000000	0.740406
1.000000	0.740406	1.000000	0.740297
1.000000	0.740297	1.000000	0.739694
1.000000	0.739694	1.000000	0.741112
1.000000	0.741112	1.000000	0.741791
1.000000	0.741791	1.000000	0.742572
1.000000	0.742572	1.000000	0.742703
1.000000	0.742703	1.000000	0.742053
1.000000	0.742053	1.000000	0.741655
1.000000	0.741655	1.000000	0.741534
1.000000	0.741534	1.000000	0.741444
1.000000	0.741444	1.000000	0.741393
1.000000	0.741393	1.000000	0.740878
1.000000	0.740878	1.000000	0.742552
1.000000	0.742552	1.000000	0.742102
1.000000	0.742102	1.000000	0.743850
1.000000	0.743850	1.000000	0.744577
1.000000	0.744577	1.000000	0.744199
1.000000	0.744199	1.000000	0.743918
1.000000	0.743918	1.000000	0.743561
1.000000	0.743561	1.000000	0.742290
1.000000	0.742290	1.000000	0.741680
1.000000	0.741680	1.000000	0.741659
1.000000	0.741659	1.000000	0.742282
1.000000	0.742282	1.000000	0.742566
1.000000	0.742566	1.000000	0.742417
1.000000	0.742417	1.000000	0.742679
1.000000	0.742679	1.000000	0.742508
1.000000	0.742508	1.000000	0.742699
1.000000	0.742699	1.000000	0.744582
1.000000	0.744582	1.000000	0.745386
1.000000	0.745386	1.000000	0.744391
1.000000	0.744391	1.000000	0.744450
0.300430	0.799809	0.935215	0.812683
0.935215	0.812683	0.992024	0.821267
0.992024	0.821267	0.998502	0.823272
0.998502	0.823272	0.999626	0.824473
0.999626	0.824473	0.999874	0.823468
0.999874	0.823468	0.999963	0.823445
0.999963	0.823445	0.999994	0.822871
0.999994	0.822871	0.999999	0.821640
0.999999	0.821640	1.000000	0.821817
1.000000	0.821817	1.000000	0.821197
1.000000	0.821197	1.000000	0.820998
1.000000	0.820998	1.000000	0.820650
1.000000	0.820650	1.000000	0.820706
1.000000	0.820706	1.000000	0.822037
1.000000	0.822037	1.000000	0.820871
1.000000	0.820871	1.000000	0.822239
1.000000	0.822239	1.000000	0.821099
1.000000	0.821099	1.000000	0.819185
1.000000	0.819185	1.000000	0.819105
1.000000	0.819105	1.000000	0.820787
1.000000	0.820787	1.000000	0.820421
1.000000	0.820421	1.000000	0.820784
1.000000	0.820784	1.000000	0.820813
1.000000	0.820813	1.000000	0.822341
1.000000	0.822341	1.000000	0.822622
1.000000	0.822622	1.000000	0.822403
1.000000	0.822403	1.000000	0.822449
1.000000	0.822449	1.000000	0.823191
1.000000	0.823191	1.000000	0.823354
1.000000	0.823354	1.000000	0.822936
1.000000	0.822936	1.000000	0.823399
1.000000	0.823399	1.000000	0.823962
1.000000	0.823962	1.000000	0.825639
1.000000	0.825639	1.000000	0.826548
1.000000	0.826548	1.000000	0.825232
1.000000	0.825232	1.000000	0.824433
1.000000	0.824433	1.000000	0.825336
1.000000	0.825336	1.000000	0.824845
1.000000	0.824845	1.000000	0.824263
1.000000	0.824263	1.000000	0.825009
1.000000	0.825009	1.000000	0.823096
1.000000	0.823096	1.000000	0.823630
1.000000	0.823630	1.000000	0.824075
1.000000	0.824075	1.000000	0.822723
1.000000	0.822723	1.000000	0.822393
1.000000	0.822393	1.000000	0.822580
1.000000	0.822580	1.000000	0.822520
1.000000	0.822520	1.000000	0.822672
1.000000	0.822672	1.000000	0.822050
1.000000	0.822050	1.000000	0.821551
1.000000	0.821551	1.000000	0.821384
1.000000	0.821384	1.000000	0.821467
1.000000	0.821467	1.000000	0.821032
1.000000	0.821032	1.000000	0.821972
1.000000	0.821972	1.000000	0.822247
1.000000	0.822247	1.000000	0.823386
1.000000	0.823386	1.000000	0.822845
1.000000	0.822845	1.000000	0.823652
1.000000	0.823652	1.000000	0.824304
1.000000	0.824304	1.000000	0.822981
1.000000	0.822981	1.000000	0.822550
1.000000	0.822550	1.000000	0.822603
1.000000	0.822603	1.000000	0.821700
1.000000	0.821700	1.000000	0.821001
1.000000	0.821001	1.000000	0.821101
1.000000	0.821101	1.000000	0.820821
1.000000	0.820821	1.000000	0.820988
1.000000	0.820988	1.000000	0.820439
1.000000	0.820439	1.000000	0.820349
1.000000	0.820349	1.000000	0.820567
1.000000	0.820567	1.000000	0.822162
1.000000	0.822162	1.000000	0.822646
1.000000	0.822646	1.000000	0.822388
1.000000	0.822388	1.000000	0.822939
1.000000	0.822939	1.000000	0.823069
1.000000	0.823069	1.000000	0.823722
1.000000	0.823722	1.000000	0.824107
1.000000	0.824107	1.000000	0.823922
1.000000	0.823922	1.000000	0.825363
1.000000	0.825363	1.000000	0.825871
1.000000	0.825871	1.000000	0.826960
1.000000	0.826960	1.000000	0.827219
1.000000	0.827219	1.000000	0.825747
1.000000	0.825747	1.000000	0.825796
1.000000	0.825796	1.000000	0.826188
1.000000	0.826188	1.000000	0.826914
1.000000	0.826914	1.000000	0.825958
1.000000	0.825958	1.000000	0.826198
1.000000	0.826198	1.000000	0.826572
1.000000	0.826572	1.000000	0.825781
1.000000	0.825781	1.000000	0.825601
1.000000	0.825601	1.000000	0.825397
1.000000	0.825397	1.000000	0.824478
1.000000	0.824478	1.000000	0.823898
1.000000	0.823898	1.000000	0.824463
1.000000	0.824463	1.000000	0.824043
1.000000	0.824043	1.000000	0.823544
1.000000	0.823544	1.000000	0.823278
1.000000	0.823278	1.000000	0.822480
1.000000	0.822480	1.000000	0.822497
1.000000	0.822497	1.000000	0.823268
1.000000	0.823268	1.000000	0.824103
1.000000	0.824103	1.000000	0.823977
1.000000	0.823977	1.000000	0.824297
1.000000	0.824297	1.000000	0.823889
1.000000	0.823889	1.000000	0.824497
1.000000	0.824497	1.000000	0.823949
1.000000	0.823949	1.000000	0.824208
1.000000	0.824208	1.000000	0.823760
1.000000	0.823760	1.000000	0.824239
1.000000	0.824239	1.000000	0.823948
1.000000	0.823948	1.000000	0.824983
1.000000	0.824983	1.000000	0.824737
1.000000	0.824737	1.000000	0.825186
1.000000	0.825186	1.000000	0.825115
1.000000	0.825115	1.000000	0.825129
1.000000	0.825129	1.000000	0.823974
1.000000	0.823974	1.000000	0.823154
1.000000	0.823154	1.000000	0.823723
1.000000	0.823723	1.000000	0.823307
1.000000	0.823307	1.000000	0.822791
1.000000	0.822791	1.000000	0.822729
1.000000	0.822729	1.000000	0.822395
1.000000	0.822395	1.000000	0.822229
1.000000	0.822229	1.000000	0.822832
1.000000	0.822832	1.000000	0.822630
1.000000	0.822630	1.000000	0.823294
1.000000	0.823294	1.000000	0.823663
1.000000	0.823663	1.000000	0.823218
1.000000	0.823218	1.000000	0.823039
1.000000	0.823039	1.000000	0.822325
1.000000	0.822325	1.000000	0.821017
1.000000	0.821017	1.000000	0.821449
1.000000	0.821449	1.000000	0.820041
1.000000	0.820041	1.000000	0.819046
1.000000	0.819046	1.000000	0.817868
1.000000	0.817868	1.000000	0.818149
1.000000	0.818149	1.000000	0.817640
1.000000	0.817640	1.000000	0.817780
1.000000	0.817780	1.000000	0.816805
1.000000	0.816805	1.000000	0.816014
1.000000	0.816014	1.000000	0.815753
1.000000	0.815753	1.000000	0.815810
1.000000	0.815810	1.000000	0.816255
1.000000	0.816255	1.000000	0.816814
1.000000	0.816814	1.000000	0.817723
1.000000	0.817723	1.000000	0.817927
1.000000	0.817927	1.000000	0.817268
1.000000	0.817268	1.000000	0.817587
1.000000	0.817587	1.000000	0.818414
1.000000	0.818414	1.000000	0.818065
1.000000	0.818065	1.000000	0.818190
1.000000	0.818190	1.000000	0.818174
1.000000	0.818174	1.000000	0.817149
1.000000	0.817149	1.000000	0.816375
1.000000	0.816375	1.000000	0.816625
1.000000	0.816625	1.000000	0.815339
1.000000	0.815339	1.000000	0.815278
1.000000	0.815278	1.000000	0.815153
1.000000	0.815153	1.000000	0.815004
1.000000	0.815004	1.000000	0.814667
1.000000	0.814667	1.000000	0.814540
1.000000	0.814540	1.000000	0.813926
1.000000	0.813926	1.000000	0.814143
1.000000	0.814143	1.000000	0.814014
1.000000	0.814014	1.000000	0.813014
1.000000	0.813014	1.000000	0.813933
1.000000	0.813933	1.000000	0.814381
1.000000	0.814381	1.000000	0.813558
1.000000	0.813558	1.000000	0.814733
1.000000	0.814733	1.000000	0.814331
1.000000	0.814331	1.000000	0.814273
1.000000	0.814273	1.000000	0.814763
1.000000	0.814763	1.000000	0.813483
1.000000	0.813483	1.000000	0.813811
1.000000	0.813811	1.000000	0.812824
1.000000	0.812824	1.000000	0.813004
1.000000	0.813004	1.000000	0.813466
1.000000	0.813466	1.000000	0.813811
1.000000	0.813811	1.000000	0.814295
1.000000	0.814295	1.000000	0.813890
1.000000	0.813890	1.000000	0.813087
1.000000	0.813087	1.000000	0.813945
1.000000	0.813945	1.000000	0.814800
1.000000	0.814800	1.000000	0.815125
1.000000	0.815125	1.000000	0.816724
1.000000	0.816724	1.000000	0.815746
1.000000	0.815746	1.000000	0.815188
1.000000	0.815188	1.000000	0.817241
1.000000	0.817241	1.000000	0.816761
1.000000	0.816761	1.000000	0.816171
1.000000	0.816171	1.000000	0.818173
1.000000	0.818173	1.000000	0.818902
1.000000	0.818902	1.000000	0.818325
1.000000	0.818325	1.000000	0.818959
1.000000	0.818959	1.000000	0.818614
1.000000	0.818614	1.000000	0.818972
1.000000	0.818972	1.000000	0.818067
1.000000	0.818067	1.000000	0.816608
0.300328	0.899654	0.958571	0.905346
0.958571	0.905346	0.997119	0.908076
0.997119	0.908076	0.999728	0.908673
0.999728	0.908673	0.999944	0.908534
0.999944	0.908534	0.999984	0.908707
0.999984	0.908707	0.999992	0.909156
0.999992	0.909156	0.999997	0.910431
0.999997	0.910431	1.000000	0.910360
1.000000	0.910360	1.000000	0.910413
1.000000	0.910413	1.000000	0.910426
1.000000	0.910426	1.000000	0.910637
1.000000	0.910637	1.000000	0.911222
1.000000	0.911222	1.000000	0.911007
1.000000	0.911007	1.000000	0.911106
1.000000	0.911106	1.000000	0.910800
1.000000	0.910800	1.000000	0.911685
1.000000	0.911685	1.000000	0.911845
1.000000	0.911845	1.000000	0.911615
1.000000	0.911615	1.000000	0.910362
1.000000	0.910362	1.000000	0.910502
1.000000	0.910502	1.000000	0.910344
1.000000	0.910344	1.000000	0.910472
1.000000	0.910472	1.000000	0.909524
1.000000	0.909524	1.000000	0.908731
1.000000	0.908731	1.000000	0.908939
1.000000	0.908939	1.000000	0.908425
1.000000	0.908425	1.000000	0.908136
1.000000	0.908136	1.000000	0.907700
1.000000	0.907700	1.000000	0.908424
1.000000	0.908424	1.000000	0.908548
1.000000	0.908548	1.000000	0.907967
1.000000	0.907967	1.000000	0.909185
1.000000	0.909185	1.000000	0.909612
1.000000	0.909612	1.000000	0.910011
1.000000	0.910011	1.000000	0.909843
1.000000	0.909843	1.000000	0.910191
1.000000	0.910191	1.000000	0.910016
1.000000	0.910016	1.000000	0.909892
1.000000	0.909892	1.000000	0.909265
1.000000	0.909265	1.000000	0.909950
1.000000	0.909950	1.000000	0.910365
1.000000	0.910365	1.000000	0.910200
1.000000	0.910200	1.000000	0.910147
1.000000	0.910147	1.000000	0.910396
1.000000	0.910396	1.000000	0.910062
1.000000	0.910062	1.000000	0.910657
1.000000	0.910657	1.000000	0.910381
1.000000	0.910381	1.000000	0.909690
1.000000	0.909690	1.000000	0.909930
1.000000	0.909930	1.000000	0.910873
1.000000	0.910873	1.000000	0.910252
1.000000	0.910252	1.000000	0.909948
1.000000	0.909948	1.000000	0.909200
1.000000	0.909200	1.000000	0.909625
1.000000	0.909625	1.000000	0.908882
1.000000	0.908882	1.000000	0.908433
1.000000	0.908433	1.000000	0.908680
1.000000	0.908680	1.000000	0.909626
1.000000	0.909626	1.000000	0.908762
1.000000	0.908762	1.000000	0.909220
1.000000	0.909220	1.000000	0.909633
1.000000	0.909633	1.000000	0.908808
1.000000	0.908808	1.000000	0.908398
1.000000	0.908398	1.000000	0.907323
1.000000	0.907323	1.000000	0.907902
1.000000	0.907902	1.000000	0.908145
1.000000	0.908145	1.000000	0.908997
1.000000	0.908997	1.000000	0.908005
1.000000	0.908005	1.000000	0.907627
1.000000	0.907627	1.000000	0.907141
1.000000	0.907141	1.000000	0.906869
1.000000	0.906869	1.000000	0.906817
1.000000	0.906817	1.000000	0.906706
1.000000	0.906706	1.000000	0.907005
1.000000	0.907005	1.000000	0.906878
1.000000	0.906878	1.000000	0.907471
1.000000	0.907471	1.000000	0.907261
1.000000	0.907261	1.000000	0.906757
1.000000	0.906757	1.000000	0.906234
1.000000	0.906234	1.000000	0.906223
1.000000	0.906223	1.000000	0.906281
1.000000	0.906281	1.000000	0.905287
1.000000	0.905287	1.000000	0.905504
1.000000	0.905504	1.000000	0.905765
1.000000	0.905765	1.000000	0.904938
1.000000	0.904938	1.000000	0.905385
1.000000	0.905385	1.000000	0.905449
1.000000	0.905449	1.000000	0.905273
1.000000	0.905273	1.000000	0.905026
1.000000	0.905026	1.000000	0.905966
1.000000	0.905966	1.000000	0.905931
1.000000	0.905931	1.000000	0.905229
1.000000	0.905229	1.000000	0.904991
1.000000	0.904991	1.000000	0.904225
1.000000	0.904225	1.000000	0.905129
1.000000	0.905129	1.000000	0.904677
1.000000	0.904677	1.000000	0.903768
1.000000	0.903768	1.000000	0.903177
1.000000	0.903177	1.000000	0.903401
1.000000	0.903401	1.000000	0.903177
1.000000	0.903177	1.000000	0.902999
1.000000	0.902999	1.000000	0.903077
1.000000	0.903077	1.000000	0.902191
1.000000	0.902191	1.000000	0.902518
1.000000	0.902518	1.000000	0.901838
1.000000	0.901838	1.000000	0.901471
1.000000	0.901471	1.000000	0.901372
1.000000	0.901372	1.000000	0.901148
1.000000	0.901148	1.000000	0.901046
1.000000	0.901046	1.000000	0.900293
1.000000	0.900293	1.000000	0.900616
1.000000	0.900616	1.000000	0.900600
1.000000	0.900600	1.000000	0.901395
1.000000	0.901395	1.000000	0.900978
1.000000	0.900978	1.000000	0.901065
1.000000	0.901065	1.000000	0.900926
1.000000	0.900926	1.000000	0.900544
1.000000	0.900544	1.000000	0.900654
1.000000	0.900654	1.000000	0.899790
1.000000	0.899790	1.000000	0.898780
1.000000	0.898780	1.000000	0.898475
1.000000	0.898475	1.000000	0.898918
1.000000	0.898918	1.000000	0.899465
1.000000	0.899465	1.000000	0.898767
1.000000	0.898767	1.000000	0.899347
1.000000	0.899347	1.000000	0.899361
1.000000	0.899361	1.000000	0.900170
1.000000	0.900170	1.000000	0.900048
1.000000	0.900048	1.000000	0.899719
1.000000	0.899719	1.000000	0.899695
1.000000	0.899695	1.000000	0.900968
1.000000	0.900968	1.000000	0.901879
1.000000	0.901879	1.000000	0.902420
1.000000	0.902420	1.000000	0.902689
1.000000	0.902689	1.000000	0.902486
1.000000	0.902486	1.000000	0.901958
1.000000	0.901958	1.000000	0.901996
1.000000	0.901996	1.000000	0.902529
1.000000	0.902529	1.000000	0.902454
1.000000	0.902454	1.000000	0.902402
1.000000	0.902402	1.000000	0.901834
1.000000	0.901834	1.000000	0.902068
1.000000	0.902068	1.000000	0.902142
1.000000	0.902142	1.000000	0.902786
1.000000	0.902786	1.000000	0.902828
1.000000	0.902828	1.000000	0.903952
1.000000	0.903952	1.000000	0.903743
1.000000	0.903743	1.000000	0.902903
1.000000	0.902903	1.000000	0.903088
1.000000	0.903088	1.000000	0.903314
1.000000	0.903314	1.000000	0.903115
1.000000	0.903115	1.000000	0.902306
1.000000	0.902306	1.000000	0.902632
1.000000	0.902632	1.000000	0.902144
1.000000	0.902144	1.000000	0.902167
1.000000	0.902167	1.000000	0.901535
1.000000	0.901535	1.000000	0.901855
1.000000	0.901855	1.000000	0.901891
1.000000	0.901891	1.000000	0.901807
1.000000	0.901807	1.000000	0.902769
1.000000	0.902769	1.000000	0.903531
1.000000	0.903531	1.000000	0.904016
1.000000	0.904016	1.000000	0.903571
1.000000	0.903571	1.000000	0.903469
1.000000	0.903469	1.000000	0.903906
1.000000	0.903906	1.000000	0.903664
1.000000	0.903664	1.000000	0.903937
1.000000	0.903937	1.000000	0.904305
1.000000	0.904305	1.000000	0.904139
1.000000	0.904139	1.000000	0.903710
1.000000	0.903710	1.000000	0.903943
1.000000	0.903943	1.000000	0.903967
1.000000	0.903967	1.000000	0.904369
1.000000	0.904369	1.000000	0.903290
1.000000	0.903290	1.000000	0.903917
1.000000	0.903917	1.000000	0.903856
1.000000	0.903856	1.000000	0.904204
1.000000	0.904204	1.000000	0.903642
1.000000	0.903642	1.000000	0.903174
1.000000	0.903174	1.000000	0.902394
1.000000	0.902394	1.000000	0.902400
1.000000	0.902400	1.000000	0.902310
1.000000	0.902310	1.000000	0.901501
1.000000	0.901501	1.000000	0.901872
1.000000	0.901872	1.000000	0.901949
1.000000	0.901949	1.000000	0.902245
1.000000	0.902245	1.000000	0.901935
1.000000	0.901935	1.000000	0.901275
1.000000	0.901275	1.000000	0.901107
1.000000	0.901107	1.000000	0.901153
1.000000	0.901153	1.000000	0.901370
1.000000	0.901370	1.000000	0.901944
1.000000	0.901944	1.000000	0.901768
1.000000	0.901768	1.000000	0.902330
1.000000	0.902330	1.000000	0.902990
1.000000	0.902990	1.000000	0.903414
1.000000	0.903414	1.000000	0.903657
1.000000	0.903657	1.000000	0.903299
1.000000	0.903299	1.000000	0.903064
