0.350419	0.449089	0.254296	0.445171
0.254296	0.445171	0.197575	0.429231
0.197575	0.429231	0.159392	0.404845
0.159392	0.404845	0.132503	0.372578
0.132503	0.372578	0.108897	0.336787
0.108897	0.336787	0.088608	0.296567
0.088608	0.296567	0.070420	0.258099
0.070420	0.258099	0.053370	0.220926
0.053370	0.220926	0.038203	0.187472
0.038203	0.187472	0.025988	0.160137
0.025988	0.160137	0.016878	0.139140
0.016878	0.139140	0.010273	0.122958
0.010273	0.122958	0.006236	0.113666
0.006236	0.113666	0.003740	0.106980
0.003740	0.106980	0.002287	0.102849
0.002287	0.102849	0.001371	0.099509
0.001371	0.099509	0.000754	0.098771
0.000754	0.098771	0.000516	0.098082
0.000516	0.098082	0.000349	0.096966
0.000349	0.096966	0.000242	0.095370
0.000242	0.095370	0.000185	0.094206
0.000185	0.094206	0.000137	0.094733
0.000137	0.094733	0.000096	0.094837
0.000096	0.094837	0.000053	0.095467
0.000053	0.095467	0.000051	0.095470
0.000051	0.095470	0.000022	0.095445
0.000022	0.095445	0.000013	0.095755
0.000013	0.095755	0.000005	0.095619
0.000005	0.095619	0.000006	0.095900
0.000006	0.095900	0.000013	0.095356
0.000013	0.095356	0.000023	0.096512
0.000023	0.096512	0.000021	0.097287
0.000021	0.097287	0.000006	0.096793
0.000006	0.096793	0.000002	0.097189
0.000002	0.097189	0.000000	0.098054
0.000000	0.098054	0.000000	0.097133
0.000000	0.097133	0.000000	0.097025
0.000000	0.097025	0.000000	0.096955
0.000000	0.096955	0.000000	0.096510
0.000000	0.096510	0.000000	0.096689
0.000000	0.096689	0.000000	0.097024
0.000000	0.097024	0.000000	0.097895
0.000000	0.097895	0.000000	0.097909
0.000000	0.097909	0.000000	0.097915
0.000000	0.097915	0.000000	0.098121
0.000000	0.098121	0.000000	0.098131
0.000000	0.098131	0.000000	0.097785
0.000000	0.097785	0.000000	0.097713
0.000000	0.097713	0.000000	0.098075
0.000000	0.098075	0.000000	0.098856
0.000000	0.098856	0.000000	0.098623
0.000000	0.098623	0.000000	0.097852
0.000000	0.097852	0.000000	0.097915
0.000000	0.097915	0.000000	0.097685
0.000000	0.097685	0.000000	0.097522
0.000000	0.097522	0.000000	0.097315
0.000000	0.097315	0.000000	0.096997
0.000000	0.096997	0.000000	0.097125
0.000000	0.097125	0.000000	0.097627
0.000000	0.097627	0.000000	0.097959
0.000000	0.097959	0.000000	0.098047
0.000000	0.098047	0.000000	0.097329
0.000000	0.097329	0.000000	0.097142
0.000000	0.097142	0.000000	0.097289
0.000000	0.097289	0.000000	0.098100
0.000000	0.098100	0.000000	0.098255
0.000000	0.098255	0.000000	0.099499
0.000000	0.099499	0.000000	0.100171
0.000000	0.100171	0.000000	0.098677
0.000000	0.098677	0.000000	0.098083
0.000000	0.098083	0.000000	0.098510
0.000000	0.098510	0.000000	0.098678
0.000000	0.098678	0.000000	0.099076
0.000000	0.099076	0.000000	0.099396
0.000000	0.099396	0.000000	0.099247
0.000000	0.099247	0.000000	0.099428
0.000000	0.099428	0.000000	0.100896
0.000000	0.100896	0.000000	0.100915
0.000000	0.100915	0.000000	0.100982
0.000000	0.100982	0.000000	0.101605
0.000000	0.101605	0.000000	0.101406
0.000000	0.101406	0.000000	0.101638
0.000000	0.101638	0.000000	0.101873
0.000000	0.101873	0.000000	0.102127
0.000000	0.102127	0.000000	0.102847
0.000000	0.102847	0.000000	0.102331
0.000000	0.102331	0.000000	0.102880
0.000000	0.102880	0.000000	0.102911
0.000000	0.102911	0.000000	0.102547
0.000000	0.102547	0.000000	0.101474
0.000000	0.101474	0.000000	0.101620
0.000000	0.101620	0.000000	0.100617
0.000000	0.100617	0.000000	0.100634
0.000000	0.100634	0.000000	0.101109
0.000000	0.101109	0.000000	0.100606
0.000000	0.100606	0.000000	0.100718
0.000000	0.100718	0.000000	0.100498
0.000000	0.100498	0.000000	0.101302
0.000000	0.101302	0.000000	0.100289
0.000000	0.100289	0.000000	0.100747
0.000000	0.100747	0.000000	0.100506
0.000000	0.100506	0.000000	0.100515
0.000000	0.100515	0.000000	0.100522
0.000000	0.100522	0.000000	0.100194
0.000000	0.100194	0.000000	0.100135
0.000000	0.100135	0.000000	0.100318
0.000000	0.100318	0.000000	0.100698
0.000000	0.100698	0.000000	0.100632
0.000000	0.100632	0.000000	0.101548
0.000000	0.101548	0.000000	0.102214
0.000000	0.102214	0.000000	0.101585
0.000000	0.101585	0.000000	0.100866
0.000000	0.100866	0.000000	0.100975
0.000000	0.100975	0.000000	0.101408
0.000000	0.101408	0.000000	0.101763
0.000000	0.101763	0.000000	0.102392
0.000000	0.102392	0.000000	0.101944
0.000000	0.101944	0.000000	0.101312
0.000000	0.101312	0.000000	0.102619
0.000000	0.102619	0.000000	0.102960
0.000000	0.102960	0.000000	0.102681
0.000000	0.102681	0.000000	0.102265
0.000000	0.102265	0.000000	0.102510
0.000000	0.102510	0.000000	0.102173
0.000000	0.102173	0.000000	0.102005
0.000000	0.102005	0.000000	0.101626
0.000000	0.101626	0.000000	0.101086
0.000000	0.101086	0.000000	0.101531
0.000000	0.101531	0.000000	0.101526
0.000000	0.101526	0.000000	0.100769
0.000000	0.100769	0.000000	0.101343
0.000000	0.101343	0.000000	0.101400
0.000000	0.101400	0.000000	0.101174
0.000000	0.101174	0.000000	0.101575
0.000000	0.101575	0.000000	0.101574
0.000000	0.101574	0.000000	0.101394
0.000000	0.101394	0.000000	0.100847
0.000000	0.100847	0.000000	0.100534
0.000000	0.100534	0.000000	0.100797
0.000000	0.100797	0.000000	0.100685
0.000000	0.100685	0.000000	0.101325
0.000000	0.101325	0.000000	0.101189
0.000000	0.101189	0.000000	0.101305
0.000000	0.101305	0.000000	0.101563
0.000000	0.101563	0.000000	0.101472
0.000000	0.101472	0.000000	0.102131
0.000000	0.102131	0.000000	0.102546
0.000000	0.102546	0.000000	0.102316
0.000000	0.102316	0.000000	0.102280
0.000000	0.102280	0.000000	0.101806
0.000000	0.101806	0.000000	0.102825
0.000000	0.102825	0.000000	0.103289
0.000000	0.103289	0.000000	0.103073
0.000000	0.103073	0.000000	0.103762
0.000000	0.103762	0.000000	0.103720
0.000000	0.103720	0.000000	0.103956
0.000000	0.103956	0.000000	0.103380
0.000000	0.103380	0.000000	0.102675
0.000000	0.102675	0.000000	0.102857
0.000000	0.102857	0.000000	0.102719
0.000000	0.102719	0.000000	0.103453
0.000000	0.103453	0.000000	0.103935
0.000000	0.103935	0.000000	0.103444
0.000000	0.103444	0.000000	0.103328
0.000000	0.103328	0.000000	0.103524
0.000000	0.103524	0.000000	0.104323
0.000000	0.104323	0.000000	0.103399
0.000000	0.103399	0.000000	0.103019
0.000000	0.103019	0.000000	0.103051
0.000000	0.103051	0.000000	0.103488
0.000000	0.103488	0.000000	0.103118
0.000000	0.103118	0.000000	0.103898
0.000000	0.103898	0.000000	0.103983
0.000000	0.103983	0.000000	0.103122
0.000000	0.103122	0.000000	0.102932
0.000000	0.102932	0.000000	0.102842
0.000000	0.102842	0.000000	0.103110
0.000000	0.103110	0.000000	0.102644
0.000000	0.102644	0.000000	0.102789
0.000000	0.102789	0.000000	0.102099
0.000000	0.102099	0.000000	0.102493
0.000000	0.102493	0.000000	0.101703
0.000000	0.101703	0.000000	0.102388
0.000000	0.102388	0.000000	0.102622
0.000000	0.102622	0.000000	0.103326
0.000000	0.103326	0.000000	0.103235
0.000000	0.103235	0.000000	0.102432
0.000000	0.102432	0.000000	0.102988
0.000000	0.102988	0.000000	0.103182
0.000000	0.103182	0.000000	0.103147
0.000000	0.103147	0.000000	0.102706
0.000000	0.102706	0.000000	0.100610
0.000000	0.100610	0.000000	0.100504
0.000000	0.100504	0.000000	0.100957
0.000000	0.100957	0.000000	0.100629
0.000000	0.100629	0.000000	0.100772
0.000000	0.100772	0.000000	0.100469
0.000000	0.100469	0.000000	0.099536
0.000000	0.099536	0.000000	0.099683
0.350545	0.400229	0.204187	0.395343
0.204187	0.395343	0.130717	0.372805
0.130717	0.372805	0.090358	0.343181
0.090358	0.343181	0.067443	0.309184
0.067443	0.309184	0.050337	0.277462
0.050337	0.277462	0.037688	0.251965
0.037688	0.251965	0.027803	0.229006
0.027803	0.229006	0.019896	0.211098
0.019896	0.211098	0.013970	0.196682
0.013970	0.196682	0.010305	0.186346
0.010305	0.186346	0.007349	0.178533
0.007349	0.178533	0.005339	0.172829
0.005339	0.172829	0.003891	0.168487
0.003891	0.168487	0.002963	0.166747
0.002963	0.166747	0.002071	0.163731
0.002071	0.163731	0.001626	0.161261
0.001626	0.161261	0.001300	0.159638
0.001300	0.159638	0.000905	0.159334
0.000905	0.159334	0.000792	0.160558
0.000792	0.160558	0.000673	0.160012
0.000673	0.160012	0.000513	0.159519
0.000513	0.159519	0.000434	0.158930
0.000434	0.158930	0.000270	0.157276
0.000270	0.157276	0.000283	0.157180
0.000283	0.157180	0.000246	0.156953
0.000246	0.156953	0.000326	0.156915
0.000326	0.156915	0.000313	0.156877
0.000313	0.156877	0.000289	0.157840
0.000289	0.157840	0.000289	0.157636
0.000289	0.157636	0.000312	0.158829
0.000312	0.158829	0.000231	0.160205
0.000231	0.160205	0.000212	0.160028
0.000212	0.160028	0.000184	0.161055
0.000184	0.161055	0.000146	0.161068
0.000146	0.161068	0.000123	0.160184
0.000123	0.160184	0.000102	0.160436
0.000102	0.160436	0.000075	0.160165
0.000075	0.160165	0.000066	0.159291
0.000066	0.159291	0.000060	0.159681
0.000060	0.159681	0.000048	0.159686
0.000048	0.159686	0.000043	0.159974
0.000043	0.159974	0.000022	0.160508
0.000022	0.160508	0.000000	0.162119
0.000000	0.162119	0.000000	0.163334
0.000000	0.163334	0.000000	0.162471
0.000000	0.162471	0.000000	0.163587
0.000000	0.163587	0.000000	0.163465
0.000000	0.163465	0.000000	0.163533
0.000000	0.163533	0.000000	0.163498
0.000000	0.163498	0.000000	0.163592
0.000000	0.163592	0.000000	0.163733
0.000000	0.163733	0.000000	0.163813
0.000000	0.163813	0.000000	0.164472
0.000000	0.164472	0.000000	0.164718
0.000000	0.164718	0.000000	0.164916
0.000000	0.164916	0.000000	0.163853
0.000000	0.163853	0.000000	0.164469
0.000000	0.164469	0.000000	0.165263
0.000000	0.165263	0.000000	0.165748
0.000000	0.165748	0.000000	0.165542
0.000000	0.165542	0.000000	0.163069
0.000000	0.163069	0.000000	0.162990
0.000000	0.162990	0.000000	0.162429
0.000000	0.162429	0.000000	0.162292
0.000000	0.162292	0.000000	0.161718
0.000000	0.161718	0.000000	0.161004
0.000000	0.161004	0.000000	0.161307
0.000000	0.161307	0.000000	0.160254
0.000000	0.160254	0.000000	0.161318
0.000000	0.161318	0.000000	0.162416
0.000000	0.162416	0.000000	0.163441
0.000000	0.163441	0.000000	0.164104
0.000000	0.164104	0.000000	0.164146
0.000000	0.164146	0.000000	0.164236
0.000000	0.164236	0.000000	0.164537
0.000000	0.164537	0.000000	0.164533
0.000000	0.164533	0.000000	0.165388
0.000000	0.165388	0.000000	0.165074
0.000000	0.165074	0.000000	0.164965
0.000000	0.164965	0.000000	0.165460
0.000000	0.165460	0.000000	0.164637
0.000000	0.164637	0.000000	0.164920
0.000000	0.164920	0.000000	0.165649
0.000000	0.165649	0.000000	0.164942
0.000000	0.164942	0.000000	0.163348
0.000000	0.163348	0.000000	0.163195
0.000000	0.163195	0.000000	0.164024
0.000000	0.164024	0.000000	0.164701
0.000000	0.164701	0.000000	0.166052
0.000000	0.166052	0.000000	0.166094
0.000000	0.166094	0.000000	0.164300
0.000000	0.164300	0.000000	0.162870
0.000000	0.162870	0.000000	0.162877
0.000000	0.162877	0.000000	0.161767
0.000000	0.161767	0.000000	0.163209
0.000000	0.163209	0.000000	0.163090
0.000000	0.163090	0.000000	0.163178
0.000000	0.163178	0.000000	0.162797
0.000000	0.162797	0.000000	0.161996
0.000000	0.161996	0.000000	0.162606
0.000000	0.162606	0.000000	0.162507
0.000000	0.162507	0.000000	0.162075
0.000000	0.162075	0.000000	0.161616
0.000000	0.161616	0.000000	0.162628
0.000000	0.162628	0.000000	0.163093
0.000000	0.163093	0.000000	0.163432
0.000000	0.163432	0.000000	0.163906
0.000000	0.163906	0.000000	0.162836
0.000000	0.162836	0.000000	0.162172
0.000000	0.162172	0.000000	0.160931
0.000000	0.160931	0.000000	0.161864
0.000000	0.161864	0.000000	0.161906
0.000000	0.161906	0.000000	0.160150
0.000000	0.160150	0.000000	0.160547
0.000000	0.160547	0.000000	0.161385
0.000000	0.161385	0.000000	0.161315
0.000000	0.161315	0.000000	0.161831
0.000000	0.161831	0.000000	0.162171
0.000000	0.162171	0.000000	0.162750
0.000000	0.162750	0.000000	0.162816
0.000000	0.162816	0.000000	0.162471
0.000000	0.162471	0.000000	0.162714
0.000000	0.162714	0.000000	0.162572
0.000000	0.162572	0.000000	0.163139
0.000000	0.163139	0.000000	0.162263
0.000000	0.162263	0.000000	0.163145
0.000000	0.163145	0.000000	0.163278
0.000000	0.163278	0.000000	0.164752
0.000000	0.164752	0.000000	0.164478
0.000000	0.164478	0.000000	0.165402
0.000000	0.165402	0.000000	0.164849
0.000000	0.164849	0.000000	0.163325
0.000000	0.163325	0.000000	0.165086
0.000000	0.165086	0.000000	0.165605
0.000000	0.165605	0.000000	0.165267
0.000000	0.165267	0.000000	0.164509
0.000000	0.164509	0.000000	0.164110
0.000000	0.164110	0.000000	0.164056
0.000000	0.164056	0.000000	0.164689
0.000000	0.164689	0.000000	0.164981
0.000000	0.164981	0.000000	0.164606
0.000000	0.164606	0.000000	0.165147
0.000000	0.165147	0.000000	0.164372
0.000000	0.164372	0.000000	0.163890
0.000000	0.163890	0.000000	0.162889
0.000000	0.162889	0.000000	0.161799
0.000000	0.161799	0.000000	0.161880
0.000000	0.161880	0.000000	0.162097
0.000000	0.162097	0.000000	0.161865
0.000000	0.161865	0.000000	0.162029
0.000000	0.162029	0.000000	0.162204
0.000000	0.162204	0.000000	0.162534
0.000000	0.162534	0.000000	0.162957
0.000000	0.162957	0.000000	0.163590
0.000000	0.163590	0.000000	0.163511
0.000000	0.163511	0.000000	0.164293
0.000000	0.164293	0.000000	0.163898
0.000000	0.163898	0.000000	0.162972
0.000000	0.162972	0.000000	0.162788
0.000000	0.162788	0.000000	0.162330
0.000000	0.162330	0.000000	0.162208
0.000000	0.162208	0.000000	0.163259
0.000000	0.163259	0.000000	0.163220
0.000000	0.163220	0.000000	0.162695
0.000000	0.162695	0.000000	0.162187
0.000000	0.162187	0.000000	0.162188
0.000000	0.162188	0.000000	0.162408
0.000000	0.162408	0.000000	0.162535
0.000000	0.162535	0.000000	0.162011
0.000000	0.162011	0.000000	0.160665
0.000000	0.160665	0.000000	0.160620
0.000000	0.160620	0.000000	0.161236
0.000000	0.161236	0.000000	0.160199
0.000000	0.160199	0.000000	0.159260
0.000000	0.159260	0.000000	0.158413
0.000000	0.158413	0.000000	0.158707
0.000000	0.158707	0.000000	0.157502
0.000000	0.157502	0.000000	0.158080
0.000000	0.158080	0.000000	0.157913
0.000000	0.157913	0.000000	0.158000
0.000000	0.158000	0.000000	0.158535
0.000000	0.158535	0.000000	0.158628
0.000000	0.158628	0.000000	0.158622
0.000000	0.158622	0.000000	0.159466
0.000000	0.159466	0.000000	0.159271
0.000000	0.159271	0.000000	0.160052
0.000000	0.160052	0.000000	0.160527
0.000000	0.160527	0.000000	0.160349
0.000000	0.160349	0.000000	0.160403
0.000000	0.160403	0.000000	0.160807
0.000000	0.160807	0.000000	0.161318
0.000000	0.161318	0.000000	0.161496
0.000000	0.161496	0.000000	0.161225
0.000000	0.161225	0.000000	0.161306
0.000000	0.161306	0.000000	0.160918
0.000000	0.160918	0.000000	0.160214
0.000000	0.160214	0.000000	0.160160
0.000000	0.160160	0.000000	0.160440
0.000000	0.160440	0.000000	0.159770
0.350143	0.349149	0.157613	0.339591
0.157613	0.339591	0.079892	0.314142
0.079892	0.314142	0.046981	0.286845
0.046981	0.286845	0.029750	0.262727
0.029750	0.262727	0.020643	0.243039
0.020643	0.243039	0.014023	0.228859
0.014023	0.228859	0.010313	0.218772
0.010313	0.218772	0.007608	0.210699
0.007608	0.210699	0.005955	0.205415
0.005955	0.205415	0.004526	0.200421
0.004526	0.200421	0.003692	0.196762
0.003692	0.196762	0.002818	0.193999
0.002818	0.193999	0.001995	0.191980
0.001995	0.191980	0.001438	0.191844
0.001438	0.191844	0.000991	0.189476
0.000991	0.189476	0.000743	0.188151
0.000743	0.188151	0.000578	0.188126
0.000578	0.188126	0.000493	0.187284
0.000493	0.187284	0.000307	0.185830
0.000307	0.185830	0.000211	0.185332
0.000211	0.185332	0.000162	0.185555
0.000162	0.185555	0.000091	0.185830
0.000091	0.185830	0.000048	0.185460
0.000048	0.185460	0.000024	0.185195
0.000024	0.185195	0.000021	0.184706
0.000021	0.184706	0.000013	0.184439
0.000013	0.184439	0.000016	0.186280
0.000016	0.186280	0.000007	0.185624
0.000007	0.185624	0.000001	0.184746
0.000001	0.184746	0.000000	0.183412
0.000000	0.183412	0.000000	0.183337
0.000000	0.183337	0.000000	0.184148
0.000000	0.184148	0.000000	0.183842
0.000000	0.183842	0.000000	0.184555
0.000000	0.184555	0.000000	0.186281
0.000000	0.186281	0.000000	0.186831
0.000000	0.186831	0.000000	0.185459
0.000000	0.185459	0.000000	0.186215
0.000000	0.186215	0.000000	0.185660
0.000000	0.185660	0.000000	0.185169
0.000000	0.185169	0.000000	0.184426
0.000000	0.184426	0.000000	0.183757
0.000000	0.183757	0.000000	0.184438
0.000000	0.184438	0.000000	0.184805
0.000000	0.184805	0.000000	0.184601
0.000000	0.184601	0.000000	0.185514
0.000000	0.185514	0.000000	0.185788
0.000000	0.185788	0.000000	0.186114
0.000000	0.186114	0.000000	0.186122
0.000000	0.186122	0.000000	0.185454
0.000000	0.185454	0.000000	0.185804
0.000000	0.185804	0.000000	0.184801
0.000000	0.184801	0.000000	0.185391
0.000000	0.185391	0.000000	0.184817
0.000000	0.184817	0.000000	0.185675
0.000000	0.185675	0.000000	0.184660
0.000000	0.184660	0.000000	0.185194
0.000000	0.185194	0.000000	0.184608
0.000000	0.184608	0.000000	0.184022
0.000000	0.184022	0.000000	0.183800
0.000000	0.183800	0.000000	0.183351
0.000000	0.183351	0.000000	0.181874
0.000000	0.181874	0.000000	0.181985
0.000000	0.181985	0.000000	0.183182
0.000000	0.183182	0.000000	0.182321
0.000000	0.182321	0.000000	0.182185
0.000000	0.182185	0.000000	0.182696
0.000000	0.182696	0.000000	0.182353
0.000000	0.182353	0.000000	0.182234
0.000000	0.182234	0.000000	0.183085
0.000000	0.183085	0.000000	0.183767
0.000000	0.183767	0.000000	0.183423
0.000000	0.183423	0.000000	0.184504
0.000000	0.184504	0.000000	0.184553
0.000000	0.184553	0.000000	0.185256
0.000000	0.185256	0.000000	0.185299
0.000000	0.185299	0.000000	0.185918
0.000000	0.185918	0.000000	0.184962
0.000000	0.184962	0.000000	0.185703
0.000000	0.185703	0.000000	0.184893
0.000000	0.184893	0.000000	0.185334
0.000000	0.185334	0.000000	0.185194
0.000000	0.185194	0.000000	0.185821
0.000000	0.185821	0.000000	0.185659
0.000000	0.185659	0.000000	0.185810
0.000000	0.185810	0.000000	0.186928
0.000000	0.186928	0.000000	0.186664
0.000000	0.186664	0.000000	0.187587
0.000000	0.187587	0.000000	0.188599
0.000000	0.188599	0.000000	0.188633
0.000000	0.188633	0.000000	0.189803
0.000000	0.189803	0.000000	0.189623
0.000000	0.189623	0.000000	0.190149
0.000000	0.190149	0.000000	0.188231
0.000000	0.188231	0.000000	0.187267
0.000000	0.187267	0.000000	0.187528
0.000000	0.187528	0.000000	0.187092
0.000000	0.187092	0.000000	0.186646
0.000000	0.186646	0.000000	0.187029
0.000000	0.187029	0.000000	0.186748
0.000000	0.186748	0.000000	0.186856
0.000000	0.186856	0.000000	0.186521
0.000000	0.186521	0.000000	0.186952
0.000000	0.186952	0.000000	0.187380
0.000000	0.187380	0.000000	0.188167
0.000000	0.188167	0.000000	0.188631
0.000000	0.188631	0.000000	0.189329
0.000000	0.189329	0.000000	0.190108
0.000000	0.190108	0.000000	0.189697
0.000000	0.189697	0.000000	0.191340
0.000000	0.191340	0.000000	0.191398
0.000000	0.191398	0.000000	0.192513
0.000000	0.192513	0.000000	0.192869
0.000000	0.192869	0.000000	0.193720
0.000000	0.193720	0.000000	0.192816
0.000000	0.192816	0.000000	0.192133
0.000000	0.192133	0.000000	0.191047
0.000000	0.191047	0.000000	0.191077
0.000000	0.191077	0.000000	0.190233
0.000000	0.190233	0.000000	0.191488
0.000000	0.191488	0.000000	0.191919
0.000000	0.191919	0.000000	0.191037
0.000000	0.191037	0.000000	0.191047
0.000000	0.191047	0.000000	0.190538
0.000000	0.190538	0.000000	0.189368
0.000000	0.189368	0.000000	0.189033
0.000000	0.189033	0.000000	0.190010
0.000000	0.190010	0.000000	0.189240
0.000000	0.189240	0.000000	0.189151
0.000000	0.189151	0.000000	0.189416
0.000000	0.189416	0.000000	0.186670
0.000000	0.186670	0.000000	0.187757
0.000000	0.187757	0.000000	0.188411
0.000000	0.188411	0.000000	0.188976
0.000000	0.188976	0.000000	0.188897
0.000000	0.188897	0.000000	0.189821
0.000000	0.189821	0.000000	0.189501
0.000000	0.189501	0.000000	0.191855
0.000000	0.191855	0.000000	0.190002
0.000000	0.190002	0.000000	0.190472
0.000000	0.190472	0.000000	0.191571
0.000000	0.191571	0.000000	0.190913
0.000000	0.190913	0.000000	0.191798
0.000000	0.191798	0.000000	0.191410
0.000000	0.191410	0.000000	0.191643
0.000000	0.191643	0.000000	0.191652
0.000000	0.191652	0.000000	0.191886
0.000000	0.191886	0.000000	0.192593
0.000000	0.192593	0.000000	0.192906
0.000000	0.192906	0.000000	0.192771
0.000000	0.192771	0.000000	0.192942
0.000000	0.192942	0.000000	0.191978
0.000000	0.191978	0.000000	0.191093
0.000000	0.191093	0.000000	0.191479
0.000000	0.191479	0.000000	0.191852
0.000000	0.191852	0.000000	0.193593
0.000000	0.193593	0.000000	0.193911
0.000000	0.193911	0.000000	0.193694
0.000000	0.193694	0.000000	0.192904
0.000000	0.192904	0.000000	0.192591
0.000000	0.192591	0.000000	0.192094
0.000000	0.192094	0.000000	0.192896
0.000000	0.192896	0.000000	0.191421
0.000000	0.191421	0.000000	0.191086
0.000000	0.191086	0.000000	0.191702
0.000000	0.191702	0.000000	0.190535
0.000000	0.190535	0.000000	0.190526
0.000000	0.190526	0.000000	0.190021
0.000000	0.190021	0.000000	0.188752
0.000000	0.188752	0.000000	0.188861
0.000000	0.188861	0.000000	0.188749
0.000000	0.188749	0.000000	0.189938
0.000000	0.189938	0.000000	0.190716
0.000000	0.190716	0.000000	0.190239
0.000000	0.190239	0.000000	0.190639
0.000000	0.190639	0.000000	0.190311
0.000000	0.190311	0.000000	0.189460
0.000000	0.189460	0.000000	0.188546
0.000000	0.188546	0.000000	0.188709
0.000000	0.188709	0.000000	0.189603
0.000000	0.189603	0.000000	0.188502
0.000000	0.188502	0.000000	0.187941
0.000000	0.187941	0.000000	0.187507
0.000000	0.187507	0.000000	0.186521
0.000000	0.186521	0.000000	0.185680
0.000000	0.185680	0.000000	0.185976
0.000000	0.185976	0.000000	0.185067
0.000000	0.185067	0.000000	0.185073
0.000000	0.185073	0.000000	0.185149
0.000000	0.185149	0.000000	0.185877
0.000000	0.185877	0.000000	0.185797
0.000000	0.185797	0.000000	0.186352
0.000000	0.186352	0.000000	0.186242
0.000000	0.186242	0.000000	0.187320
0.000000	0.187320	0.000000	0.187248
0.000000	0.187248	0.000000	0.188980
0.000000	0.188980	0.000000	0.188535
0.000000	0.188535	0.000000	0.187451
0.000000	0.187451	0.000000	0.187206
0.349591	0.299517	0.120170	0.289756
0.120170	0.289756	0.047202	0.266083
0.047202	0.266083	0.023775	0.243017
0.023775	0.243017	0.013636	0.226907
0.013636	0.226907	0.008489	0.216378
0.008489	0.216378	0.005968	0.210931
0.005968	0.210931	0.004638	0.205515
0.004638	0.205515	0.003412	0.203156
0.003412	0.203156	0.002656	0.200022
0.002656	0.200022	0.002035	0.198790
0.002035	0.198790	0.001583	0.197682
0.001583	0.197682	0.001239	0.196407
0.001239	0.196407	0.000969	0.194252
0.000969	0.194252	0.000844	0.193561
0.000844	0.193561	0.000606	0.194724
0.000606	0.194724	0.000567	0.196294
0.000567	0.196294	0.000508	0.197317
0.000508	0.197317	0.000454	0.195539
0.000454	0.195539	0.000354	0.193656
0.000354	0.193656	0.000339	0.194181
0.000339	0.194181	0.000255	0.193881
0.000255	0.193881	0.000202	0.193188
0.000202	0.193188	0.000158	0.192608
0.000158	0.192608	0.000132	0.192595
0.000132	0.192595	0.000134	0.191494
0.000134	0.191494	0.000148	0.191228
0.000148	0.191228	0.000104	0.190295
0.000104	0.190295	0.000105	0.189880
0.000105	0.189880	0.000078	0.189638
0.000078	0.189638	0.000059	0.188502
0.000059	0.188502	0.000046	0.189185
0.000046	0.189185	0.000025	0.189567
0.000025	0.189567	0.000019	0.188238
0.000019	0.188238	0.000010	0.188685
0.000010	0.188685	0.000003	0.188739
0.000003	0.188739	0.000000	0.189009
0.000000	0.189009	0.000000	0.189113
0.000000	0.189113	0.000000	0.188335
0.000000	0.188335	0.000000	0.187642
0.000000	0.187642	0.000000	0.187142
0.000000	0.187142	0.000000	0.186793
0.000000	0.186793	0.000000	0.186559
0.000000	0.186559	0.000000	0.186286
0.000000	0.186286	0.000000	0.186482
0.000000	0.186482	0.000000	0.187325
0.000000	0.187325	0.000000	0.188263
0.000000	0.188263	0.000000	0.189354
0.000000	0.189354	0.000000	0.189109
0.000000	0.189109	0.000000	0.190530
0.000000	0.190530	0.000000	0.191694
0.000000	0.191694	0.000000	0.191177
0.000000	0.191177	0.000000	0.190482
0.000000	0.190482	0.000000	0.190982
0.000000	0.190982	0.000000	0.191078
0.000000	0.191078	0.000000	0.192366
0.000000	0.192366	0.000000	0.192039
0.000000	0.192039	0.000000	0.191988
0.000000	0.191988	0.000000	0.193474
0.000000	0.193474	0.000000	0.193350
0.000000	0.193350	0.000000	0.193606
0.000000	0.193606	0.000000	0.193030
0.000000	0.193030	0.000000	0.192025
0.000000	0.192025	0.000000	0.193138
0.000000	0.193138	0.000000	0.194051
0.000000	0.194051	0.000000	0.194379
0.000000	0.194379	0.000000	0.196089
0.000000	0.196089	0.000000	0.196244
0.000000	0.196244	0.000000	0.196849
0.000000	0.196849	0.000000	0.197141
0.000000	0.197141	0.000000	0.196568
0.000000	0.196568	0.000000	0.196479
0.000000	0.196479	0.000000	0.195293
0.000000	0.195293	0.000000	0.194819
0.000000	0.194819	0.000000	0.195578
0.000000	0.195578	0.000000	0.194752
0.000000	0.194752	0.000000	0.196053
0.000000	0.196053	0.000000	0.196725
0.000000	0.196725	0.000000	0.196270
0.000000	0.196270	0.000000	0.195684
0.000000	0.195684	0.000000	0.196338
0.000000	0.196338	0.000000	0.195191
0.000000	0.195191	0.000000	0.195599
0.000000	0.195599	0.000000	0.194937
0.000000	0.194937	0.000000	0.195214
0.000000	0.195214	0.000000	0.195425
0.000000	0.195425	0.000000	0.195349
0.000000	0.195349	0.000000	0.195518
0.000000	0.195518	0.000000	0.194508
0.000000	0.194508	0.000000	0.194019
0.000000	0.194019	0.000000	0.194299
0.000000	0.194299	0.000000	0.193612
0.000000	0.193612	0.000000	0.194446
0.000000	0.194446	0.000000	0.194037
0.000000	0.194037	0.000000	0.193782
0.000000	0.193782	0.000000	0.193201
0.000000	0.193201	0.000000	0.192470
0.000000	0.192470	0.000000	0.191837
0.000000	0.191837	0.000000	0.191572
0.000000	0.191572	0.000000	0.192440
0.000000	0.192440	0.000000	0.192247
0.000000	0.192247	0.000000	0.192006
0.000000	0.192006	0.000000	0.192665
0.000000	0.192665	0.000000	0.191795
0.000000	0.191795	0.000000	0.193357
0.000000	0.193357	0.000000	0.194260
0.000000	0.194260	0.000000	0.194433
0.000000	0.194433	0.000000	0.193839
0.000000	0.193839	0.000000	0.194842
0.000000	0.194842	0.000000	0.194708
0.000000	0.194708	0.000000	0.194047
0.000000	0.194047	0.000000	0.193856
0.000000	0.193856	0.000000	0.194320
0.000000	0.194320	0.000000	0.192973
0.000000	0.192973	0.000000	0.194095
0.000000	0.194095	0.000000	0.194135
0.000000	0.194135	0.000000	0.194266
0.000000	0.194266	0.000000	0.195217
0.000000	0.195217	0.000000	0.194990
0.000000	0.194990	0.000000	0.194303
0.000000	0.194303	0.000000	0.193996
0.000000	0.193996	0.000000	0.195468
0.000000	0.195468	0.000000	0.195168
0.000000	0.195168	0.000000	0.195570
0.000000	0.195570	0.000000	0.194496
0.000000	0.194496	0.000000	0.193661
0.000000	0.193661	0.000000	0.194179
0.000000	0.194179	0.000000	0.193197
0.000000	0.193197	0.000000	0.194078
0.000000	0.194078	0.000000	0.192846
0.000000	0.192846	0.000000	0.192972
0.000000	0.192972	0.000000	0.193779
0.000000	0.193779	0.000000	0.193930
0.000000	0.193930	0.000000	0.194619
0.000000	0.194619	0.000000	0.194206
0.000000	0.194206	0.000000	0.193591
0.000000	0.193591	0.000000	0.193866
0.000000	0.193866	0.000000	0.194861
0.000000	0.194861	0.000000	0.195296
0.000000	0.195296	0.000000	0.194994
0.000000	0.194994	0.000000	0.195072
0.000000	0.195072	0.000000	0.196258
0.000000	0.196258	0.000000	0.195952
0.000000	0.195952	0.000000	0.195082
0.000000	0.195082	0.000000	0.195124
0.000000	0.195124	0.000000	0.194138
0.000000	0.194138	0.000000	0.194975
0.000000	0.194975	0.000000	0.195398
0.000000	0.195398	0.000000	0.194880
0.000000	0.194880	0.000000	0.194271
0.000000	0.194271	0.000000	0.193903
0.000000	0.193903	0.000000	0.194895
0.000000	0.194895	0.000000	0.193727
0.000000	0.193727	0.000000	0.194208
0.000000	0.194208	0.000000	0.193847
0.000000	0.193847	0.000000	0.193853
0.000000	0.193853	0.000000	0.191820
0.000000	0.191820	0.000000	0.191464
0.000000	0.191464	0.000000	0.190494
0.000000	0.190494	0.000000	0.191199
0.000000	0.191199	0.000000	0.190027
0.000000	0.190027	0.000000	0.190927
0.000000	0.190927	0.000000	0.190904
0.000000	0.190904	0.000000	0.191433
0.000000	0.191433	0.000000	0.191944
0.000000	0.191944	0.000000	0.192700
0.000000	0.192700	0.000000	0.192592
0.000000	0.192592	0.000000	0.191119
0.000000	0.191119	0.000000	0.191461
0.000000	0.191461	0.000000	0.192386
0.000000	0.192386	0.000000	0.193841
0.000000	0.193841	0.000000	0.194469
0.000000	0.194469	0.000000	0.194814
0.000000	0.194814	0.000000	0.194041
0.000000	0.194041	0.000000	0.193497
0.000000	0.193497	0.000000	0.194717
0.000000	0.194717	0.000000	0.195522
0.000000	0.195522	0.000000	0.194756
0.000000	0.194756	0.000000	0.194947
0.000000	0.194947	0.000000	0.195150
0.000000	0.195150	0.000000	0.195316
0.000000	0.195316	0.000000	0.193990
0.000000	0.193990	0.000000	0.194077
0.000000	0.194077	0.000000	0.195828
0.000000	0.195828	0.000000	0.194155
0.000000	0.194155	0.000000	0.194743
0.000000	0.194743	0.000000	0.196913
0.000000	0.196913	0.000000	0.196635
0.000000	0.196635	0.000000	0.195407
0.000000	0.195407	0.000000	0.195207
0.000000	0.195207	0.000000	0.194944
0.000000	0.194944	0.000000	0.194303
0.000000	0.194303	0.000000	0.195056
0.000000	0.195056	0.000000	0.194880
0.000000	0.194880	0.000000	0.195866
0.000000	0.195866	0.000000	0.195116
0.000000	0.195116	0.000000	0.195388
0.000000	0.195388	0.000000	0.194932
0.000000	0.194932	0.000000	0.195348
0.000000	0.195348	0.000000	0.194716
0.350248	0.249654	0.087788	0.238069
0.087788	0.238069	0.025659	0.215017
0.025659	0.215017	0.010202	0.200007
0.010202	0.200007	0.005077	0.192409
0.005077	0.192409	0.002790	0.188363
0.002790	0.188363	0.001653	0.185644
0.001653	0.185644	0.001200	0.183527
0.001200	0.183527	0.000825	0.182267
0.000825	0.182267	0.000534	0.182188
0.000534	0.182188	0.000373	0.182002
0.000373	0.182002	0.000283	0.182455
0.000283	0.182455	0.000218	0.180662
0.000218	0.180662	0.000150	0.180778
0.000150	0.180778	0.000100	0.181463
0.000100	0.181463	0.000060	0.181176
0.000060	0.181176	0.000076	0.181182
0.000076	0.181182	0.000058	0.180204
0.000058	0.180204	0.000072	0.179194
0.000072	0.179194	0.000099	0.178748
0.000099	0.178748	0.000076	0.178706
0.000076	0.178706	0.000072	0.178162
0.000072	0.178162	0.000137	0.178467
0.000137	0.178467	0.000176	0.177972
0.000176	0.177972	0.000189	0.177372
0.000189	0.177372	0.000137	0.177236
0.000137	0.177236	0.000113	0.177808
0.000113	0.177808	0.000115	0.177399
0.000115	0.177399	0.000085	0.177375
0.000085	0.177375	0.000078	0.177396
0.000078	0.177396	0.000077	0.177233
0.000077	0.177233	0.000063	0.177006
0.000063	0.177006	0.000051	0.177616
0.000051	0.177616	0.000054	0.178210
0.000054	0.178210	0.000046	0.178827
0.000046	0.178827	0.000022	0.178531
0.000022	0.178531	0.000006	0.178333
0.000006	0.178333	0.000005	0.178123
0.000005	0.178123	0.000002	0.179953
0.000002	0.179953	0.000000	0.179563
0.000000	0.179563	0.000000	0.178553
0.000000	0.178553	0.000000	0.179490
0.000000	0.179490	0.000000	0.179733
0.000000	0.179733	0.000000	0.180410
0.000000	0.180410	0.000000	0.180225
0.000000	0.180225	0.000000	0.178713
0.000000	0.178713	0.000000	0.179775
0.000000	0.179775	0.000000	0.179487
0.000000	0.179487	0.000000	0.179816
0.000000	0.179816	0.000000	0.179562
0.000000	0.179562	0.000000	0.179603
0.000000	0.179603	0.000000	0.178126
0.000000	0.178126	0.000000	0.177111
0.000000	0.177111	0.000000	0.177061
0.000000	0.177061	0.000000	0.175979
0.000000	0.175979	0.000000	0.176266
0.000000	0.176266	0.000000	0.176276
0.000000	0.176276	0.000000	0.175431
0.000000	0.175431	0.000000	0.174669
0.000000	0.174669	0.000000	0.175417
0.000000	0.175417	0.000000	0.175932
0.000000	0.175932	0.000000	0.175874
0.000000	0.175874	0.000000	0.175435
0.000000	0.175435	0.000000	0.176186
0.000000	0.176186	0.000000	0.176280
0.000000	0.176280	0.000000	0.175761
0.000000	0.175761	0.000000	0.174233
0.000000	0.174233	0.000000	0.173831
0.000000	0.173831	0.000000	0.174051
0.000000	0.174051	0.000000	0.173584
0.000000	0.173584	0.000000	0.174493
0.000000	0.174493	0.000000	0.173078
0.000000	0.173078	0.000000	0.172496
0.000000	0.172496	0.000000	0.172067
0.000000	0.172067	0.000000	0.173350
0.000000	0.173350	0.000000	0.173039
0.000000	0.173039	0.000000	0.172774
0.000000	0.172774	0.000000	0.173034
0.000000	0.173034	0.000000	0.172109
0.000000	0.172109	0.000000	0.173303
0.000000	0.173303	0.000000	0.173359
0.000000	0.173359	0.000000	0.173017
0.000000	0.173017	0.000000	0.172043
0.000000	0.172043	0.000000	0.171403
0.000000	0.171403	0.000000	0.170905
0.000000	0.170905	0.000000	0.170503
0.000000	0.170503	0.000000	0.170992
0.000000	0.170992	0.000000	0.170132
0.000000	0.170132	0.000000	0.170319
0.000000	0.170319	0.000000	0.168765
0.000000	0.168765	0.000000	0.169104
0.000000	0.169104	0.000000	0.169011
0.000000	0.169011	0.000000	0.168312
0.000000	0.168312	0.000000	0.170699
0.000000	0.170699	0.000000	0.171122
0.000000	0.171122	0.000000	0.172148
0.000000	0.172148	0.000000	0.170979
0.000000	0.170979	0.000000	0.169858
0.000000	0.169858	0.000000	0.169398
0.000000	0.169398	0.000000	0.169521
0.000000	0.169521	0.000000	0.169745
0.000000	0.169745	0.000000	0.170077
0.000000	0.170077	0.000000	0.170598
0.000000	0.170598	0.000000	0.169452
0.000000	0.169452	0.000000	0.169244
0.000000	0.169244	0.000000	0.169997
0.000000	0.169997	0.000000	0.169023
0.000000	0.169023	0.000000	0.169612
0.000000	0.169612	0.000000	0.168582
0.000000	0.168582	0.000000	0.168320
0.000000	0.168320	0.000000	0.167058
0.000000	0.167058	0.000000	0.167166
0.000000	0.167166	0.000000	0.166089
0.000000	0.166089	0.000000	0.166528
0.000000	0.166528	0.000000	0.166539
0.000000	0.166539	0.000000	0.165663
0.000000	0.165663	0.000000	0.166436
0.000000	0.166436	0.000000	0.165428
0.000000	0.165428	0.000000	0.164886
0.000000	0.164886	0.000000	0.164539
0.000000	0.164539	0.000000	0.165593
0.000000	0.165593	0.000000	0.164830
0.000000	0.164830	0.000000	0.164113
0.000000	0.164113	0.000000	0.163366
0.000000	0.163366	0.000000	0.163049
0.000000	0.163049	0.000000	0.162110
0.000000	0.162110	0.000000	0.160754
0.000000	0.160754	0.000000	0.159805
0.000000	0.159805	0.000000	0.160466
0.000000	0.160466	0.000000	0.159984
0.000000	0.159984	0.000000	0.159250
0.000000	0.159250	0.000000	0.159486
0.000000	0.159486	0.000000	0.160281
0.000000	0.160281	0.000000	0.159765
0.000000	0.159765	0.000000	0.158816
0.000000	0.158816	0.000000	0.158214
0.000000	0.158214	0.000000	0.157523
0.000000	0.157523	0.000000	0.156704
0.000000	0.156704	0.000000	0.157162
0.000000	0.157162	0.000000	0.157309
0.000000	0.157309	0.000000	0.157827
0.000000	0.157827	0.000000	0.157269
0.000000	0.157269	0.000000	0.157225
0.000000	0.157225	0.000000	0.157973
0.000000	0.157973	0.000000	0.158059
0.000000	0.158059	0.000000	0.157723
0.000000	0.157723	0.000000	0.157565
0.000000	0.157565	0.000000	0.156467
0.000000	0.156467	0.000000	0.156523
0.000000	0.156523	0.000000	0.156321
0.000000	0.156321	0.000000	0.157173
0.000000	0.157173	0.000000	0.157409
0.000000	0.157409	0.000000	0.156502
0.000000	0.156502	0.000000	0.156611
0.000000	0.156611	0.000000	0.156715
0.000000	0.156715	0.000000	0.156642
0.000000	0.156642	0.000000	0.156321
0.000000	0.156321	0.000000	0.156170
0.000000	0.156170	0.000000	0.155643
0.000000	0.155643	0.000000	0.156027
0.000000	0.156027	0.000000	0.156145
0.000000	0.156145	0.000000	0.154886
0.000000	0.154886	0.000000	0.154142
0.000000	0.154142	0.000000	0.154353
0.000000	0.154353	0.000000	0.154777
0.000000	0.154777	0.000000	0.153311
0.000000	0.153311	0.000000	0.153472
0.000000	0.153472	0.000000	0.154077
0.000000	0.154077	0.000000	0.153525
0.000000	0.153525	0.000000	0.152855
0.000000	0.152855	0.000000	0.152301
0.000000	0.152301	0.000000	0.151262
0.000000	0.151262	0.000000	0.150008
0.000000	0.150008	0.000000	0.149099
0.000000	0.149099	0.000000	0.149021
0.000000	0.149021	0.000000	0.148757
0.000000	0.148757	0.000000	0.149396
0.000000	0.149396	0.000000	0.150318
0.000000	0.150318	0.000000	0.150771
0.000000	0.150771	0.000000	0.150446
0.000000	0.150446	0.000000	0.151939
0.000000	0.151939	0.000000	0.151533
0.000000	0.151533	0.000000	0.151863
0.000000	0.151863	0.000000	0.152936
0.000000	0.152936	0.000000	0.153710
0.000000	0.153710	0.000000	0.152886
0.000000	0.152886	0.000000	0.153436
0.000000	0.153436	0.000000	0.153042
0.000000	0.153042	0.000000	0.152553
0.000000	0.152553	0.000000	0.153333
0.000000	0.153333	0.000000	0.152739
0.000000	0.152739	0.000000	0.152397
0.000000	0.152397	0.000000	0.152496
0.000000	0.152496	0.000000	0.153600
0.000000	0.153600	0.000000	0.154052
0.000000	0.154052	0.000000	0.154132
0.000000	0.154132	0.000000	0.153672
0.000000	0.153672	0.000000	0.154326
0.000000	0.154326	0.000000	0.154789
0.000000	0.154789	0.000000	0.155168
0.350377	0.200079	0.061573	0.188426
0.061573	0.188426	0.013184	0.170814
0.013184	0.170814	0.004117	0.162601
0.004117	0.162601	0.001841	0.158678
0.001841	0.158678	0.001012	0.156723
0.001012	0.156723	0.000670	0.155638
0.000670	0.155638	0.000453	0.153185
0.000453	0.153185	0.000254	0.152661
0.000254	0.152661	0.000185	0.153163
0.000185	0.153163	0.000112	0.152157
0.000112	0.152157	0.000068	0.150896
0.000068	0.150896	0.000075	0.151012
0.000075	0.151012	0.000082	0.151864
0.000082	0.151864	0.000116	0.151105
0.000116	0.151105	0.000090	0.150946
0.000090	0.150946	0.000074	0.150402
0.000074	0.150402	0.000044	0.151766
0.000044	0.151766	0.000021	0.150956
0.000021	0.150956	0.000000	0.150264
0.000000	0.150264	0.000000	0.152369
0.000000	0.152369	0.000000	0.153723
0.000000	0.153723	0.000000	0.154535
0.000000	0.154535	0.000000	0.154227
0.000000	0.154227	0.000000	0.154542
0.000000	0.154542	0.000000	0.154339
0.000000	0.154339	0.000000	0.155552
0.000000	0.155552	0.000000	0.156614
0.000000	0.156614	0.000000	0.157524
0.000000	0.157524	0.000000	0.157736
0.000000	0.157736	0.000000	0.156914
0.000000	0.156914	0.000000	0.156275
0.000000	0.156275	0.000000	0.156397
0.000000	0.156397	0.000000	0.156440
0.000000	0.156440	0.000000	0.155911
0.000000	0.155911	0.000000	0.155503
0.000000	0.155503	0.000000	0.155081
0.000000	0.155081	0.000000	0.154500
0.000000	0.154500	0.000000	0.154792
0.000000	0.154792	0.000000	0.155808
0.000000	0.155808	0.000000	0.155626
0.000000	0.155626	0.000000	0.156092
0.000000	0.156092	0.000000	0.155675
0.000000	0.155675	0.000000	0.154825
0.000000	0.154825	0.000000	0.155426
0.000000	0.155426	0.000000	0.155152
0.000000	0.155152	0.000000	0.154777
0.000000	0.154777	0.000000	0.154785
0.000000	0.154785	0.000000	0.154778
0.000000	0.154778	0.000000	0.155233
0.000000	0.155233	0.000000	0.155623
0.000000	0.155623	0.000000	0.154415
0.000000	0.154415	0.000000	0.154536
0.000000	0.154536	0.000000	0.154413
0.000000	0.154413	0.000000	0.155143
0.000000	0.155143	0.000000	0.155879
0.000000	0.155879	0.000000	0.154831
0.000000	0.154831	0.000000	0.154553
0.000000	0.154553	0.000000	0.154435
0.000000	0.154435	0.000000	0.154187
0.000000	0.154187	0.000000	0.152630
0.000000	0.152630	0.000000	0.152468
0.000000	0.152468	0.000000	0.152698
0.000000	0.152698	0.000000	0.153841
0.000000	0.153841	0.000000	0.153295
0.000000	0.153295	0.000000	0.154039
0.000000	0.154039	0.000000	0.154293
0.000000	0.154293	0.000000	0.154756
0.000000	0.154756	0.000000	0.155058
0.000000	0.155058	0.000000	0.155305
0.000000	0.155305	0.000000	0.155371
0.000000	0.155371	0.000000	0.156409
0.000000	0.156409	0.000000	0.157078
0.000000	0.157078	0.000000	0.157324
0.000000	0.157324	0.000000	0.157562
0.000000	0.157562	0.000000	0.157650
0.000000	0.157650	0.000000	0.156881
0.000000	0.156881	0.000000	0.157053
0.000000	0.157053	0.000000	0.156755
0.000000	0.156755	0.000000	0.156585
0.000000	0.156585	0.000000	0.155496
0.000000	0.155496	0.000000	0.155079
0.000000	0.155079	0.000000	0.155435
0.000000	0.155435	0.000000	0.154502
0.000000	0.154502	0.000000	0.154544
0.000000	0.154544	0.000000	0.154126
0.000000	0.154126	0.000000	0.153389
0.000000	0.153389	0.000000	0.153221
0.000000	0.153221	0.000000	0.153362
0.000000	0.153362	0.000000	0.152217
0.000000	0.152217	0.000000	0.151336
0.000000	0.151336	0.000000	0.150531
0.000000	0.150531	0.000000	0.151312
0.000000	0.151312	0.000000	0.152453
0.000000	0.152453	0.000000	0.153043
0.000000	0.153043	0.000000	0.154432
0.000000	0.154432	0.000000	0.155304
0.000000	0.155304	0.000000	0.154963
0.000000	0.154963	0.000000	0.155238
0.000000	0.155238	0.000000	0.156285
0.000000	0.156285	0.000000	0.155894
0.000000	0.155894	0.000000	0.154906
0.000000	0.154906	0.000000	0.154494
0.000000	0.154494	0.000000	0.153656
0.000000	0.153656	0.000000	0.153760
0.000000	0.153760	0.000000	0.154220
0.000000	0.154220	0.000000	0.154345
0.000000	0.154345	0.000000	0.154723
0.000000	0.154723	0.000000	0.154944
0.000000	0.154944	0.000000	0.155255
0.000000	0.155255	0.000000	0.156670
0.000000	0.156670	0.000000	0.155147
0.000000	0.155147	0.000000	0.154963
0.000000	0.154963	0.000000	0.155668
0.000000	0.155668	0.000000	0.156186
0.000000	0.156186	0.000000	0.156413
0.000000	0.156413	0.000000	0.157421
0.000000	0.157421	0.000000	0.156593
0.000000	0.156593	0.000000	0.157550
0.000000	0.157550	0.000000	0.157415
0.000000	0.157415	0.000000	0.158283
0.000000	0.158283	0.000000	0.157228
0.000000	0.157228	0.000000	0.157585
0.000000	0.157585	0.000000	0.158174
0.000000	0.158174	0.000000	0.158794
0.000000	0.158794	0.000000	0.159933
0.000000	0.159933	0.000000	0.159669
0.000000	0.159669	0.000000	0.159692
0.000000	0.159692	0.000000	0.160275
0.000000	0.160275	0.000000	0.161088
0.000000	0.161088	0.000000	0.160463
0.000000	0.160463	0.000000	0.161222
0.000000	0.161222	0.000000	0.162050
0.000000	0.162050	0.000000	0.161360
0.000000	0.161360	0.000000	0.161686
0.000000	0.161686	0.000000	0.160944
0.000000	0.160944	0.000000	0.161792
0.000000	0.161792	0.000000	0.162244
0.000000	0.162244	0.000000	0.161942
0.000000	0.161942	0.000000	0.160828
0.000000	0.160828	0.000000	0.161052
0.000000	0.161052	0.000000	0.160791
0.000000	0.160791	0.000000	0.159792
0.000000	0.159792	0.000000	0.159702
0.000000	0.159702	0.000000	0.160244
0.000000	0.160244	0.000000	0.159214
0.000000	0.159214	0.000000	0.158243
0.000000	0.158243	0.000000	0.157949
0.000000	0.157949	0.000000	0.158107
0.000000	0.158107	0.000000	0.158514
0.000000	0.158514	0.000000	0.159452
0.000000	0.159452	0.000000	0.158910
0.000000	0.158910	0.000000	0.158833
0.000000	0.158833	0.000000	0.158348
0.000000	0.158348	0.000000	0.158154
0.000000	0.158154	0.000000	0.158144
0.000000	0.158144	0.000000	0.158142
0.000000	0.158142	0.000000	0.158005
0.000000	0.158005	0.000000	0.158742
0.000000	0.158742	0.000000	0.158108
0.000000	0.158108	0.000000	0.157736
0.000000	0.157736	0.000000	0.157507
0.000000	0.157507	0.000000	0.158321
0.000000	0.158321	0.000000	0.158883
0.000000	0.158883	0.000000	0.159668
0.000000	0.159668	0.000000	0.161103
0.000000	0.161103	0.000000	0.161225
0.000000	0.161225	0.000000	0.161588
0.000000	0.161588	0.000000	0.162287
0.000000	0.162287	0.000000	0.161899
0.000000	0.161899	0.000000	0.160220
0.000000	0.160220	0.000000	0.160995
0.000000	0.160995	0.000000	0.161251
0.000000	0.161251	0.000000	0.160976
0.000000	0.160976	0.000000	0.160501
0.000000	0.160501	0.000000	0.160054
0.000000	0.160054	0.000000	0.160206
0.000000	0.160206	0.000000	0.160622
0.000000	0.160622	0.000000	0.160241
0.000000	0.160241	0.000000	0.159708
0.000000	0.159708	0.000000	0.159940
0.000000	0.159940	0.000000	0.160795
0.000000	0.160795	0.000000	0.159713
0.000000	0.159713	0.000000	0.160377
0.000000	0.160377	0.000000	0.159626
0.000000	0.159626	0.000000	0.159920
0.000000	0.159920	0.000000	0.159147
0.000000	0.159147	0.000000	0.159581
0.000000	0.159581	0.000000	0.158582
0.000000	0.158582	0.000000	0.158305
0.000000	0.158305	0.000000	0.157961
0.000000	0.157961	0.000000	0.156818
0.000000	0.156818	0.000000	0.157610
0.000000	0.157610	0.000000	0.157167
0.000000	0.157167	0.000000	0.157064
0.000000	0.157064	0.000000	0.158569
0.000000	0.158569	0.000000	0.158808
0.000000	0.158808	0.000000	0.159182
0.000000	0.159182	0.000000	0.159097
0.000000	0.159097	0.000000	0.159107
0.348991	0.149836	0.041028	0.140181
0.041028	0.140181	0.005789	0.128383
0.005789	0.128383	0.001301	0.123003
0.001301	0.123003	0.000362	0.121237
0.000362	0.121237	0.000109	0.119315
0.000109	0.119315	0.000058	0.118580
0.000058	0.118580	0.000015	0.117602
0.000015	0.117602	0.000011	0.117743
0.000011	0.117743	0.000003	0.118158
0.000003	0.118158	0.000003	0.118360
0.000003	0.118360	0.000006	0.118220
0.000006	0.118220	0.000000	0.118132
0.000000	0.118132	0.000000	0.117804
0.000000	0.117804	0.000000	0.118291
0.000000	0.118291	0.000000	0.116568
0.000000	0.116568	0.000000	0.116899
0.000000	0.116899	0.000000	0.117392
0.000000	0.117392	0.000000	0.117350
0.000000	0.117350	0.000000	0.117927
0.000000	0.117927	0.000000	0.118517
0.000000	0.118517	0.000000	0.117519
0.000000	0.117519	0.000000	0.116810
0.000000	0.116810	0.000000	0.117096
0.000000	0.117096	0.000000	0.117754
0.000000	0.117754	0.000000	0.118308
0.000000	0.118308	0.000000	0.118251
0.000000	0.118251	0.000000	0.118631
0.000000	0.118631	0.000000	0.118947
0.000000	0.118947	0.000000	0.118111
0.000000	0.118111	0.000000	0.117956
0.000000	0.117956	0.000000	0.117639
0.000000	0.117639	0.000000	0.118036
0.000000	0.118036	0.000000	0.118475
0.000000	0.118475	0.000000	0.117936
0.000000	0.117936	0.000000	0.118156
0.000000	0.118156	0.000000	0.117323
0.000000	0.117323	0.000000	0.117924
0.000000	0.117924	0.000000	0.118375
0.000000	0.118375	0.000000	0.118545
0.000000	0.118545	0.000000	0.118208
0.000000	0.118208	0.000000	0.118211
0.000000	0.118211	0.000000	0.118363
0.000000	0.118363	0.000000	0.118375
0.000000	0.118375	0.000000	0.118235
0.000000	0.118235	0.000000	0.118751
0.000000	0.118751	0.000000	0.118750
0.000000	0.118750	0.000000	0.119433
0.000000	0.119433	0.000000	0.118840
0.000000	0.118840	0.000000	0.119249
0.000000	0.119249	0.000000	0.119935
0.000000	0.119935	0.000000	0.119905
0.000000	0.119905	0.000000	0.119924
0.000000	0.119924	0.000000	0.118788
0.000000	0.118788	0.000000	0.119424
0.000000	0.119424	0.000000	0.118359
0.000000	0.118359	0.000000	0.117437
0.000000	0.117437	0.000000	0.117171
0.000000	0.117171	0.000000	0.118762
0.000000	0.118762	0.000000	0.118577
0.000000	0.118577	0.000000	0.119739
0.000000	0.119739	0.000000	0.119791
0.000000	0.119791	0.000000	0.118514
0.000000	0.118514	0.000000	0.118580
0.000000	0.118580	0.000000	0.117919
0.000000	0.117919	0.000000	0.117045
0.000000	0.117045	0.000000	0.117210
0.000000	0.117210	0.000000	0.118100
0.000000	0.118100	0.000000	0.118509
0.000000	0.118509	0.000000	0.117578
0.000000	0.117578	0.000000	0.118356
0.000000	0.118356	0.000000	0.119020
0.000000	0.119020	0.000000	0.119516
0.000000	0.119516	0.000000	0.119906
0.000000	0.119906	0.000000	0.119644
0.000000	0.119644	0.000000	0.119865
0.000000	0.119865	0.000000	0.121367
0.000000	0.121367	0.000000	0.120700
0.000000	0.120700	0.000000	0.121135
0.000000	0.121135	0.000000	0.121277
0.000000	0.121277	0.000000	0.122708
0.000000	0.122708	0.000000	0.123296
0.000000	0.123296	0.000000	0.122680
0.000000	0.122680	0.000000	0.121574
0.000000	0.121574	0.000000	0.121065
0.000000	0.121065	0.000000	0.121150
0.000000	0.121150	0.000000	0.121372
0.000000	0.121372	0.000000	0.121450
0.000000	0.121450	0.000000	0.121298
0.000000	0.121298	0.000000	0.121514
0.000000	0.121514	0.000000	0.121478
0.000000	0.121478	0.000000	0.120908
0.000000	0.120908	0.000000	0.121692
0.000000	0.121692	0.000000	0.122184
0.000000	0.122184	0.000000	0.122386
0.000000	0.122386	0.000000	0.123215
0.000000	0.123215	0.000000	0.122260
0.000000	0.122260	0.000000	0.122079
0.000000	0.122079	0.000000	0.121206
0.000000	0.121206	0.000000	0.121796
0.000000	0.121796	0.000000	0.122827
0.000000	0.122827	0.000000	0.123118
0.000000	0.123118	0.000000	0.123830
0.000000	0.123830	0.000000	0.123871
0.000000	0.123871	0.000000	0.124100
0.000000	0.124100	0.000000	0.124368
0.000000	0.124368	0.000000	0.124509
0.000000	0.124509	0.000000	0.124641
0.000000	0.124641	0.000000	0.126091
0.000000	0.126091	0.000000	0.125936
0.000000	0.125936	0.000000	0.125978
0.000000	0.125978	0.000000	0.125242
0.000000	0.125242	0.000000	0.125599
0.000000	0.125599	0.000000	0.126286
0.000000	0.126286	0.000000	0.125877
0.000000	0.125877	0.000000	0.125574
0.000000	0.125574	0.000000	0.125925
0.000000	0.125925	0.000000	0.125794
0.000000	0.125794	0.000000	0.125974
0.000000	0.125974	0.000000	0.125490
0.000000	0.125490	0.000000	0.125359
0.000000	0.125359	0.000000	0.124473
0.000000	0.124473	0.000000	0.124593
0.000000	0.124593	0.000000	0.123757
0.000000	0.123757	0.000000	0.123969
0.000000	0.123969	0.000000	0.123451
0.000000	0.123451	0.000000	0.123021
0.000000	0.123021	0.000000	0.122866
0.000000	0.122866	0.000000	0.122661
0.000000	0.122661	0.000000	0.121946
0.000000	0.121946	0.000000	0.122252
0.000000	0.122252	0.000000	0.122575
0.000000	0.122575	0.000000	0.121677
0.000000	0.121677	0.000000	0.122005
0.000000	0.122005	0.000000	0.122448
0.000000	0.122448	0.000000	0.122412
0.000000	0.122412	0.000000	0.122786
0.000000	0.122786	0.000000	0.122881
0.000000	0.122881	0.000000	0.123057
0.000000	0.123057	0.000000	0.123460
0.000000	0.123460	0.000000	0.123587
0.000000	0.123587	0.000000	0.123261
0.000000	0.123261	0.000000	0.123064
0.000000	0.123064	0.000000	0.123744
0.000000	0.123744	0.000000	0.124436
0.000000	0.124436	0.000000	0.124946
0.000000	0.124946	0.000000	0.123923
0.000000	0.123923	0.000000	0.124230
0.000000	0.124230	0.000000	0.125130
0.000000	0.125130	0.000000	0.124695
0.000000	0.124695	0.000000	0.124397
0.000000	0.124397	0.000000	0.124118
0.000000	0.124118	0.000000	0.125185
0.000000	0.125185	0.000000	0.125554
0.000000	0.125554	0.000000	0.125246
0.000000	0.125246	0.000000	0.124954
0.000000	0.124954	0.000000	0.125042
0.000000	0.125042	0.000000	0.124823
0.000000	0.124823	0.000000	0.124374
0.000000	0.124374	0.000000	0.124176
0.000000	0.124176	0.000000	0.124927
0.000000	0.124927	0.000000	0.125951
0.000000	0.125951	0.000000	0.126943
0.000000	0.126943	0.000000	0.127232
0.000000	0.127232	0.000000	0.126979
0.000000	0.126979	0.000000	0.127429
0.000000	0.127429	0.000000	0.127206
0.000000	0.127206	0.000000	0.127106
0.000000	0.127106	0.000000	0.127129
0.000000	0.127129	0.000000	0.127871
0.000000	0.127871	0.000000	0.128629
0.000000	0.128629	0.000000	0.127484
0.000000	0.127484	0.000000	0.128019
0.000000	0.128019	0.000000	0.127912
0.000000	0.127912	0.000000	0.127450
0.000000	0.127450	0.000000	0.127016
0.000000	0.127016	0.000000	0.127233
0.000000	0.127233	0.000000	0.127707
0.000000	0.127707	0.000000	0.128068
0.000000	0.128068	0.000000	0.127584
0.000000	0.127584	0.000000	0.128208
0.000000	0.128208	0.000000	0.128041
0.000000	0.128041	0.000000	0.128372
0.000000	0.128372	0.000000	0.129082
0.000000	0.129082	0.000000	0.128160
0.000000	0.128160	0.000000	0.128581
0.000000	0.128581	0.000000	0.128799
0.000000	0.128799	0.000000	0.129321
0.000000	0.129321	0.000000	0.129187
0.000000	0.129187	0.000000	0.127868
0.000000	0.127868	0.000000	0.127563
0.000000	0.127563	0.000000	0.127995
0.000000	0.127995	0.000000	0.128179
0.000000	0.128179	0.000000	0.127571
0.000000	0.127571	0.000000	0.127099
0.000000	0.127099	0.000000	0.127240
0.000000	0.127240	0.000000	0.128062
0.000000	0.128062	0.000000	0.128757
0.000000	0.128757	0.000000	0.128649
0.000000	0.128649	0.000000	0.128222
0.349762	0.100518	0.026187	0.093889
0.026187	0.093889	0.002228	0.086878
0.002228	0.086878	0.000363	0.084025
0.000363	0.084025	0.000116	0.084158
0.000116	0.084158	0.000045	0.083252
0.000045	0.083252	0.000022	0.082222
0.000022	0.082222	0.000003	0.081856
0.000003	0.081856	0.000000	0.081475
0.000000	0.081475	0.000000	0.080956
0.000000	0.080956	0.000000	0.081095
0.000000	0.081095	0.000000	0.081800
0.000000	0.081800	0.000000	0.082344
0.000000	0.082344	0.000000	0.083253
0.000000	0.083253	0.000000	0.082578
0.000000	0.082578	0.000000	0.082182
0.000000	0.082182	0.000000	0.083227
0.000000	0.083227	0.000000	0.082606
0.000000	0.082606	0.000000	0.082110
0.000000	0.082110	0.000000	0.082235
0.000000	0.082235	0.000000	0.081857
0.000000	0.081857	0.000000	0.082742
0.000000	0.082742	0.000000	0.083512
0.000000	0.083512	0.000000	0.083026
0.000000	0.083026	0.000000	0.082983
0.000000	0.082983	0.000000	0.082919
0.000000	0.082919	0.000000	0.082312
0.000000	0.082312	0.000000	0.082259
0.000000	0.082259	0.000000	0.082239
0.000000	0.082239	0.000000	0.081856
0.000000	0.081856	0.000000	0.081568
0.000000	0.081568	0.000000	0.081008
0.000000	0.081008	0.000000	0.081458
0.000000	0.081458	0.000000	0.080572
0.000000	0.080572	0.000000	0.080623
0.000000	0.080623	0.000000	0.081194
0.000000	0.081194	0.000000	0.079848
0.000000	0.079848	0.000000	0.079839
0.000000	0.079839	0.000000	0.078313
0.000000	0.078313	0.000000	0.077639
0.000000	0.077639	0.000000	0.077885
0.000000	0.077885	0.000000	0.077973
0.000000	0.077973	0.000000	0.078193
0.000000	0.078193	0.000000	0.077918
0.000000	0.077918	0.000000	0.078698
0.000000	0.078698	0.000000	0.079386
0.000000	0.079386	0.000000	0.078363
0.000000	0.078363	0.000000	0.077752
0.000000	0.077752	0.000000	0.078156
0.000000	0.078156	0.000000	0.077204
0.000000	0.077204	0.000000	0.077042
0.000000	0.077042	0.000000	0.076471
0.000000	0.076471	0.000000	0.076269
0.000000	0.076269	0.000000	0.076846
0.000000	0.076846	0.000000	0.077577
0.000000	0.077577	0.000000	0.077353
0.000000	0.077353	0.000000	0.077055
0.000000	0.077055	0.000000	0.077287
0.000000	0.077287	0.000000	0.077127
0.000000	0.077127	0.000000	0.076137
0.000000	0.076137	0.000000	0.076280
0.000000	0.076280	0.000000	0.076634
0.000000	0.076634	0.000000	0.076729
0.000000	0.076729	0.000000	0.076524
0.000000	0.076524	0.000000	0.077141
0.000000	0.077141	0.000000	0.076858
0.000000	0.076858	0.000000	0.076139
0.000000	0.076139	0.000000	0.076724
0.000000	0.076724	0.000000	0.076725
0.000000	0.076725	0.000000	0.077120
0.000000	0.077120	0.000000	0.077914
0.000000	0.077914	0.000000	0.077846
0.000000	0.077846	0.000000	0.077819
0.000000	0.077819	0.000000	0.078533
0.000000	0.078533	0.000000	0.078465
0.000000	0.078465	0.000000	0.078720
0.000000	0.078720	0.000000	0.078191
0.000000	0.078191	0.000000	0.077428
0.000000	0.077428	0.000000	0.077599
0.000000	0.077599	0.000000	0.078210
0.000000	0.078210	0.000000	0.078443
0.000000	0.078443	0.000000	0.078915
0.000000	0.078915	0.000000	0.079009
0.000000	0.079009	0.000000	0.078470
0.000000	0.078470	0.000000	0.079005
0.000000	0.079005	0.000000	0.079190
0.000000	0.079190	0.000000	0.079336
0.000000	0.079336	0.000000	0.079547
0.000000	0.079547	0.000000	0.079329
0.000000	0.079329	0.000000	0.079478
0.000000	0.079478	0.000000	0.079419
0.000000	0.079419	0.000000	0.077757
0.000000	0.077757	0.000000	0.078258
0.000000	0.078258	0.000000	0.078485
0.000000	0.078485	0.000000	0.078523
0.000000	0.078523	0.000000	0.078711
0.000000	0.078711	0.000000	0.078324
0.000000	0.078324	0.000000	0.077987
0.000000	0.077987	0.000000	0.078400
0.000000	0.078400	0.000000	0.078503
0.000000	0.078503	0.000000	0.078437
0.000000	0.078437	0.000000	0.077627
0.000000	0.077627	0.000000	0.077707
0.000000	0.077707	0.000000	0.078018
0.000000	0.078018	0.000000	0.078613
0.000000	0.078613	0.000000	0.077707
0.000000	0.077707	0.000000	0.077208
0.000000	0.077208	0.000000	0.077192
0.000000	0.077192	0.000000	0.076529
0.000000	0.076529	0.000000	0.077133
0.000000	0.077133	0.000000	0.077010
0.000000	0.077010	0.000000	0.077386
0.000000	0.077386	0.000000	0.077559
0.000000	0.077559	0.000000	0.077107
0.000000	0.077107	0.000000	0.077891
0.000000	0.077891	0.000000	0.077955
0.000000	0.077955	0.000000	0.077905
0.000000	0.077905	0.000000	0.078161
0.000000	0.078161	0.000000	0.078994
0.000000	0.078994	0.000000	0.078478
0.000000	0.078478	0.000000	0.078116
0.000000	0.078116	0.000000	0.077707
0.000000	0.077707	0.000000	0.077435
0.000000	0.077435	0.000000	0.077195
0.000000	0.077195	0.000000	0.077746
0.000000	0.077746	0.000000	0.077523
0.000000	0.077523	0.000000	0.077273
0.000000	0.077273	0.000000	0.076800
0.000000	0.076800	0.000000	0.077281
0.000000	0.077281	0.000000	0.078220
0.000000	0.078220	0.000000	0.077429
0.000000	0.077429	0.000000	0.077547
0.000000	0.077547	0.000000	0.078178
0.000000	0.078178	0.000000	0.078636
0.000000	0.078636	0.000000	0.078730
0.000000	0.078730	0.000000	0.078326
0.000000	0.078326	0.000000	0.077952
0.000000	0.077952	0.000000	0.077222
0.000000	0.077222	0.000000	0.077641
0.000000	0.077641	0.000000	0.078075
0.000000	0.078075	0.000000	0.078528
0.000000	0.078528	0.000000	0.079083
0.000000	0.079083	0.000000	0.078976
0.000000	0.078976	0.000000	0.078842
0.000000	0.078842	0.000000	0.079004
0.000000	0.079004	0.000000	0.078704
0.000000	0.078704	0.000000	0.077821
0.000000	0.077821	0.000000	0.078795
0.000000	0.078795	0.000000	0.079023
0.000000	0.079023	0.000000	0.078715
0.000000	0.078715	0.000000	0.078483
0.000000	0.078483	0.000000	0.077554
0.000000	0.077554	0.000000	0.078297
0.000000	0.078297	0.000000	0.078674
0.000000	0.078674	0.000000	0.078476
0.000000	0.078476	0.000000	0.078452
0.000000	0.078452	0.000000	0.078860
0.000000	0.078860	0.000000	0.078150
0.000000	0.078150	0.000000	0.078812
0.000000	0.078812	0.000000	0.079326
0.000000	0.079326	0.000000	0.079571
0.000000	0.079571	0.000000	0.080729
0.000000	0.080729	0.000000	0.081085
0.000000	0.081085	0.000000	0.081887
0.000000	0.081887	0.000000	0.081114
0.000000	0.081114	0.000000	0.080664
0.000000	0.080664	0.000000	0.080513
0.000000	0.080513	0.000000	0.080543
0.000000	0.080543	0.000000	0.080929
0.000000	0.080929	0.000000	0.081258
0.000000	0.081258	0.000000	0.081339
0.000000	0.081339	0.000000	0.081120
0.000000	0.081120	0.000000	0.080631
0.000000	0.080631	0.000000	0.080678
0.000000	0.080678	0.000000	0.081145
0.000000	0.081145	0.000000	0.080679
0.000000	0.080679	0.000000	0.080317
0.000000	0.080317	0.000000	0.081248
0.000000	0.081248	0.000000	0.081660
0.000000	0.081660	0.000000	0.081455
0.000000	0.081455	0.000000	0.081829
0.000000	0.081829	0.000000	0.081687
0.000000	0.081687	0.000000	0.081673
0.000000	0.081673	0.000000	0.081915
0.000000	0.081915	0.000000	0.081879
0.000000	0.081879	0.000000	0.081523
0.000000	0.081523	0.000000	0.081681
0.000000	0.081681	0.000000	0.081328
0.000000	0.081328	0.000000	0.081220
0.000000	0.081220	0.000000	0.080708
0.000000	0.080708	0.000000	0.080689
0.000000	0.080689	0.000000	0.080154
0.000000	0.080154	0.000000	0.080384
0.000000	0.080384	0.000000	0.081395
0.000000	0.081395	0.000000	0.081558
0.000000	0.081558	0.000000	0.081161
0.000000	0.081161	0.000000	0.081915
0.000000	0.081915	0.000000	0.081948
0.000000	0.081948	0.000000	0.081035
0.000000	0.081035	0.000000	0.080990
0.349602	0.049964	0.015030	0.046479
0.015030	0.046479	0.000625	0.043310
0.000625	0.043310	0.000035	0.042128
0.000035	0.042128	0.000000	0.041660
0.000000	0.041660	0.000002	0.041491
0.000002	0.041491	0.000000	0.041744
0.000000	0.041744	0.000000	0.041216
0.000000	0.041216	0.000000	0.041433
0.000000	0.041433	0.000000	0.041318
0.000000	0.041318	0.000000	0.041147
0.000000	0.041147	0.000000	0.041231
0.000000	0.041231	0.000000	0.040899
0.000000	0.040899	0.000000	0.040004
0.000000	0.040004	0.000000	0.039682
0.000000	0.039682	0.000000	0.039649
0.000000	0.039649	0.000000	0.038878
0.000000	0.038878	0.000000	0.038907
0.000000	0.038907	0.000000	0.038487
0.000000	0.038487	0.000000	0.039004
0.000000	0.039004	0.000000	0.038857
0.000000	0.038857	0.000000	0.038977
0.000000	0.038977	0.000000	0.038347
0.000000	0.038347	0.000000	0.038137
0.000000	0.038137	0.000000	0.038192
0.000000	0.038192	0.000000	0.038365
0.000000	0.038365	0.000000	0.038938
0.000000	0.038938	0.000000	0.039328
0.000000	0.039328	0.000000	0.039387
0.000000	0.039387	0.000000	0.040002
0.000000	0.040002	0.000000	0.039436
0.000000	0.039436	0.000000	0.039052
0.000000	0.039052	0.000000	0.038299
0.000000	0.038299	0.000000	0.038236
0.000000	0.038236	0.000000	0.037933
0.000000	0.037933	0.000000	0.037410
0.000000	0.037410	0.000000	0.037736
0.000000	0.037736	0.000000	0.037438
0.000000	0.037438	0.000000	0.037840
0.000000	0.037840	0.000000	0.038016
0.000000	0.038016	0.000000	0.037770
0.000000	0.037770	0.000000	0.038002
0.000000	0.038002	0.000000	0.038099
0.000000	0.038099	0.000000	0.038110
0.000000	0.038110	0.000000	0.038499
0.000000	0.038499	0.000000	0.038774
0.000000	0.038774	0.000000	0.038857
0.000000	0.038857	0.000000	0.038370
0.000000	0.038370	0.000000	0.038071
0.000000	0.038071	0.000000	0.038478
0.000000	0.038478	0.000000	0.039195
0.000000	0.039195	0.000000	0.039376
0.000000	0.039376	0.000000	0.039700
0.000000	0.039700	0.000000	0.040299
0.000000	0.040299	0.000000	0.040035
0.000000	0.040035	0.000000	0.040464
0.000000	0.040464	0.000000	0.040569
0.000000	0.040569	0.000000	0.040496
0.000000	0.040496	0.000000	0.040276
0.000000	0.040276	0.000000	0.039959
0.000000	0.039959	0.000000	0.040926
0.000000	0.040926	0.000000	0.040600
0.000000	0.040600	0.000000	0.040148
0.000000	0.040148	0.000000	0.040116
0.000000	0.040116	0.000000	0.040308
0.000000	0.040308	0.000000	0.040474
0.000000	0.040474	0.000000	0.040336
0.000000	0.040336	0.000000	0.040768
0.000000	0.040768	0.000000	0.040344
0.000000	0.040344	0.000000	0.039750
0.000000	0.039750	0.000000	0.039482
0.000000	0.039482	0.000000	0.039452
0.000000	0.039452	0.000000	0.039977
0.000000	0.039977	0.000000	0.039649
0.000000	0.039649	0.000000	0.039920
0.000000	0.039920	0.000000	0.039910
0.000000	0.039910	0.000000	0.039843
0.000000	0.039843	0.000000	0.039138
0.000000	0.039138	0.000000	0.038954
0.000000	0.038954	0.000000	0.039328
0.000000	0.039328	0.000000	0.038611
0.000000	0.038611	0.000000	0.038650
0.000000	0.038650	0.000000	0.039071
0.000000	0.039071	0.000000	0.039520
0.000000	0.039520	0.000000	0.039473
0.000000	0.039473	0.000000	0.040245
0.000000	0.040245	0.000000	0.040191
0.000000	0.040191	0.000000	0.040213
0.000000	0.040213	0.000000	0.040123
0.000000	0.040123	0.000000	0.040199
0.000000	0.040199	0.000000	0.040164
0.000000	0.040164	0.000000	0.040061
0.000000	0.040061	0.000000	0.039691
0.000000	0.039691	0.000000	0.039275
0.000000	0.039275	0.000000	0.039101
0.000000	0.039101	0.000000	0.039258
0.000000	0.039258	0.000000	0.039390
0.000000	0.039390	0.000000	0.038632
0.000000	0.038632	0.000000	0.038343
0.000000	0.038343	0.000000	0.038383
0.000000	0.038383	0.000000	0.038876
0.000000	0.038876	0.000000	0.038411
0.000000	0.038411	0.000000	0.038762
0.000000	0.038762	0.000000	0.038614
0.000000	0.038614	0.000000	0.038636
0.000000	0.038636	0.000000	0.038741
0.000000	0.038741	0.000000	0.039071
0.000000	0.039071	0.000000	0.039436
0.000000	0.039436	0.000000	0.039292
0.000000	0.039292	0.000000	0.038712
0.000000	0.038712	0.000000	0.039193
0.000000	0.039193	0.000000	0.039049
0.000000	0.039049	0.000000	0.039351
0.000000	0.039351	0.000000	0.039468
0.000000	0.039468	0.000000	0.040312
0.000000	0.040312	0.000000	0.040428
0.000000	0.040428	0.000000	0.040007
0.000000	0.040007	0.000000	0.040195
0.000000	0.040195	0.000000	0.040306
0.000000	0.040306	0.000000	0.040541
0.000000	0.040541	0.000000	0.040610
0.000000	0.040610	0.000000	0.040040
0.000000	0.040040	0.000000	0.040006
0.000000	0.040006	0.000000	0.040641
0.000000	0.040641	0.000000	0.041017
0.000000	0.041017	0.000000	0.041294
0.000000	0.041294	0.000000	0.041687
0.000000	0.041687	0.000000	0.042542
0.000000	0.042542	0.000000	0.042861
0.000000	0.042861	0.000000	0.042953
0.000000	0.042953	0.000000	0.043168
0.000000	0.043168	0.000000	0.042693
0.000000	0.042693	0.000000	0.042573
0.000000	0.042573	0.000000	0.042437
0.000000	0.042437	0.000000	0.042084
0.000000	0.042084	0.000000	0.042392
0.000000	0.042392	0.000000	0.042560
0.000000	0.042560	0.000000	0.042662
0.000000	0.042662	0.000000	0.043064
0.000000	0.043064	0.000000	0.042756
0.000000	0.042756	0.000000	0.043252
0.000000	0.043252	0.000000	0.043176
0.000000	0.043176	0.000000	0.043634
0.000000	0.043634	0.000000	0.043383
0.000000	0.043383	0.000000	0.043967
0.000000	0.043967	0.000000	0.043540
0.000000	0.043540	0.000000	0.044582
0.000000	0.044582	0.000000	0.044679
0.000000	0.044679	0.000000	0.044997
0.000000	0.044997	0.000000	0.045166
0.000000	0.045166	0.000000	0.045278
0.000000	0.045278	0.000000	0.046324
0.000000	0.046324	0.000000	0.046003
0.000000	0.046003	0.000000	0.046191
0.000000	0.046191	0.000000	0.046340
0.000000	0.046340	0.000000	0.045689
0.000000	0.045689	0.000000	0.045440
0.000000	0.045440	0.000000	0.045621
0.000000	0.045621	0.000000	0.045969
0.000000	0.045969	0.000000	0.046929
0.000000	0.046929	0.000000	0.046985
0.000000	0.046985	0.000000	0.046910
0.000000	0.046910	0.000000	0.046646
0.000000	0.046646	0.000000	0.046927
0.000000	0.046927	0.000000	0.046770
0.000000	0.046770	0.000000	0.046959
0.000000	0.046959	0.000000	0.046797
0.000000	0.046797	0.000000	0.046608
0.000000	0.046608	0.000000	0.046614
0.000000	0.046614	0.000000	0.047352
0.000000	0.047352	0.000000	0.047233
0.000000	0.047233	0.000000	0.047483
0.000000	0.047483	0.000000	0.047727
0.000000	0.047727	0.000000	0.048091
0.000000	0.048091	0.000000	0.049111
0.000000	0.049111	0.000000	0.049055
0.000000	0.049055	0.000000	0.049112
0.000000	0.049112	0.000000	0.048517
0.000000	0.048517	0.000000	0.048037
0.000000	0.048037	0.000000	0.047813
0.000000	0.047813	0.000000	0.047599
0.000000	0.047599	0.000000	0.047938
0.000000	0.047938	0.000000	0.047571
0.000000	0.047571	0.000000	0.048383
0.000000	0.048383	0.000000	0.048778
0.000000	0.048778	0.000000	0.048333
0.000000	0.048333	0.000000	0.048143
0.000000	0.048143	0.000000	0.048318
0.000000	0.048318	0.000000	0.047609
0.000000	0.047609	0.000000	0.047860
0.000000	0.047860	0.000000	0.047596
0.000000	0.047596	0.000000	0.047640
0.000000	0.047640	0.000000	0.048083
0.000000	0.048083	0.000000	0.048239
0.000000	0.048239	0.000000	0.048508
0.000000	0.048508	0.000000	0.048759
0.000000	0.048759	0.000000	0.049048
0.000000	0.049048	0.000000	0.048424
0.000000	0.048424	0.000000	0.048646
0.000000	0.048646	0.000000	0.048326
