0.299422	0.100076	0.130475	0.098261
0.130475	0.098261	0.074261	0.099223
0.074261	0.099223	0.056634	0.100359
0.056634	0.100359	0.054568	0.103941
0.054568	0.103941	0.059296	0.108902
0.059296	0.108902	0.066361	0.114101
0.066361	0.114101	0.074860	0.120886
0.074860	0.120886	0.084318	0.127830
0.084318	0.127830	0.093695	0.134386
0.093695	0.134386	0.104524	0.142391
0.104524	0.142391	0.116076	0.151400
0.116076	0.151400	0.126542	0.160264
0.126542	0.160264	0.138305	0.170173
0.138305	0.170173	0.150719	0.180930
0.150719	0.180930	0.163321	0.191334
0.163321	0.191334	0.177021	0.203055
0.177021	0.203055	0.189275	0.213736
0.189275	0.213736	0.202660	0.225394
0.202660	0.225394	0.216614	0.237717
0.216614	0.237717	0.230291	0.249896
0.230291	0.249896	0.245016	0.263469
0.245016	0.263469	0.259340	0.276374
0.259340	0.276374	0.274894	0.290149
0.274894	0.290149	0.289872	0.303693
0.289872	0.303693	0.305709	0.318593
0.305709	0.318593	0.320647	0.332609
0.320647	0.332609	0.335963	0.346943
0.335963	0.346943	0.350896	0.361276
0.350896	0.361276	0.366607	0.376038
0.366607	0.376038	0.382598	0.391262
0.382598	0.391262	0.399756	0.407577
0.399756	0.407577	0.414358	0.421731
0.414358	0.421731	0.429788	0.436957
0.429788	0.436957	0.445930	0.452610
0.445930	0.452610	0.461444	0.467937
0.461444	0.467937	0.477285	0.483263
0.477285	0.483263	0.491793	0.497641
0.491793	0.497641	0.506483	0.511811
0.506483	0.511811	0.521204	0.526007
0.521204	0.526007	0.537564	0.541843
0.537564	0.541843	0.553483	0.557602
0.553483	0.557602	0.567890	0.571514
0.567890	0.571514	0.583218	0.586648
0.583218	0.586648	0.597491	0.600501
0.597491	0.600501	0.611043	0.613833
0.611043	0.613833	0.626338	0.628905
0.626338	0.628905	0.640282	0.642627
0.640282	0.642627	0.654802	0.656964
0.654802	0.656964	0.669088	0.670953
0.669088	0.670953	0.682925	0.684444
0.682925	0.684444	0.696017	0.697455
0.696017	0.697455	0.708447	0.709672
0.708447	0.709672	0.720032	0.721144
0.720032	0.721144	0.732414	0.733434
0.732414	0.733434	0.743183	0.744025
0.743183	0.744025	0.754179	0.754953
0.754179	0.754953	0.764608	0.765174
0.764608	0.765174	0.775173	0.775640
0.775173	0.775640	0.785548	0.785926
0.785548	0.785926	0.794828	0.795169
0.794828	0.795169	0.804828	0.805164
0.804828	0.805164	0.814604	0.814843
0.814604	0.814843	0.823460	0.823606
0.823460	0.823606	0.832367	0.832570
0.832367	0.832570	0.840381	0.840509
0.840381	0.840509	0.848233	0.848358
0.848233	0.848358	0.855772	0.855925
0.855772	0.855925	0.864119	0.864290
0.864119	0.864290	0.871200	0.871285
0.871200	0.871285	0.878036	0.878116
0.878036	0.878116	0.884797	0.884842
0.884797	0.884842	0.891226	0.891229
0.891226	0.891229	0.897186	0.897191
0.897186	0.897191	0.903187	0.903220
0.903187	0.903220	0.908890	0.908922
0.908890	0.908922	0.914632	0.914653
0.914632	0.914653	0.919701	0.919730
0.919701	0.919730	0.924375	0.924415
0.924375	0.924415	0.928609	0.928626
0.928609	0.928626	0.932910	0.932902
0.932910	0.932902	0.937240	0.937235
0.937240	0.937235	0.941132	0.941099
0.941132	0.941099	0.944634	0.944573
0.944634	0.944573	0.948812	0.948736
0.948812	0.948736	0.952679	0.952572
0.952679	0.952572	0.955835	0.955714
0.955835	0.955714	0.958796	0.958695
0.958796	0.958695	0.962101	0.961994
0.962101	0.961994	0.964531	0.964407
0.964531	0.964407	0.967045	0.966905
0.967045	0.966905	0.969568	0.969451
0.969568	0.969451	0.971638	0.971519
0.971638	0.971519	0.973719	0.973593
0.973719	0.973593	0.975936	0.975790
0.975936	0.975790	0.977658	0.977501
0.977658	0.977501	0.979234	0.979098
0.979234	0.979098	0.980787	0.980657
0.980787	0.980657	0.982248	0.982112
0.982248	0.982112	0.983903	0.983743
0.983903	0.983743	0.985169	0.984998
0.985169	0.984998	0.986419	0.986221
0.986419	0.986221	0.987370	0.987237
0.987370	0.987237	0.988441	0.988344
0.988441	0.988344	0.989533	0.989449
0.989533	0.989449	0.990339	0.990236
0.990339	0.990236	0.991184	0.991114
0.991184	0.991114	0.991741	0.991681
0.991741	0.991681	0.992443	0.992422
0.992443	0.992422	0.992955	0.992909
0.992955	0.992909	0.993367	0.993349
0.993367	0.993349	0.993861	0.993840
0.993861	0.993840	0.994237	0.994205
0.994237	0.994205	0.994786	0.994763
0.994786	0.994763	0.995185	0.995157
0.995185	0.995157	0.995571	0.995556
0.995571	0.995556	0.995932	0.995922
0.995932	0.995922	0.996113	0.996105
0.996113	0.996105	0.996376	0.996362
0.996376	0.996362	0.996571	0.996556
0.996571	0.996556	0.996883	0.996876
0.996883	0.996876	0.997223	0.997214
0.997223	0.997214	0.997471	0.997466
0.997471	0.997466	0.997653	0.997648
0.997653	0.997648	0.997850	0.997843
0.997850	0.997843	0.998089	0.998089
0.998089	0.998089	0.998305	0.998305
0.998305	0.998305	0.998460	0.998460
0.998460	0.998460	0.998583	0.998583
0.998583	0.998583	0.998663	0.998663
0.998663	0.998663	0.998797	0.998797
0.998797	0.998797	0.998883	0.998883
0.998883	0.998883	0.998958	0.998958
0.998958	0.998958	0.999106	0.999106
0.999106	0.999106	0.999202	0.999202
0.999202	0.999202	0.999376	0.999376
0.999376	0.999376	0.999414	0.999414
0.999414	0.999414	0.999491	0.999491
0.999491	0.999491	0.999582	0.999582
0.999582	0.999582	0.999646	0.999646
0.999646	0.999646	0.999735	0.999735
0.999735	0.999735	0.999772	0.999772
0.999772	0.999772	0.999824	0.999824
0.999824	0.999824	0.999841	0.999841
0.999841	0.999841	0.999880	0.999880
0.999880	0.999880	0.999881	0.999881
0.999881	0.999881	0.999918	0.999918
0.999918	0.999918	0.999944	0.999944
0.999944	0.999944	0.999976	0.999976
0.999976	0.999976	0.999989	0.999989
0.999989	0.999989	0.999996	0.999996
0.999996	0.999996	0.999998	0.999998
0.999998	0.999998	1.000000	1.000000
1.000000	1.000000	1.000000	1.000000
1.000000	1.000000	1.000000	1.000000
1.000000	1.000000	1.000000	1.000000
1.000000	1.000000	1.000000	1.000000
1.000000	1.000000	1.000000	1.000000
1.000000	1.000000	1.000000	1.000000
1.000000	1.000000	1.000000	1.000000
1.000000	1.000000	1.000000	1.000000
1.000000	1.000000	1.000000	1.000000
1.000000	1.000000	1.000000	1.000000
1.000000	1.000000	1.000000	1.000000
1.000000	1.000000	1.000000	1.000000
1.000000	1.000000	1.000000	1.000000
1.000000	1.000000	1.000000	1.000000
1.000000	1.000000	1.000000	1.000000
1.000000	1.000000	1.000000	1.000000
1.000000	1.000000	1.000000	1.000000
1.000000	1.000000	1.000000	1.000000
1.000000	1.000000	1.000000	1.000000
1.000000	1.000000	1.000000	1.000000
1.000000	1.000000	1.000000	1.000000
1.000000	1.000000	1.000000	1.000000
1.000000	1.000000	1.000000	1.000000
1.000000	1.000000	1.000000	1.000000
1.000000	1.000000	1.000000	1.000000
1.000000	1.000000	1.000000	1.000000
1.000000	1.000000	1.000000	1.000000
1.000000	1.000000	1.000000	1.000000
1.000000	1.000000	1.000000	1.000000
1.000000	1.000000	1.000000	1.000000
1.000000	1.000000	1.000000	1.000000
1.000000	1.000000	1.000000	1.000000
1.000000	1.000000	1.000000	1.000000
1.000000	1.000000	1.000000	1.000000
1.000000	1.000000	1.000000	1.000000
1.000000	1.000000	1.000000	1.000000
1.000000	1.000000	1.000000	1.000000
1.000000	1.000000	1.000000	1.000000
1.000000	1.000000	1.000000	1.000000
1.000000	1.000000	1.000000	1.000000
1.000000	1.000000	1.000000	1.000000
1.000000	1.000000	1.000000	1.000000
1.000000	1.000000	1.000000	1.000000
1.000000	1.000000	1.000000	1.000000
1.000000	1.000000	1.000000	1.000000
1.000000	1.000000	1.000000	1.000000
1.000000	1.000000	1.000000	1.000000
0.299766	0.200739	0.204761	0.200277
0.204761	0.200277	0.166256	0.203506
0.166256	0.203506	0.156901	0.210220
0.156901	0.210220	0.165952	0.221140
0.165952	0.221140	0.184087	0.234297
0.184087	0.234297	0.207168	0.252481
0.207168	0.252481	0.232056	0.271101
0.232056	0.271101	0.258591	0.291067
0.258591	0.291067	0.288630	0.315228
0.288630	0.315228	0.318571	0.340127
0.318571	0.340127	0.348676	0.365868
0.348676	0.365868	0.379483	0.393548
0.379483	0.393548	0.409396	0.421245
0.409396	0.421245	0.438850	0.448663
0.438850	0.448663	0.468029	0.476036
0.468029	0.476036	0.495283	0.501993
0.495283	0.501993	0.524309	0.529709
0.524309	0.529709	0.552278	0.556569
0.552278	0.556569	0.580227	0.583455
0.580227	0.583455	0.607096	0.609471
0.607096	0.609471	0.633167	0.634918
0.633167	0.634918	0.658650	0.659947
0.658650	0.659947	0.682880	0.683672
0.682880	0.683672	0.704940	0.705523
0.704940	0.705523	0.726321	0.726689
0.726321	0.726689	0.746961	0.747183
0.746961	0.747183	0.766106	0.766208
0.766106	0.766208	0.784880	0.784822
0.784880	0.784822	0.802288	0.802101
0.802288	0.802101	0.819160	0.818820
0.819160	0.818820	0.834598	0.834196
0.834598	0.834196	0.849304	0.848906
0.849304	0.848906	0.863360	0.863082
0.863360	0.863082	0.876192	0.875917
0.876192	0.875917	0.888049	0.887679
0.888049	0.887679	0.898718	0.898326
0.898718	0.898326	0.909043	0.908690
0.909043	0.908690	0.917995	0.917639
0.917995	0.917639	0.926263	0.925832
0.926263	0.925832	0.934664	0.934178
0.934664	0.934178	0.942350	0.941810
0.942350	0.941810	0.949130	0.948607
0.949130	0.948607	0.954574	0.954083
0.954574	0.954083	0.959573	0.959122
0.959573	0.959122	0.965381	0.964953
0.965381	0.964953	0.969750	0.969240
0.969750	0.969240	0.973856	0.973307
0.973856	0.973307	0.977190	0.976613
0.977190	0.976613	0.980016	0.979370
0.980016	0.979370	0.982487	0.981859
0.982487	0.981859	0.984772	0.984119
0.984772	0.984119	0.986902	0.986260
0.986902	0.986260	0.988911	0.988298
0.988911	0.988298	0.990642	0.989961
0.990642	0.989961	0.992310	0.991642
0.992310	0.991642	0.993365	0.992659
0.993365	0.992659	0.994535	0.993785
0.994535	0.993785	0.995513	0.994734
0.995513	0.994734	0.996192	0.995404
0.996192	0.995404	0.996978	0.996304
0.996978	0.996304	0.997568	0.996924
0.997568	0.996924	0.998172	0.997515
0.998172	0.997515	0.998550	0.997905
0.998550	0.997905	0.998834	0.998218
0.998834	0.998218	0.998968	0.998315
0.998968	0.998315	0.999158	0.998546
0.999158	0.998546	0.999304	0.998675
0.999304	0.998675	0.999425	0.998785
0.999425	0.998785	0.999519	0.998872
0.999519	0.998872	0.999582	0.998850
0.999582	0.998850	0.999655	0.998866
0.999655	0.998866	0.999708	0.998926
0.999708	0.998926	0.999770	0.999043
0.999770	0.999043	0.999835	0.999088
0.999835	0.999088	0.999877	0.999070
0.999877	0.999070	0.999914	0.999114
0.999914	0.999114	0.999922	0.999072
0.999922	0.999072	0.999961	0.999100
0.999961	0.999100	0.999966	0.999051
0.999966	0.999051	0.999984	0.999088
0.999984	0.999088	0.999981	0.999063
0.999981	0.999063	0.999993	0.999081
0.999993	0.999081	0.999999	0.999183
0.999999	0.999183	0.999997	0.999167
0.999997	0.999167	1.000000	0.999127
1.000000	0.999127	1.000000	0.999083
1.000000	0.999083	1.000000	0.999019
1.000000	0.999019	1.000000	0.999028
1.000000	0.999028	1.000000	0.999034
1.000000	0.999034	1.000000	0.999061
1.000000	0.999061	1.000000	0.999125
1.000000	0.999125	1.000000	0.999083
1.000000	0.999083	1.000000	0.999123
1.000000	0.999123	1.000000	0.999156
1.000000	0.999156	1.000000	0.999110
1.000000	0.999110	1.000000	0.999125
1.000000	0.999125	1.000000	0.999170
1.000000	0.999170	1.000000	0.999107
1.000000	0.999107	1.000000	0.999091
1.000000	0.999091	1.000000	0.999121
1.000000	0.999121	1.000000	0.999035
1.000000	0.999035	1.000000	0.999074
1.000000	0.999074	1.000000	0.998985
1.000000	0.998985	1.000000	0.999050
1.000000	0.999050	1.000000	0.999028
1.000000	0.999028	1.000000	0.999095
1.000000	0.999095	1.000000	0.999166
1.000000	0.999166	1.000000	0.999259
1.000000	0.999259	1.000000	0.999227
1.000000	0.999227	1.000000	0.999296
1.000000	0.999296	1.000000	0.999273
1.000000	0.999273	1.000000	0.999307
1.000000	0.999307	1.000000	0.999303
1.000000	0.999303	1.000000	0.999390
1.000000	0.999390	1.000000	0.999459
1.000000	0.999459	1.000000	0.999445
1.000000	0.999445	1.000000	0.999456
1.000000	0.999456	1.000000	0.999387
1.000000	0.999387	1.000000	0.999390
1.000000	0.999390	1.000000	0.999408
1.000000	0.999408	1.000000	0.999479
1.000000	0.999479	1.000000	0.999488
1.000000	0.999488	1.000000	0.999488
1.000000	0.999488	1.000000	0.999484
1.000000	0.999484	1.000000	0.999535
1.000000	0.999535	1.000000	0.999516
1.000000	0.999516	1.000000	0.999506
1.000000	0.999506	1.000000	0.999601
1.000000	0.999601	1.000000	0.999539
1.000000	0.999539	1.000000	0.999488
1.000000	0.999488	1.000000	0.999499
1.000000	0.999499	1.000000	0.999514
1.000000	0.999514	1.000000	0.999489
1.000000	0.999489	1.000000	0.999449
1.000000	0.999449	1.000000	0.999507
1.000000	0.999507	1.000000	0.999497
1.000000	0.999497	1.000000	0.999561
1.000000	0.999561	1.000000	0.999501
1.000000	0.999501	1.000000	0.999527
1.000000	0.999527	1.000000	0.999536
1.000000	0.999536	1.000000	0.999510
1.000000	0.999510	1.000000	0.999496
1.000000	0.999496	1.000000	0.999439
1.000000	0.999439	1.000000	0.999362
1.000000	0.999362	1.000000	0.999333
1.000000	0.999333	1.000000	0.999339
1.000000	0.999339	1.000000	0.999281
1.000000	0.999281	1.000000	0.999257
1.000000	0.999257	1.000000	0.999291
1.000000	0.999291	1.000000	0.999323
1.000000	0.999323	1.000000	0.999414
1.000000	0.999414	1.000000	0.999406
1.000000	0.999406	1.000000	0.999373
1.000000	0.999373	1.000000	0.999431
1.000000	0.999431	1.000000	0.999478
1.000000	0.999478	1.000000	0.999523
1.000000	0.999523	1.000000	0.999475
1.000000	0.999475	1.000000	0.999458
1.000000	0.999458	1.000000	0.999441
1.000000	0.999441	1.000000	0.999540
1.000000	0.999540	1.000000	0.999503
1.000000	0.999503	1.000000	0.999561
1.000000	0.999561	1.000000	0.999525
1.000000	0.999525	1.000000	0.999623
1.000000	0.999623	1.000000	0.999617
1.000000	0.999617	1.000000	0.999659
1.000000	0.999659	1.000000	0.999667
1.000000	0.999667	1.000000	0.999627
1.000000	0.999627	1.000000	0.999642
1.000000	0.999642	1.000000	0.999695
1.000000	0.999695	1.000000	0.999645
1.000000	0.999645	1.000000	0.999600
1.000000	0.999600	1.000000	0.999568
1.000000	0.999568	1.000000	0.999584
1.000000	0.999584	1.000000	0.999619
1.000000	0.999619	1.000000	0.999629
1.000000	0.999629	1.000000	0.999630
1.000000	0.999630	1.000000	0.999546
1.000000	0.999546	1.000000	0.999541
1.000000	0.999541	1.000000	0.999544
1.000000	0.999544	1.000000	0.999530
1.000000	0.999530	1.000000	0.999501
1.000000	0.999501	1.000000	0.999518
1.000000	0.999518	1.000000	0.999503
1.000000	0.999503	1.000000	0.999492
1.000000	0.999492	1.000000	0.999518
1.000000	0.999518	1.000000	0.999521
1.000000	0.999521	1.000000	0.999453
1.000000	0.999453	1.000000	0.999518
1.000000	0.999518	1.000000	0.999508
1.000000	0.999508	1.000000	0.999571
1.000000	0.999571	1.000000	0.999626
1.000000	0.999626	1.000000	0.999613
1.000000	0.999613	1.000000	0.999615
1.000000	0.999615	1.000000	0.999582
1.000000	0.999582	1.000000	0.999650
1.000000	0.999650	1.000000	0.999657
1.000000	0.999657	1.000000	0.999669
1.000000	0.999669	1.000000	0.999695
0.299584	0.300097	0.288719	0.302999
0.288719	0.302999	0.288570	0.311021
0.288570	0.311021	0.300747	0.325879
0.300747	0.325879	0.322417	0.345325
0.322417	0.345325	0.352039	0.370319
0.352039	0.370319	0.388381	0.400506
0.388381	0.400506	0.425037	0.432001
0.425037	0.432001	0.464946	0.467483
0.464946	0.467483	0.503357	0.502465
0.503357	0.502465	0.541217	0.539105
0.541217	0.539105	0.577998	0.574649
0.577998	0.574649	0.613464	0.609876
0.613464	0.609876	0.648009	0.644048
0.648009	0.644048	0.681886	0.677813
0.681886	0.677813	0.713826	0.709913
0.713826	0.709913	0.744086	0.740097
0.744086	0.740097	0.772181	0.768263
0.772181	0.768263	0.798205	0.794407
0.798205	0.794407	0.822428	0.818483
0.822428	0.818483	0.844310	0.840525
0.844310	0.840525	0.863063	0.859340
0.863063	0.859340	0.880695	0.876953
0.880695	0.876953	0.897796	0.894095
0.897796	0.894095	0.912260	0.908629
0.912260	0.908629	0.924576	0.920748
0.924576	0.920748	0.936628	0.932789
0.936628	0.932789	0.946459	0.942435
0.946459	0.942435	0.955106	0.951149
0.955106	0.951149	0.962626	0.958674
0.962626	0.958674	0.969245	0.965320
0.969245	0.965320	0.974791	0.971012
0.974791	0.971012	0.979215	0.975421
0.979215	0.975421	0.983184	0.979487
0.983184	0.979487	0.986213	0.982664
0.986213	0.982664	0.988786	0.985364
0.988786	0.985364	0.990685	0.987255
0.990685	0.987255	0.992595	0.989017
0.992595	0.989017	0.993991	0.990393
0.993991	0.990393	0.995151	0.991424
0.995151	0.991424	0.996231	0.992685
0.996231	0.992685	0.997082	0.993609
0.997082	0.993609	0.997743	0.994082
0.997743	0.994082	0.998098	0.994291
0.998098	0.994291	0.998469	0.994837
0.998469	0.994837	0.998742	0.995307
0.998742	0.995307	0.998939	0.995573
0.998939	0.995573	0.999248	0.995766
0.999248	0.995766	0.999428	0.996098
0.999428	0.996098	0.999603	0.996101
0.999603	0.996101	0.999674	0.995970
0.999674	0.995970	0.999738	0.996081
0.999738	0.996081	0.999770	0.996280
0.999770	0.996280	0.999825	0.996560
0.999825	0.996560	0.999855	0.996593
0.999855	0.996593	0.999899	0.996694
0.999899	0.996694	0.999924	0.996512
0.999924	0.996512	0.999923	0.996410
0.999923	0.996410	0.999959	0.996542
0.999959	0.996542	0.999966	0.996580
0.999966	0.996580	0.999995	0.996573
0.999995	0.996573	0.999998	0.996437
0.999998	0.996437	1.000000	0.996387
1.000000	0.996387	1.000000	0.996512
1.000000	0.996512	1.000000	0.996500
1.000000	0.996500	1.000000	0.996637
1.000000	0.996637	1.000000	0.996810
1.000000	0.996810	1.000000	0.996776
1.000000	0.996776	1.000000	0.996709
1.000000	0.996709	1.000000	0.996922
1.000000	0.996922	1.000000	0.996744
1.000000	0.996744	1.000000	0.996629
1.000000	0.996629	1.000000	0.996674
1.000000	0.996674	1.000000	0.996675
1.000000	0.996675	1.000000	0.996544
1.000000	0.996544	1.000000	0.996687
1.000000	0.996687	1.000000	0.996693
1.000000	0.996693	1.000000	0.996756
1.000000	0.996756	1.000000	0.996769
1.000000	0.996769	1.000000	0.996966
1.000000	0.996966	1.000000	0.997138
1.000000	0.997138	1.000000	0.997062
1.000000	0.997062	1.000000	0.997083
1.000000	0.997083	1.000000	0.997061
1.000000	0.997061	1.000000	0.996839
1.000000	0.996839	1.000000	0.996854
1.000000	0.996854	1.000000	0.997022
1.000000	0.997022	1.000000	0.997067
1.000000	0.997067	1.000000	0.996975
1.000000	0.996975	1.000000	0.996904
1.000000	0.996904	1.000000	0.996880
1.000000	0.996880	1.000000	0.996850
1.000000	0.996850	1.000000	0.996688
1.000000	0.996688	1.000000	0.996642
1.000000	0.996642	1.000000	0.996471
1.000000	0.996471	1.000000	0.996558
1.000000	0.996558	1.000000	0.996446
1.000000	0.996446	1.000000	0.996500
1.000000	0.996500	1.000000	0.996747
1.000000	0.996747	1.000000	0.996971
1.000000	0.996971	1.000000	0.996779
1.000000	0.996779	1.000000	0.996781
1.000000	0.996781	1.000000	0.996814
1.000000	0.996814	1.000000	0.996792
1.000000	0.996792	1.000000	0.996921
1.000000	0.996921	1.000000	0.996939
1.000000	0.996939	1.000000	0.996910
1.000000	0.996910	1.000000	0.996862
1.000000	0.996862	1.000000	0.996733
1.000000	0.996733	1.000000	0.996732
1.000000	0.996732	1.000000	0.996754
1.000000	0.996754	1.000000	0.996895
1.000000	0.996895	1.000000	0.997120
1.000000	0.997120	1.000000	0.997084
1.000000	0.997084	1.000000	0.996993
1.000000	0.996993	1.000000	0.996892
1.000000	0.996892	1.000000	0.996779
1.000000	0.996779	1.000000	0.996709
1.000000	0.996709	1.000000	0.996533
1.000000	0.996533	1.000000	0.996335
1.000000	0.996335	1.000000	0.996168
1.000000	0.996168	1.000000	0.996029
1.000000	0.996029	1.000000	0.996073
1.000000	0.996073	1.000000	0.995877
1.000000	0.995877	1.000000	0.995632
1.000000	0.995632	1.000000	0.995382
1.000000	0.995382	1.000000	0.995327
1.000000	0.995327	1.000000	0.995262
1.000000	0.995262	1.000000	0.995397
1.000000	0.995397	1.000000	0.995387
1.000000	0.995387	1.000000	0.995418
1.000000	0.995418	1.000000	0.995434
1.000000	0.995434	1.000000	0.995554
1.000000	0.995554	1.000000	0.995424
1.000000	0.995424	1.000000	0.995542
1.000000	0.995542	1.000000	0.995663
1.000000	0.995663	1.000000	0.995637
1.000000	0.995637	1.000000	0.995484
1.000000	0.995484	1.000000	0.995551
1.000000	0.995551	1.000000	0.995646
1.000000	0.995646	1.000000	0.995793
1.000000	0.995793	1.000000	0.995693
1.000000	0.995693	1.000000	0.995691
1.000000	0.995691	1.000000	0.995818
1.000000	0.995818	1.000000	0.995798
1.000000	0.995798	1.000000	0.995707
1.000000	0.995707	1.000000	0.995453
1.000000	0.995453	1.000000	0.995461
1.000000	0.995461	1.000000	0.995340
1.000000	0.995340	1.000000	0.995435
1.000000	0.995435	1.000000	0.995505
1.000000	0.995505	1.000000	0.995410
1.000000	0.995410	1.000000	0.995587
1.000000	0.995587	1.000000	0.995645
1.000000	0.995645	1.000000	0.995506
1.000000	0.995506	1.000000	0.995707
1.000000	0.995707	1.000000	0.995618
1.000000	0.995618	1.000000	0.995452
1.000000	0.995452	1.000000	0.995583
1.000000	0.995583	1.000000	0.995684
1.000000	0.995684	1.000000	0.995589
1.000000	0.995589	1.000000	0.995292
1.000000	0.995292	1.000000	0.995357
1.000000	0.995357	1.000000	0.995333
1.000000	0.995333	1.000000	0.995363
1.000000	0.995363	1.000000	0.995360
1.000000	0.995360	1.000000	0.995502
1.000000	0.995502	1.000000	0.995447
1.000000	0.995447	1.000000	0.995423
1.000000	0.995423	1.000000	0.995310
1.000000	0.995310	1.000000	0.995409
1.000000	0.995409	1.000000	0.995367
1.000000	0.995367	1.000000	0.995420
1.000000	0.995420	1.000000	0.995483
1.000000	0.995483	1.000000	0.995632
1.000000	0.995632	1.000000	0.995532
1.000000	0.995532	1.000000	0.995370
1.000000	0.995370	1.000000	0.995309
1.000000	0.995309	1.000000	0.995055
1.000000	0.995055	1.000000	0.995038
1.000000	0.995038	1.000000	0.995182
1.000000	0.995182	1.000000	0.995275
1.000000	0.995275	1.000000	0.995616
1.000000	0.995616	1.000000	0.995482
1.000000	0.995482	1.000000	0.995648
1.000000	0.995648	1.000000	0.995572
1.000000	0.995572	1.000000	0.995298
1.000000	0.995298	1.000000	0.995371
1.000000	0.995371	1.000000	0.995428
1.000000	0.995428	1.000000	0.995477
1.000000	0.995477	1.000000	0.995569
1.000000	0.995569	1.000000	0.995631
1.000000	0.995631	1.000000	0.995620
1.000000	0.995620	1.000000	0.995578
1.000000	0.995578	1.000000	0.995544
1.000000	0.995544	1.000000	0.995777
1.000000	0.995777	1.000000	0.995885
1.000000	0.995885	1.000000	0.995781
1.000000	0.995781	1.000000	0.995761
1.000000	0.995761	1.000000	0.995804
0.299961	0.399978	0.384889	0.407297
0.384889	0.407297	0.431740	0.422681
0.431740	0.422681	0.465318	0.444593
0.465318	0.444593	0.498829	0.472061
0.498829	0.472061	0.532425	0.503495
0.532425	0.503495	0.569867	0.541092
0.569867	0.541092	0.606081	0.578477
0.606081	0.578477	0.645078	0.618596
0.645078	0.618596	0.683504	0.658446
0.683504	0.658446	0.720097	0.696273
0.720097	0.696273	0.755467	0.732847
0.755467	0.732847	0.788379	0.767065
0.788379	0.767065	0.819526	0.799198
0.819526	0.799198	0.846584	0.826880
0.846584	0.826880	0.871221	0.852576
0.871221	0.852576	0.893217	0.874761
0.893217	0.874761	0.911778	0.893487
0.911778	0.893487	0.927474	0.909909
0.927474	0.909909	0.940704	0.923223
0.940704	0.923223	0.951662	0.934519
0.951662	0.934519	0.960826	0.943931
0.960826	0.943931	0.968346	0.951990
0.968346	0.951990	0.974753	0.958807
0.974753	0.958807	0.980743	0.964713
0.980743	0.964713	0.985327	0.969688
0.985327	0.969688	0.988825	0.973322
0.988825	0.973322	0.991432	0.976777
0.991432	0.976777	0.993492	0.979071
0.993492	0.979071	0.995003	0.980684
0.995003	0.980684	0.996200	0.981932
0.996200	0.981932	0.997228	0.982969
0.997228	0.982969	0.997979	0.983853
0.997979	0.983853	0.998606	0.984431
0.998606	0.984431	0.998993	0.984593
0.998993	0.984593	0.999286	0.984745
0.999286	0.984745	0.999514	0.984826
0.999514	0.984826	0.999655	0.984785
0.999655	0.984785	0.999724	0.984887
0.999724	0.984887	0.999823	0.984830
0.999823	0.984830	0.999888	0.984368
0.999888	0.984368	0.999914	0.984423
0.999914	0.984423	0.999958	0.984410
0.999958	0.984410	0.999969	0.984503
0.999969	0.984503	0.999981	0.984706
0.999981	0.984706	0.999983	0.985114
0.999983	0.985114	1.000000	0.985385
1.000000	0.985385	1.000000	0.985655
1.000000	0.985655	1.000000	0.985535
1.000000	0.985535	1.000000	0.985625
1.000000	0.985625	1.000000	0.985376
1.000000	0.985376	1.000000	0.984999
1.000000	0.984999	1.000000	0.985165
1.000000	0.985165	1.000000	0.985023
1.000000	0.985023	1.000000	0.984953
1.000000	0.984953	1.000000	0.984677
1.000000	0.984677	1.000000	0.984941
1.000000	0.984941	1.000000	0.984890
1.000000	0.984890	1.000000	0.985063
1.000000	0.985063	1.000000	0.985279
1.000000	0.985279	1.000000	0.985171
1.000000	0.985171	1.000000	0.984894
1.000000	0.984894	1.000000	0.985149
1.000000	0.985149	1.000000	0.985000
1.000000	0.985000	1.000000	0.985224
1.000000	0.985224	1.000000	0.985276
1.000000	0.985276	1.000000	0.984974
1.000000	0.984974	1.000000	0.984742
1.000000	0.984742	1.000000	0.984538
1.000000	0.984538	1.000000	0.984562
1.000000	0.984562	1.000000	0.984881
1.000000	0.984881	1.000000	0.985287
1.000000	0.985287	1.000000	0.985031
1.000000	0.985031	1.000000	0.984834
1.000000	0.984834	1.000000	0.984836
1.000000	0.984836	1.000000	0.984791
1.000000	0.984791	1.000000	0.984872
1.000000	0.984872	1.000000	0.984634
1.000000	0.984634	1.000000	0.984329
1.000000	0.984329	1.000000	0.984271
1.000000	0.984271	1.000000	0.984038
1.000000	0.984038	1.000000	0.983883
1.000000	0.983883	1.000000	0.983888
1.000000	0.983888	1.000000	0.983681
1.000000	0.983681	1.000000	0.983693
1.000000	0.983693	1.000000	0.983287
1.000000	0.983287	1.000000	0.983388
1.000000	0.983388	1.000000	0.983553
1.000000	0.983553	1.000000	0.983960
1.000000	0.983960	1.000000	0.984272
1.000000	0.984272	1.000000	0.984406
1.000000	0.984406	1.000000	0.984880
1.000000	0.984880	1.000000	0.984726
1.000000	0.984726	1.000000	0.984535
1.000000	0.984535	1.000000	0.984497
1.000000	0.984497	1.000000	0.984775
1.000000	0.984775	1.000000	0.984968
1.000000	0.984968	1.000000	0.985418
1.000000	0.985418	1.000000	0.985166
1.000000	0.985166	1.000000	0.984961
1.000000	0.984961	1.000000	0.984692
1.000000	0.984692	1.000000	0.984766
1.000000	0.984766	1.000000	0.984694
1.000000	0.984694	1.000000	0.984592
1.000000	0.984592	1.000000	0.984194
1.000000	0.984194	1.000000	0.984261
1.000000	0.984261	1.000000	0.984510
1.000000	0.984510	1.000000	0.984703
1.000000	0.984703	1.000000	0.984679
1.000000	0.984679	1.000000	0.984735
1.000000	0.984735	1.000000	0.984691
1.000000	0.984691	1.000000	0.984670
1.000000	0.984670	1.000000	0.984382
1.000000	0.984382	1.000000	0.984474
1.000000	0.984474	1.000000	0.984292
1.000000	0.984292	1.000000	0.984616
1.000000	0.984616	1.000000	0.984616
1.000000	0.984616	1.000000	0.984848
1.000000	0.984848	1.000000	0.985034
1.000000	0.985034	1.000000	0.985100
1.000000	0.985100	1.000000	0.985276
1.000000	0.985276	1.000000	0.985643
1.000000	0.985643	1.000000	0.985789
1.000000	0.985789	1.000000	0.985579
1.000000	0.985579	1.000000	0.985791
1.000000	0.985791	1.000000	0.985373
1.000000	0.985373	1.000000	0.985390
1.000000	0.985390	1.000000	0.985128
1.000000	0.985128	1.000000	0.984612
1.000000	0.984612	1.000000	0.984611
1.000000	0.984611	1.000000	0.984459
1.000000	0.984459	1.000000	0.984499
1.000000	0.984499	1.000000	0.984875
1.000000	0.984875	1.000000	0.985143
1.000000	0.985143	1.000000	0.984755
1.000000	0.984755	1.000000	0.984693
1.000000	0.984693	1.000000	0.984447
1.000000	0.984447	1.000000	0.984332
1.000000	0.984332	1.000000	0.984344
1.000000	0.984344	1.000000	0.985006
1.000000	0.985006	1.000000	0.984715
1.000000	0.984715	1.000000	0.984750
1.000000	0.984750	1.000000	0.984985
1.000000	0.984985	1.000000	0.984773
1.000000	0.984773	1.000000	0.984379
1.000000	0.984379	1.000000	0.984592
1.000000	0.984592	1.000000	0.984722
1.000000	0.984722	1.000000	0.984335
1.000000	0.984335	1.000000	0.984573
1.000000	0.984573	1.000000	0.984767
1.000000	0.984767	1.000000	0.984925
1.000000	0.984925	1.000000	0.985058
1.000000	0.985058	1.000000	0.985264
1.000000	0.985264	1.000000	0.985166
1.000000	0.985166	1.000000	0.985215
1.000000	0.985215	1.000000	0.985208
1.000000	0.985208	1.000000	0.985249
1.000000	0.985249	1.000000	0.985351
1.000000	0.985351	1.000000	0.985807
1.000000	0.985807	1.000000	0.985466
1.000000	0.985466	1.000000	0.985734
1.000000	0.985734	1.000000	0.985589
1.000000	0.985589	1.000000	0.985600
1.000000	0.985600	1.000000	0.985136
1.000000	0.985136	1.000000	0.985377
1.000000	0.985377	1.000000	0.985500
1.000000	0.985500	1.000000	0.985349
1.000000	0.985349	1.000000	0.985131
1.000000	0.985131	1.000000	0.984913
1.000000	0.984913	1.000000	0.984796
1.000000	0.984796	1.000000	0.984916
1.000000	0.984916	1.000000	0.984715
1.000000	0.984715	1.000000	0.984782
1.000000	0.984782	1.000000	0.984514
1.000000	0.984514	1.000000	0.984458
1.000000	0.984458	1.000000	0.984675
1.000000	0.984675	1.000000	0.984693
1.000000	0.984693	1.000000	0.984348
1.000000	0.984348	1.000000	0.984435
1.000000	0.984435	1.000000	0.984293
1.000000	0.984293	1.000000	0.984344
1.000000	0.984344	1.000000	0.984611
1.000000	0.984611	1.000000	0.984717
1.000000	0.984717	1.000000	0.984798
1.000000	0.984798	1.000000	0.984874
1.000000	0.984874	1.000000	0.985056
1.000000	0.985056	1.000000	0.985038
1.000000	0.985038	1.000000	0.984821
1.000000	0.984821	1.000000	0.985224
1.000000	0.985224	1.000000	0.985108
1.000000	0.985108	1.000000	0.985102
1.000000	0.985102	1.000000	0.985703
1.000000	0.985703	1.000000	0.985631
1.000000	0.985631	1.000000	0.985502
1.000000	0.985502	1.000000	0.985525
1.000000	0.985525	1.000000	0.985825
1.000000	0.985825	1.000000	0.985594
1.000000	0.985594	1.000000	0.985443
1.000000	0.985443	1.000000	0.985151
1.000000	0.985151	1.000000	0.984986
0.300097	0.499821	0.478392	0.507112
0.478392	0.507112	0.568657	0.527425
0.568657	0.527425	0.619495	0.551967
0.619495	0.551967	0.653190	0.578932
0.653190	0.578932	0.678775	0.606351
0.678775	0.606351	0.706113	0.637930
0.706113	0.637930	0.733259	0.670581
0.733259	0.670581	0.761000	0.703962
0.761000	0.703962	0.787646	0.735160
0.787646	0.735160	0.813861	0.764762
0.813861	0.764762	0.838688	0.792849
0.838688	0.792849	0.861693	0.819416
0.861693	0.819416	0.883382	0.843630
0.883382	0.843630	0.903066	0.864472
0.903066	0.864472	0.919223	0.882211
0.919223	0.882211	0.933482	0.897185
0.933482	0.897185	0.945197	0.910022
0.945197	0.910022	0.954958	0.921187
0.954958	0.921187	0.963678	0.931335
0.963678	0.931335	0.970647	0.938872
0.970647	0.938872	0.976479	0.944768
0.976479	0.944768	0.981215	0.949647
0.981215	0.949647	0.985294	0.953934
0.985294	0.953934	0.988666	0.957363
0.988666	0.957363	0.991211	0.960254
0.991211	0.960254	0.993169	0.962708
0.993169	0.962708	0.994711	0.964103
0.994711	0.964103	0.995716	0.965282
0.995716	0.965282	0.996596	0.966685
0.996596	0.966685	0.997367	0.967940
0.997367	0.967940	0.998097	0.968266
0.998097	0.968266	0.998491	0.968885
0.998491	0.968885	0.998849	0.969604
0.998849	0.969604	0.999135	0.969369
0.999135	0.969369	0.999350	0.969237
0.999350	0.969237	0.999537	0.969263
0.999537	0.969263	0.999716	0.969104
0.999716	0.969104	0.999802	0.969695
0.999802	0.969695	0.999901	0.969582
0.999901	0.969582	0.999910	0.969606
0.999910	0.969606	0.999916	0.969680
0.999916	0.969680	0.999945	0.970443
0.999945	0.970443	0.999960	0.970678
0.999960	0.970678	0.999987	0.970471
0.999987	0.970471	0.999996	0.970282
0.999996	0.970282	0.999997	0.970606
0.999997	0.970606	1.000000	0.971248
1.000000	0.971248	1.000000	0.970679
1.000000	0.970679	1.000000	0.970407
1.000000	0.970407	1.000000	0.971092
1.000000	0.971092	1.000000	0.971062
1.000000	0.971062	1.000000	0.971379
1.000000	0.971379	1.000000	0.971644
1.000000	0.971644	1.000000	0.971499
1.000000	0.971499	1.000000	0.971121
1.000000	0.971121	1.000000	0.971302
1.000000	0.971302	1.000000	0.971216
1.000000	0.971216	1.000000	0.971621
1.000000	0.971621	1.000000	0.971638
1.000000	0.971638	1.000000	0.971807
1.000000	0.971807	1.000000	0.971997
1.000000	0.971997	1.000000	0.972067
1.000000	0.972067	1.000000	0.971616
1.000000	0.971616	1.000000	0.971923
1.000000	0.971923	1.000000	0.971947
1.000000	0.971947	1.000000	0.971533
1.000000	0.971533	1.000000	0.971203
1.000000	0.971203	1.000000	0.971203
1.000000	0.971203	1.000000	0.971361
1.000000	0.971361	1.000000	0.971153
1.000000	0.971153	1.000000	0.971459
1.000000	0.971459	1.000000	0.971744
1.000000	0.971744	1.000000	0.971514
1.000000	0.971514	1.000000	0.971626
1.000000	0.971626	1.000000	0.971122
1.000000	0.971122	1.000000	0.971189
1.000000	0.971189	1.000000	0.970425
1.000000	0.970425	1.000000	0.970886
1.000000	0.970886	1.000000	0.970387
1.000000	0.970387	1.000000	0.970078
1.000000	0.970078	1.000000	0.970519
1.000000	0.970519	1.000000	0.970369
1.000000	0.970369	1.000000	0.970393
1.000000	0.970393	1.000000	0.970428
1.000000	0.970428	1.000000	0.970685
1.000000	0.970685	1.000000	0.970284
1.000000	0.970284	1.000000	0.969983
1.000000	0.969983	1.000000	0.969940
1.000000	0.969940	1.000000	0.969849
1.000000	0.969849	1.000000	0.969935
1.000000	0.969935	1.000000	0.970335
1.000000	0.970335	1.000000	0.969565
1.000000	0.969565	1.000000	0.969894
1.000000	0.969894	1.000000	0.969803
1.000000	0.969803	1.000000	0.969024
1.000000	0.969024	1.000000	0.968806
1.000000	0.968806	1.000000	0.968258
1.000000	0.968258	1.000000	0.967739
1.000000	0.967739	1.000000	0.967441
1.000000	0.967441	1.000000	0.967661
1.000000	0.967661	1.000000	0.968204
1.000000	0.968204	1.000000	0.968491
1.000000	0.968491	1.000000	0.968370
1.000000	0.968370	1.000000	0.968314
1.000000	0.968314	1.000000	0.968526
1.000000	0.968526	1.000000	0.968690
1.000000	0.968690	1.000000	0.968779
1.000000	0.968779	1.000000	0.968347
1.000000	0.968347	1.000000	0.968768
1.000000	0.968768	1.000000	0.968337
1.000000	0.968337	1.000000	0.968935
1.000000	0.968935	1.000000	0.968980
1.000000	0.968980	1.000000	0.968869
1.000000	0.968869	1.000000	0.968959
1.000000	0.968959	1.000000	0.969151
1.000000	0.969151	1.000000	0.968678
1.000000	0.968678	1.000000	0.968638
1.000000	0.968638	1.000000	0.968270
1.000000	0.968270	1.000000	0.968612
1.000000	0.968612	1.000000	0.968463
1.000000	0.968463	1.000000	0.968850
1.000000	0.968850	1.000000	0.968787
1.000000	0.968787	1.000000	0.968631
1.000000	0.968631	1.000000	0.968417
1.000000	0.968417	1.000000	0.968074
1.000000	0.968074	1.000000	0.968068
1.000000	0.968068	1.000000	0.968351
1.000000	0.968351	1.000000	0.968212
1.000000	0.968212	1.000000	0.968491
1.000000	0.968491	1.000000	0.969117
1.000000	0.969117	1.000000	0.968997
1.000000	0.968997	1.000000	0.969215
1.000000	0.969215	1.000000	0.968967
1.000000	0.968967	1.000000	0.968882
1.000000	0.968882	1.000000	0.969324
1.000000	0.969324	1.000000	0.969414
1.000000	0.969414	1.000000	0.969397
1.000000	0.969397	1.000000	0.969016
1.000000	0.969016	1.000000	0.968561
1.000000	0.968561	1.000000	0.968850
1.000000	0.968850	1.000000	0.968420
1.000000	0.968420	1.000000	0.968837
1.000000	0.968837	1.000000	0.968813
1.000000	0.968813	1.000000	0.969096
1.000000	0.969096	1.000000	0.969079
1.000000	0.969079	1.000000	0.968947
1.000000	0.968947	1.000000	0.968695
1.000000	0.968695	1.000000	0.968997
1.000000	0.968997	1.000000	0.969292
1.000000	0.969292	1.000000	0.970158
1.000000	0.970158	1.000000	0.970081
1.000000	0.970081	1.000000	0.970032
1.000000	0.970032	1.000000	0.970029
1.000000	0.970029	1.000000	0.969668
1.000000	0.969668	1.000000	0.969042
1.000000	0.969042	1.000000	0.968849
1.000000	0.968849	1.000000	0.968517
1.000000	0.968517	1.000000	0.968819
1.000000	0.968819	1.000000	0.968831
1.000000	0.968831	1.000000	0.968433
1.000000	0.968433	1.000000	0.968155
1.000000	0.968155	1.000000	0.968254
1.000000	0.968254	1.000000	0.967871
1.000000	0.967871	1.000000	0.968201
1.000000	0.968201	1.000000	0.968402
1.000000	0.968402	1.000000	0.968271
1.000000	0.968271	1.000000	0.968208
1.000000	0.968208	1.000000	0.967935
1.000000	0.967935	1.000000	0.967975
1.000000	0.967975	1.000000	0.968482
1.000000	0.968482	1.000000	0.968205
1.000000	0.968205	1.000000	0.968684
1.000000	0.968684	1.000000	0.968391
1.000000	0.968391	1.000000	0.969009
1.000000	0.969009	1.000000	0.968653
1.000000	0.968653	1.000000	0.968776
1.000000	0.968776	1.000000	0.969046
1.000000	0.969046	1.000000	0.969133
1.000000	0.969133	1.000000	0.969005
1.000000	0.969005	1.000000	0.969575
1.000000	0.969575	1.000000	0.970011
1.000000	0.970011	1.000000	0.970424
1.000000	0.970424	1.000000	0.970662
1.000000	0.970662	1.000000	0.970868
1.000000	0.970868	1.000000	0.971014
1.000000	0.971014	1.000000	0.971043
1.000000	0.971043	1.000000	0.970559
1.000000	0.970559	1.000000	0.970710
1.000000	0.970710	1.000000	0.970790
1.000000	0.970790	1.000000	0.970666
1.000000	0.970666	1.000000	0.970380
1.000000	0.970380	1.000000	0.969841
1.000000	0.969841	1.000000	0.969745
1.000000	0.969745	1.000000	0.969399
1.000000	0.969399	1.000000	0.969929
1.000000	0.969929	1.000000	0.969325
1.000000	0.969325	1.000000	0.969514
1.000000	0.969514	1.000000	0.969620
1.000000	0.969620	1.000000	0.969401
0.299403	0.599771	0.577026	0.611181
0.577026	0.611181	0.703926	0.635093
0.703926	0.635093	0.762815	0.656710
0.762815	0.656710	0.794216	0.679519
0.794216	0.679519	0.811580	0.699384
0.811580	0.699384	0.827829	0.721881
0.827829	0.721881	0.842622	0.744477
0.842622	0.744477	0.856660	0.766783
0.856660	0.766783	0.871655	0.786624
0.871655	0.786624	0.886768	0.808152
0.886768	0.808152	0.900611	0.825831
0.900611	0.825831	0.914115	0.843772
0.914115	0.843772	0.925672	0.858081
0.925672	0.858081	0.936912	0.870891
0.936912	0.870891	0.946788	0.882268
0.946788	0.882268	0.954587	0.891260
0.954587	0.891260	0.962200	0.900989
0.962200	0.900989	0.968356	0.908187
0.968356	0.908187	0.973688	0.915230
0.973688	0.915230	0.978848	0.921104
0.978848	0.921104	0.982285	0.924951
0.982285	0.924951	0.985612	0.929272
0.985612	0.929272	0.988130	0.932832
0.988130	0.932832	0.990266	0.935723
0.990266	0.935723	0.992286	0.938391
0.992286	0.938391	0.993783	0.939957
0.993783	0.939957	0.995054	0.941193
0.995054	0.941193	0.995801	0.941495
0.995801	0.941495	0.996716	0.942697
0.996716	0.942697	0.997189	0.943926
0.997189	0.943926	0.997647	0.943734
0.997647	0.943734	0.998075	0.944308
0.998075	0.944308	0.998490	0.944889
0.998490	0.944889	0.998600	0.945481
0.998600	0.945481	0.998754	0.945753
0.998754	0.945753	0.998895	0.946243
0.998895	0.946243	0.999091	0.945661
0.999091	0.945661	0.999213	0.945873
0.999213	0.945873	0.999309	0.946618
0.999309	0.946618	0.999322	0.946041
0.999322	0.946041	0.999420	0.946283
0.999420	0.946283	0.999477	0.946871
0.999477	0.946871	0.999495	0.946736
0.999495	0.946736	0.999442	0.947212
0.999442	0.947212	0.999471	0.946740
0.999471	0.946740	0.999549	0.946945
0.999549	0.946945	0.999481	0.946153
0.999481	0.946153	0.999484	0.945491
0.999484	0.945491	0.999489	0.946110
0.999489	0.946110	0.999504	0.946265
0.999504	0.946265	0.999478	0.946136
0.999478	0.946136	0.999543	0.945683
0.999543	0.945683	0.999604	0.945014
0.999604	0.945014	0.999645	0.945486
0.999645	0.945486	0.999671	0.945212
0.999671	0.945212	0.999724	0.944795
0.999724	0.944795	0.999797	0.945542
0.999797	0.945542	0.999881	0.946369
0.999881	0.946369	0.999917	0.945820
0.999917	0.945820	0.999945	0.945478
0.999945	0.945478	0.999956	0.945308
0.999956	0.945308	0.999940	0.945225
0.999940	0.945225	0.999935	0.944879
0.999935	0.944879	0.999932	0.944193
0.999932	0.944193	0.999936	0.943795
0.999936	0.943795	0.999935	0.943908
0.999935	0.943908	0.999967	0.944630
0.999967	0.944630	0.999953	0.944979
0.999953	0.944979	0.999969	0.944958
0.999969	0.944958	0.999956	0.945307
0.999956	0.945307	0.999980	0.945255
0.999980	0.945255	0.999982	0.944173
0.999982	0.944173	0.999996	0.945105
0.999996	0.945105	1.000000	0.945289
1.000000	0.945289	1.000000	0.945173
1.000000	0.945173	1.000000	0.944540
1.000000	0.944540	1.000000	0.944627
1.000000	0.944627	1.000000	0.944948
1.000000	0.944948	1.000000	0.944592
1.000000	0.944592	1.000000	0.945515
1.000000	0.945515	1.000000	0.945321
1.000000	0.945321	1.000000	0.945469
1.000000	0.945469	1.000000	0.945310
1.000000	0.945310	1.000000	0.945609
1.000000	0.945609	1.000000	0.945649
1.000000	0.945649	1.000000	0.945587
1.000000	0.945587	1.000000	0.945680
1.000000	0.945680	1.000000	0.946605
1.000000	0.946605	1.000000	0.946041
1.000000	0.946041	1.000000	0.945178
1.000000	0.945178	1.000000	0.944264
1.000000	0.944264	1.000000	0.944846
1.000000	0.944846	1.000000	0.945031
1.000000	0.945031	1.000000	0.945140
1.000000	0.945140	1.000000	0.944830
1.000000	0.944830	1.000000	0.945302
1.000000	0.945302	1.000000	0.945074
1.000000	0.945074	1.000000	0.944776
1.000000	0.944776	1.000000	0.945129
1.000000	0.945129	1.000000	0.945183
1.000000	0.945183	1.000000	0.946186
1.000000	0.946186	1.000000	0.945459
1.000000	0.945459	1.000000	0.945890
1.000000	0.945890	1.000000	0.945818
1.000000	0.945818	1.000000	0.945380
1.000000	0.945380	1.000000	0.945791
1.000000	0.945791	1.000000	0.945613
1.000000	0.945613	1.000000	0.944986
1.000000	0.944986	1.000000	0.944539
1.000000	0.944539	1.000000	0.945303
1.000000	0.945303	1.000000	0.944589
1.000000	0.944589	1.000000	0.945856
1.000000	0.945856	1.000000	0.945501
1.000000	0.945501	1.000000	0.945579
1.000000	0.945579	1.000000	0.945577
1.000000	0.945577	1.000000	0.945784
1.000000	0.945784	1.000000	0.944509
1.000000	0.944509	1.000000	0.944942
1.000000	0.944942	1.000000	0.945057
1.000000	0.945057	1.000000	0.945210
1.000000	0.945210	1.000000	0.944974
1.000000	0.944974	1.000000	0.945515
1.000000	0.945515	1.000000	0.945413
1.000000	0.945413	1.000000	0.945346
1.000000	0.945346	1.000000	0.945798
1.000000	0.945798	1.000000	0.946407
1.000000	0.946407	1.000000	0.946135
1.000000	0.946135	1.000000	0.947027
1.000000	0.947027	1.000000	0.947003
1.000000	0.947003	1.000000	0.947520
1.000000	0.947520	1.000000	0.947769
1.000000	0.947769	1.000000	0.947415
1.000000	0.947415	1.000000	0.947199
1.000000	0.947199	1.000000	0.947108
1.000000	0.947108	1.000000	0.946734
1.000000	0.946734	1.000000	0.947123
1.000000	0.947123	1.000000	0.947431
1.000000	0.947431	1.000000	0.947217
1.000000	0.947217	1.000000	0.946936
1.000000	0.946936	1.000000	0.946940
1.000000	0.946940	1.000000	0.947064
1.000000	0.947064	1.000000	0.946418
1.000000	0.946418	1.000000	0.946209
1.000000	0.946209	1.000000	0.946265
1.000000	0.946265	1.000000	0.946212
1.000000	0.946212	1.000000	0.946302
1.000000	0.946302	1.000000	0.945912
1.000000	0.945912	1.000000	0.945992
1.000000	0.945992	1.000000	0.946396
1.000000	0.946396	1.000000	0.946728
1.000000	0.946728	1.000000	0.946884
1.000000	0.946884	1.000000	0.947257
1.000000	0.947257	1.000000	0.946687
1.000000	0.946687	1.000000	0.947261
1.000000	0.947261	1.000000	0.947719
1.000000	0.947719	1.000000	0.947219
1.000000	0.947219	1.000000	0.947506
1.000000	0.947506	1.000000	0.946979
1.000000	0.946979	1.000000	0.947074
1.000000	0.947074	1.000000	0.946362
1.000000	0.946362	1.000000	0.945751
1.000000	0.945751	1.000000	0.945127
1.000000	0.945127	1.000000	0.945040
1.000000	0.945040	1.000000	0.945565
1.000000	0.945565	1.000000	0.945642
1.000000	0.945642	1.000000	0.944994
1.000000	0.944994	1.000000	0.944909
1.000000	0.944909	1.000000	0.945359
1.000000	0.945359	1.000000	0.945755
1.000000	0.945755	1.000000	0.945980
1.000000	0.945980	1.000000	0.945723
1.000000	0.945723	1.000000	0.945688
1.000000	0.945688	1.000000	0.946063
1.000000	0.946063	1.000000	0.945503
1.000000	0.945503	1.000000	0.946588
1.000000	0.946588	1.000000	0.946232
1.000000	0.946232	1.000000	0.946834
1.000000	0.946834	1.000000	0.946474
1.000000	0.946474	1.000000	0.946538
1.000000	0.946538	1.000000	0.946540
1.000000	0.946540	1.000000	0.946781
1.000000	0.946781	1.000000	0.947241
1.000000	0.947241	1.000000	0.947619
1.000000	0.947619	1.000000	0.948198
1.000000	0.948198	1.000000	0.948337
1.000000	0.948337	1.000000	0.947873
1.000000	0.947873	1.000000	0.947944
1.000000	0.947944	1.000000	0.948255
1.000000	0.948255	1.000000	0.948254
1.000000	0.948254	1.000000	0.947884
1.000000	0.947884	1.000000	0.948082
1.000000	0.948082	1.000000	0.947647
1.000000	0.947647	1.000000	0.947768
1.000000	0.947768	1.000000	0.947542
1.000000	0.947542	1.000000	0.947751
1.000000	0.947751	1.000000	0.947694
1.000000	0.947694	1.000000	0.947390
1.000000	0.947390	1.000000	0.946989
1.000000	0.946989	1.000000	0.946482
0.299806	0.700725	0.667204	0.713111
0.667204	0.713111	0.813452	0.735284
0.813452	0.735284	0.873395	0.755001
0.873395	0.755001	0.900097	0.771473
0.900097	0.771473	0.913849	0.786573
0.913849	0.786573	0.922716	0.799721
0.922716	0.799721	0.929979	0.811437
0.929979	0.811437	0.936911	0.824165
0.936911	0.824165	0.942811	0.834610
0.942811	0.834610	0.948971	0.844202
0.948971	0.844202	0.955182	0.853937
0.955182	0.853937	0.960386	0.861154
0.960386	0.861154	0.965199	0.868637
0.965199	0.868637	0.969322	0.874733
0.969322	0.874733	0.974122	0.881001
0.974122	0.881001	0.977836	0.885185
0.977836	0.885185	0.981173	0.889929
0.981173	0.889929	0.983847	0.894532
0.983847	0.894532	0.985777	0.898076
0.985777	0.898076	0.987336	0.899696
0.987336	0.899696	0.988732	0.902086
0.988732	0.902086	0.990428	0.904812
0.990428	0.904812	0.991752	0.907106
0.991752	0.907106	0.992613	0.908014
0.992613	0.908014	0.993512	0.908834
0.993512	0.908834	0.994307	0.910653
0.994307	0.910653	0.994905	0.911909
0.994905	0.911909	0.995549	0.913388
0.995549	0.913388	0.996043	0.913761
0.996043	0.913761	0.996508	0.913946
0.996508	0.913946	0.997042	0.913818
0.997042	0.913818	0.997280	0.914522
0.997280	0.914522	0.997672	0.914938
0.997672	0.914938	0.998067	0.914864
0.998067	0.914864	0.998386	0.916034
0.998386	0.916034	0.998573	0.917079
0.998573	0.917079	0.998716	0.916438
0.998716	0.916438	0.998907	0.917227
0.998907	0.917227	0.999008	0.918484
0.999008	0.918484	0.999084	0.919007
0.999084	0.919007	0.999106	0.919551
0.999106	0.919551	0.999206	0.919437
0.999206	0.919437	0.999183	0.918134
0.999183	0.918134	0.999290	0.917682
0.999290	0.917682	0.999283	0.918080
0.999283	0.918080	0.999299	0.917780
0.999299	0.917780	0.999373	0.917751
0.999373	0.917751	0.999493	0.917963
0.999493	0.917963	0.999558	0.918323
0.999558	0.918323	0.999632	0.917332
0.999632	0.917332	0.999627	0.917498
0.999627	0.917498	0.999678	0.917569
0.999678	0.917569	0.999704	0.917538
0.999704	0.917538	0.999724	0.917823
0.999724	0.917823	0.999764	0.917734
0.999764	0.917734	0.999794	0.917733
0.999794	0.917733	0.999825	0.918661
0.999825	0.918661	0.999838	0.919323
0.999838	0.919323	0.999806	0.918674
0.999806	0.918674	0.999782	0.919045
0.999782	0.919045	0.999839	0.919877
0.999839	0.919877	0.999838	0.919880
0.999838	0.919880	0.999872	0.920810
0.999872	0.920810	0.999856	0.920016
0.999856	0.920016	0.999857	0.919971
0.999857	0.919971	0.999867	0.919708
0.999867	0.919708	0.999890	0.919888
0.999890	0.919888	0.999879	0.920166
0.999879	0.920166	0.999886	0.920749
0.999886	0.920749	0.999876	0.921136
0.999876	0.921136	0.999866	0.920696
0.999866	0.920696	0.999878	0.921266
0.999878	0.921266	0.999835	0.921471
0.999835	0.921471	0.999863	0.921732
0.999863	0.921732	0.999900	0.922254
0.999900	0.922254	0.999912	0.922289
0.999912	0.922289	0.999872	0.922846
0.999872	0.922846	0.999885	0.922684
0.999885	0.922684	0.999893	0.923132
0.999893	0.923132	0.999909	0.922968
0.999909	0.922968	0.999948	0.923454
0.999948	0.923454	0.999937	0.922445
0.999937	0.922445	0.999934	0.922318
0.999934	0.922318	0.999960	0.922815
0.999960	0.922815	0.999984	0.921790
0.999984	0.921790	0.999995	0.922368
0.999995	0.922368	1.000000	0.922246
1.000000	0.922246	1.000000	0.922969
1.000000	0.922969	1.000000	0.923180
1.000000	0.923180	1.000000	0.923522
1.000000	0.923522	1.000000	0.923393
1.000000	0.923393	1.000000	0.923878
1.000000	0.923878	1.000000	0.924625
1.000000	0.924625	1.000000	0.924069
1.000000	0.924069	1.000000	0.924268
1.000000	0.924268	1.000000	0.924035
1.000000	0.924035	1.000000	0.923965
1.000000	0.923965	1.000000	0.924137
1.000000	0.924137	1.000000	0.924119
1.000000	0.924119	1.000000	0.922954
1.000000	0.922954	1.000000	0.922375
1.000000	0.922375	1.000000	0.921593
1.000000	0.921593	1.000000	0.922169
1.000000	0.922169	1.000000	0.922518
1.000000	0.922518	1.000000	0.922864
1.000000	0.922864	1.000000	0.923643
1.000000	0.923643	1.000000	0.922697
1.000000	0.922697	1.000000	0.923112
1.000000	0.923112	1.000000	0.922564
1.000000	0.922564	1.000000	0.921890
1.000000	0.921890	1.000000	0.922345
1.000000	0.922345	1.000000	0.922762
1.000000	0.922762	1.000000	0.923543
1.000000	0.923543	1.000000	0.923475
1.000000	0.923475	1.000000	0.924646
1.000000	0.924646	1.000000	0.924883
1.000000	0.924883	1.000000	0.923973
1.000000	0.923973	1.000000	0.924282
1.000000	0.924282	1.000000	0.924114
1.000000	0.924114	1.000000	0.924006
1.000000	0.924006	1.000000	0.924498
1.000000	0.924498	1.000000	0.923998
1.000000	0.923998	1.000000	0.923415
1.000000	0.923415	1.000000	0.923646
1.000000	0.923646	1.000000	0.922987
1.000000	0.922987	1.000000	0.923047
1.000000	0.923047	1.000000	0.924146
1.000000	0.924146	1.000000	0.923234
1.000000	0.923234	1.000000	0.924570
1.000000	0.924570	1.000000	0.923984
1.000000	0.923984	1.000000	0.922860
1.000000	0.922860	1.000000	0.923441
1.000000	0.923441	1.000000	0.923486
1.000000	0.923486	1.000000	0.923057
1.000000	0.923057	1.000000	0.923848
1.000000	0.923848	1.000000	0.924188
1.000000	0.924188	1.000000	0.924630
1.000000	0.924630	1.000000	0.924575
1.000000	0.924575	1.000000	0.924242
1.000000	0.924242	1.000000	0.924765
1.000000	0.924765	1.000000	0.924416
1.000000	0.924416	1.000000	0.924805
1.000000	0.924805	1.000000	0.924675
1.000000	0.924675	1.000000	0.924813
1.000000	0.924813	1.000000	0.925189
1.000000	0.925189	1.000000	0.925010
1.000000	0.925010	1.000000	0.925000
1.000000	0.925000	1.000000	0.925241
1.000000	0.925241	1.000000	0.925455
1.000000	0.925455	1.000000	0.925893
1.000000	0.925893	1.000000	0.925397
1.000000	0.925397	1.000000	0.925327
1.000000	0.925327	1.000000	0.924803
1.000000	0.924803	1.000000	0.925278
1.000000	0.925278	1.000000	0.925916
1.000000	0.925916	1.000000	0.925972
1.000000	0.925972	1.000000	0.926013
1.000000	0.926013	1.000000	0.926236
1.000000	0.926236	1.000000	0.926606
1.000000	0.926606	1.000000	0.925900
1.000000	0.925900	1.000000	0.925512
1.000000	0.925512	1.000000	0.925392
1.000000	0.925392	1.000000	0.926506
1.000000	0.926506	1.000000	0.926765
1.000000	0.926765	1.000000	0.927814
1.000000	0.927814	1.000000	0.928625
1.000000	0.928625	1.000000	0.929164
1.000000	0.929164	1.000000	0.929621
1.000000	0.929621	1.000000	0.929958
1.000000	0.929958	1.000000	0.929749
1.000000	0.929749	1.000000	0.929534
1.000000	0.929534	1.000000	0.929387
1.000000	0.929387	1.000000	0.929407
1.000000	0.929407	1.000000	0.929262
1.000000	0.929262	1.000000	0.928972
1.000000	0.928972	1.000000	0.928682
1.000000	0.928682	1.000000	0.928521
1.000000	0.928521	1.000000	0.928966
1.000000	0.928966	1.000000	0.929122
1.000000	0.929122	1.000000	0.929404
1.000000	0.929404	1.000000	0.929736
1.000000	0.929736	1.000000	0.930077
1.000000	0.930077	1.000000	0.929732
1.000000	0.929732	1.000000	0.930093
1.000000	0.930093	1.000000	0.930118
1.000000	0.930118	1.000000	0.930706
1.000000	0.930706	1.000000	0.930951
1.000000	0.930951	1.000000	0.931746
1.000000	0.931746	1.000000	0.931917
1.000000	0.931917	1.000000	0.930347
1.000000	0.930347	1.000000	0.930600
1.000000	0.930600	1.000000	0.929843
1.000000	0.929843	1.000000	0.930119
1.000000	0.930119	1.000000	0.930263
1.000000	0.930263	1.000000	0.930669
1.000000	0.930669	1.000000	0.929187
1.000000	0.929187	1.000000	0.929615
1.000000	0.929615	1.000000	0.930493
1.000000	0.930493	1.000000	0.930867
0.299845	0.800545	0.746922	0.810868
0.746922	0.810868	0.893944	0.826764
0.893944	0.826764	0.942630	0.838180
0.942630	0.838180	0.960028	0.846581
0.960028	0.846581	0.968177	0.852537
0.968177	0.852537	0.972469	0.857993
0.972469	0.857993	0.975669	0.861768
0.975669	0.861768	0.978011	0.866759
0.978011	0.866759	0.980190	0.869869
0.980190	0.869869	0.982564	0.875137
0.982564	0.875137	0.984501	0.877796
0.984501	0.877796	0.986019	0.880512
0.986019	0.880512	0.987279	0.884066
0.987279	0.884066	0.988637	0.886789
0.988637	0.886789	0.990027	0.890241
0.990027	0.890241	0.990965	0.892117
0.990965	0.892117	0.992005	0.893546
0.992005	0.893546	0.992707	0.894962
0.992707	0.894962	0.993630	0.896941
0.993630	0.896941	0.994351	0.897410
0.994351	0.897410	0.994702	0.898269
0.994702	0.898269	0.995229	0.898456
0.995229	0.898456	0.995893	0.899604
0.995893	0.899604	0.996217	0.900734
0.996217	0.900734	0.996806	0.901596
0.996806	0.901596	0.997351	0.901335
0.997351	0.901335	0.997659	0.902055
0.997659	0.902055	0.997979	0.901911
0.997979	0.901911	0.998265	0.902124
0.998265	0.902124	0.998462	0.900521
0.998462	0.900521	0.998585	0.899628
0.998585	0.899628	0.998811	0.899634
0.998811	0.899634	0.998947	0.900612
0.998947	0.900612	0.998970	0.901035
0.998970	0.901035	0.999091	0.901703
0.999091	0.901703	0.999141	0.902243
0.999141	0.902243	0.999144	0.902655
0.999144	0.902655	0.999249	0.902816
0.999249	0.902816	0.999266	0.902368
0.999266	0.902368	0.999313	0.902584
0.999313	0.902584	0.999475	0.903171
0.999475	0.903171	0.999588	0.902846
0.999588	0.902846	0.999611	0.903174
0.999611	0.903174	0.999659	0.902752
0.999659	0.902752	0.999699	0.902349
0.999699	0.902349	0.999759	0.901816
0.999759	0.901816	0.999792	0.900792
0.999792	0.900792	0.999767	0.899742
0.999767	0.899742	0.999823	0.900987
0.999823	0.900987	0.999812	0.901301
0.999812	0.901301	0.999846	0.901404
0.999846	0.901404	0.999837	0.902123
0.999837	0.902123	0.999845	0.903047
0.999845	0.903047	0.999893	0.903618
0.999893	0.903618	0.999865	0.903137
0.999865	0.903137	0.999876	0.904021
0.999876	0.904021	0.999861	0.903942
0.999861	0.903942	0.999846	0.904650
0.999846	0.904650	0.999879	0.904115
0.999879	0.904115	0.999881	0.904888
0.999881	0.904888	0.999880	0.904629
0.999880	0.904629	0.999885	0.904917
0.999885	0.904917	0.999896	0.903703
0.999896	0.903703	0.999914	0.903380
0.999914	0.903380	0.999938	0.903238
0.999938	0.903238	0.999942	0.903192
0.999942	0.903192	0.999918	0.903060
0.999918	0.903060	0.999915	0.903913
0.999915	0.903913	0.999920	0.904541
0.999920	0.904541	0.999953	0.904379
0.999953	0.904379	0.999956	0.904016
0.999956	0.904016	0.999956	0.904343
0.999956	0.904343	0.999979	0.903881
0.999979	0.903881	0.999982	0.903226
0.999982	0.903226	1.000000	0.902855
1.000000	0.902855	1.000000	0.903472
1.000000	0.903472	1.000000	0.904043
1.000000	0.904043	1.000000	0.904142
1.000000	0.904142	1.000000	0.904569
1.000000	0.904569	1.000000	0.904886
1.000000	0.904886	1.000000	0.904596
1.000000	0.904596	1.000000	0.904119
1.000000	0.904119	1.000000	0.903668
1.000000	0.903668	1.000000	0.903837
1.000000	0.903837	1.000000	0.904294
1.000000	0.904294	1.000000	0.904087
1.000000	0.904087	1.000000	0.903327
1.000000	0.903327	1.000000	0.903244
1.000000	0.903244	1.000000	0.903263
1.000000	0.903263	1.000000	0.903543
1.000000	0.903543	1.000000	0.903294
1.000000	0.903294	1.000000	0.903462
1.000000	0.903462	1.000000	0.903316
1.000000	0.903316	1.000000	0.903016
1.000000	0.903016	1.000000	0.903461
1.000000	0.903461	1.000000	0.904034
1.000000	0.904034	1.000000	0.903399
1.000000	0.903399	1.000000	0.903676
1.000000	0.903676	1.000000	0.903363
1.000000	0.903363	1.000000	0.903578
1.000000	0.903578	1.000000	0.903615
1.000000	0.903615	1.000000	0.903052
1.000000	0.903052	1.000000	0.903442
1.000000	0.903442	1.000000	0.904962
1.000000	0.904962	1.000000	0.905108
1.000000	0.905108	1.000000	0.905285
1.000000	0.905285	1.000000	0.904861
1.000000	0.904861	1.000000	0.904682
1.000000	0.904682	1.000000	0.903801
1.000000	0.903801	1.000000	0.902752
1.000000	0.902752	1.000000	0.903378
1.000000	0.903378	1.000000	0.904078
1.000000	0.904078	1.000000	0.903410
1.000000	0.903410	1.000000	0.903214
1.000000	0.903214	1.000000	0.903207
1.000000	0.903207	1.000000	0.903572
1.000000	0.903572	1.000000	0.903178
1.000000	0.903178	1.000000	0.902281
1.000000	0.902281	1.000000	0.902847
1.000000	0.902847	1.000000	0.902578
1.000000	0.902578	1.000000	0.902918
1.000000	0.902918	1.000000	0.902677
1.000000	0.902677	1.000000	0.903653
1.000000	0.903653	1.000000	0.903282
1.000000	0.903282	1.000000	0.903146
1.000000	0.903146	1.000000	0.903846
1.000000	0.903846	1.000000	0.903938
1.000000	0.903938	1.000000	0.903153
1.000000	0.903153	1.000000	0.903197
1.000000	0.903197	1.000000	0.903069
1.000000	0.903069	1.000000	0.902885
1.000000	0.902885	1.000000	0.902395
1.000000	0.902395	1.000000	0.901538
1.000000	0.901538	1.000000	0.901876
1.000000	0.901876	1.000000	0.901133
1.000000	0.901133	1.000000	0.901708
1.000000	0.901708	1.000000	0.901537
1.000000	0.901537	1.000000	0.901126
1.000000	0.901126	1.000000	0.900613
1.000000	0.900613	1.000000	0.900370
1.000000	0.900370	1.000000	0.900218
1.000000	0.900218	1.000000	0.900067
1.000000	0.900067	1.000000	0.900077
1.000000	0.900077	1.000000	0.901721
1.000000	0.901721	1.000000	0.901586
1.000000	0.901586	1.000000	0.901417
1.000000	0.901417	1.000000	0.901360
1.000000	0.901360	1.000000	0.901985
1.000000	0.901985	1.000000	0.902258
1.000000	0.902258	1.000000	0.901273
1.000000	0.901273	1.000000	0.901737
1.000000	0.901737	1.000000	0.901552
1.000000	0.901552	1.000000	0.901145
1.000000	0.901145	1.000000	0.900433
1.000000	0.900433	1.000000	0.899440
1.000000	0.899440	1.000000	0.898865
1.000000	0.898865	1.000000	0.898129
1.000000	0.898129	1.000000	0.898093
1.000000	0.898093	1.000000	0.898137
1.000000	0.898137	1.000000	0.897902
1.000000	0.897902	1.000000	0.897264
1.000000	0.897264	1.000000	0.897958
1.000000	0.897958	1.000000	0.897913
1.000000	0.897913	1.000000	0.899155
1.000000	0.899155	1.000000	0.900051
1.000000	0.900051	1.000000	0.900342
1.000000	0.900342	1.000000	0.900241
1.000000	0.900241	1.000000	0.900586
1.000000	0.900586	1.000000	0.900782
1.000000	0.900782	1.000000	0.901392
1.000000	0.901392	1.000000	0.901637
1.000000	0.901637	1.000000	0.902015
1.000000	0.902015	1.000000	0.902770
1.000000	0.902770	1.000000	0.902225
1.000000	0.902225	1.000000	0.900979
1.000000	0.900979	1.000000	0.900890
1.000000	0.900890	1.000000	0.902317
1.000000	0.902317	1.000000	0.903304
1.000000	0.903304	1.000000	0.903753
1.000000	0.903753	1.000000	0.904548
1.000000	0.904548	1.000000	0.904901
1.000000	0.904901	1.000000	0.904060
1.000000	0.904060	1.000000	0.904675
1.000000	0.904675	1.000000	0.903601
1.000000	0.903601	1.000000	0.903723
1.000000	0.903723	1.000000	0.904090
1.000000	0.904090	1.000000	0.903953
1.000000	0.903953	1.000000	0.904721
1.000000	0.904721	1.000000	0.904335
1.000000	0.904335	1.000000	0.904723
1.000000	0.904723	1.000000	0.904593
1.000000	0.904593	1.000000	0.904341
1.000000	0.904341	1.000000	0.904800
1.000000	0.904800	1.000000	0.905496
1.000000	0.905496	1.000000	0.905517
1.000000	0.905517	1.000000	0.905631
1.000000	0.905631	1.000000	0.905438
1.000000	0.905438	1.000000	0.905223
1.000000	0.905223	1.000000	0.905728
0.299767	0.900390	0.815946	0.907102
0.815946	0.907102	0.948658	0.916329
0.948658	0.916329	0.981369	0.922574
0.981369	0.922574	0.990585	0.926101
0.990585	0.926101	0.994541	0.928829
0.994541	0.928829	0.996022	0.929332
0.996022	0.929332	0.996827	0.930911
0.996827	0.930911	0.997603	0.931420
0.997603	0.931420	0.997899	0.932337
0.997899	0.932337	0.998182	0.932328
0.998182	0.932328	0.998463	0.932562
0.998463	0.932562	0.998734	0.933615
0.998734	0.933615	0.998939	0.933599
0.998939	0.933599	0.999050	0.933261
0.999050	0.933261	0.999228	0.935085
0.999228	0.935085	0.999402	0.935638
0.999402	0.935638	0.999459	0.935824
0.999459	0.935824	0.999437	0.934937
0.999437	0.934937	0.999519	0.934985
0.999519	0.934985	0.999562	0.935200
0.999562	0.935200	0.999669	0.934281
0.999669	0.934281	0.999750	0.934075
0.999750	0.934075	0.999783	0.933999
0.999783	0.933999	0.999856	0.933800
0.999856	0.933800	0.999867	0.933262
0.999867	0.933262	0.999894	0.933510
0.999894	0.933510	0.999956	0.933148
0.999956	0.933148	0.999969	0.933018
0.999969	0.933018	0.999993	0.933074
0.999993	0.933074	0.999991	0.933444
0.999991	0.933444	0.999984	0.932922
0.999984	0.932922	0.999983	0.933317
0.999983	0.933317	0.999993	0.933616
0.999993	0.933616	0.999994	0.933812
0.999994	0.933812	1.000000	0.934139
1.000000	0.934139	1.000000	0.934036
1.000000	0.934036	1.000000	0.933355
1.000000	0.933355	1.000000	0.933134
1.000000	0.933134	1.000000	0.932690
1.000000	0.932690	1.000000	0.932559
1.000000	0.932559	1.000000	0.932753
1.000000	0.932753	1.000000	0.932569
1.000000	0.932569	1.000000	0.933539
1.000000	0.933539	1.000000	0.934313
1.000000	0.934313	1.000000	0.934834
1.000000	0.934834	1.000000	0.935591
1.000000	0.935591	1.000000	0.935654
1.000000	0.935654	1.000000	0.935310
1.000000	0.935310	1.000000	0.935549
1.000000	0.935549	1.000000	0.934904
1.000000	0.934904	1.000000	0.934143
1.000000	0.934143	1.000000	0.934386
1.000000	0.934386	1.000000	0.933742
1.000000	0.933742	1.000000	0.932706
1.000000	0.932706	1.000000	0.933102
1.000000	0.933102	1.000000	0.933864
1.000000	0.933864	1.000000	0.934481
1.000000	0.934481	1.000000	0.934568
1.000000	0.934568	1.000000	0.934540
1.000000	0.934540	1.000000	0.934616
1.000000	0.934616	1.000000	0.934595
1.000000	0.934595	1.000000	0.934660
1.000000	0.934660	1.000000	0.935390
1.000000	0.935390	1.000000	0.935428
1.000000	0.935428	1.000000	0.935334
1.000000	0.935334	1.000000	0.936077
1.000000	0.936077	1.000000	0.935066
1.000000	0.935066	1.000000	0.934956
1.000000	0.934956	1.000000	0.935819
1.000000	0.935819	1.000000	0.935369
1.000000	0.935369	1.000000	0.935231
1.000000	0.935231	1.000000	0.935193
1.000000	0.935193	1.000000	0.934928
1.000000	0.934928	1.000000	0.935080
1.000000	0.935080	1.000000	0.934367
1.000000	0.934367	1.000000	0.934640
1.000000	0.934640	1.000000	0.935106
1.000000	0.935106	1.000000	0.935529
1.000000	0.935529	1.000000	0.935020
1.000000	0.935020	1.000000	0.935057
1.000000	0.935057	1.000000	0.934854
1.000000	0.934854	1.000000	0.935365
1.000000	0.935365	1.000000	0.934836
1.000000	0.934836	1.000000	0.934551
1.000000	0.934551	1.000000	0.934433
1.000000	0.934433	1.000000	0.933748
1.000000	0.933748	1.000000	0.933500
1.000000	0.933500	1.000000	0.933301
1.000000	0.933301	1.000000	0.932680
1.000000	0.932680	1.000000	0.932114
1.000000	0.932114	1.000000	0.930572
1.000000	0.930572	1.000000	0.931035
1.000000	0.931035	1.000000	0.931285
1.000000	0.931285	1.000000	0.931026
1.000000	0.931026	1.000000	0.930733
1.000000	0.930733	1.000000	0.930502
1.000000	0.930502	1.000000	0.930242
1.000000	0.930242	1.000000	0.929739
1.000000	0.929739	1.000000	0.929662
1.000000	0.929662	1.000000	0.929963
1.000000	0.929963	1.000000	0.930017
1.000000	0.930017	1.000000	0.930043
1.000000	0.930043	1.000000	0.930449
1.000000	0.930449	1.000000	0.930105
1.000000	0.930105	1.000000	0.930152
1.000000	0.930152	1.000000	0.930522
1.000000	0.930522	1.000000	0.930418
1.000000	0.930418	1.000000	0.930186
1.000000	0.930186	1.000000	0.930520
1.000000	0.930520	1.000000	0.930589
1.000000	0.930589	1.000000	0.930398
1.000000	0.930398	1.000000	0.931151
1.000000	0.931151	1.000000	0.930747
1.000000	0.930747	1.000000	0.931149
1.000000	0.931149	1.000000	0.931201
1.000000	0.931201	1.000000	0.931725
1.000000	0.931725	1.000000	0.930186
1.000000	0.930186	1.000000	0.929199
1.000000	0.929199	1.000000	0.929735
1.000000	0.929735	1.000000	0.929781
1.000000	0.929781	1.000000	0.929190
1.000000	0.929190	1.000000	0.928965
1.000000	0.928965	1.000000	0.928076
1.000000	0.928076	1.000000	0.927947
1.000000	0.927947	1.000000	0.928370
1.000000	0.928370	1.000000	0.928076
1.000000	0.928076	1.000000	0.928087
1.000000	0.928087	1.000000	0.928570
1.000000	0.928570	1.000000	0.929130
1.000000	0.929130	1.000000	0.929126
1.000000	0.929126	1.000000	0.928720
1.000000	0.928720	1.000000	0.928590
1.000000	0.928590	1.000000	0.928990
1.000000	0.928990	1.000000	0.928360
1.000000	0.928360	1.000000	0.929109
1.000000	0.929109	1.000000	0.928748
1.000000	0.928748	1.000000	0.928972
1.000000	0.928972	1.000000	0.929620
1.000000	0.929620	1.000000	0.930211
1.000000	0.930211	1.000000	0.930252
1.000000	0.930252	1.000000	0.930639
1.000000	0.930639	1.000000	0.931389
1.000000	0.931389	1.000000	0.930941
1.000000	0.930941	1.000000	0.930973
1.000000	0.930973	1.000000	0.931189
1.000000	0.931189	1.000000	0.931160
1.000000	0.931160	1.000000	0.931295
1.000000	0.931295	1.000000	0.931578
1.000000	0.931578	1.000000	0.931496
1.000000	0.931496	1.000000	0.932198
1.000000	0.932198	1.000000	0.932654
1.000000	0.932654	1.000000	0.933255
1.000000	0.933255	1.000000	0.932812
1.000000	0.932812	1.000000	0.933081
1.000000	0.933081	1.000000	0.933656
1.000000	0.933656	1.000000	0.932815
1.000000	0.932815	1.000000	0.933318
1.000000	0.933318	1.000000	0.933013
1.000000	0.933013	1.000000	0.933327
1.000000	0.933327	1.000000	0.933044
1.000000	0.933044	1.000000	0.933321
1.000000	0.933321	1.000000	0.933848
1.000000	0.933848	1.000000	0.933577
1.000000	0.933577	1.000000	0.933485
1.000000	0.933485	1.000000	0.933992
1.000000	0.933992	1.000000	0.934468
1.000000	0.934468	1.000000	0.933899
1.000000	0.933899	1.000000	0.933165
1.000000	0.933165	1.000000	0.932295
1.000000	0.932295	1.000000	0.931874
1.000000	0.931874	1.000000	0.931756
1.000000	0.931756	1.000000	0.931570
1.000000	0.931570	1.000000	0.932162
1.000000	0.932162	1.000000	0.932390
1.000000	0.932390	1.000000	0.932667
1.000000	0.932667	1.000000	0.932104
1.000000	0.932104	1.000000	0.932371
1.000000	0.932371	1.000000	0.931781
1.000000	0.931781	1.000000	0.931129
1.000000	0.931129	1.000000	0.930671
1.000000	0.930671	1.000000	0.930730
1.000000	0.930730	1.000000	0.931101
1.000000	0.931101	1.000000	0.930566
1.000000	0.930566	1.000000	0.929742
1.000000	0.929742	1.000000	0.930016
1.000000	0.930016	1.000000	0.929975
1.000000	0.929975	1.000000	0.930840
1.000000	0.930840	1.000000	0.929891
1.000000	0.929891	1.000000	0.928873
1.000000	0.928873	1.000000	0.928813
1.000000	0.928813	1.000000	0.928719
1.000000	0.928719	1.000000	0.928078
1.000000	0.928078	1.000000	0.928181
1.000000	0.928181	1.000000	0.927673
1.000000	0.927673	1.000000	0.927975
1.000000	0.927975	1.000000	0.927914
1.000000	0.927914	1.000000	0.928329
1.000000	0.928329	1.000000	0.928512
1.000000	0.928512	1.000000	0.928961
