0.350419	0.449089	0.433062	0.451767
0.433062	0.451767	0.487554	0.464309
0.487554	0.464309	0.519187	0.477517
0.519187	0.477517	0.534528	0.487602
0.534528	0.487602	0.538048	0.493381
0.538048	0.493381	0.530320	0.491426
0.530320	0.491426	0.517689	0.485940
0.517689	0.485940	0.497249	0.471371
0.497249	0.471371	0.475052	0.454968
0.475052	0.454968	0.447135	0.431114
0.447135	0.431114	0.415329	0.403259
0.415329	0.403259	0.382218	0.372998
0.382218	0.372998	0.347156	0.340293
0.347156	0.340293	0.310643	0.305326
0.310643	0.305326	0.275359	0.271594
0.275359	0.271594	0.240790	0.238192
0.240790	0.238192	0.209420	0.207880
0.209420	0.207880	0.179633	0.178681
0.179633	0.178681	0.152492	0.151947
0.152492	0.151947	0.128762	0.128697
0.128762	0.128697	0.106735	0.106769
0.106735	0.106769	0.088054	0.088110
0.088054	0.088110	0.072649	0.072784
0.072649	0.072784	0.058958	0.059162
0.058958	0.059162	0.047368	0.047665
0.047368	0.047665	0.037646	0.037998
0.037646	0.037998	0.029469	0.029833
0.029469	0.029833	0.023084	0.023459
0.023084	0.023459	0.017740	0.018211
0.017740	0.018211	0.013746	0.014325
0.013746	0.014325	0.010412	0.011065
0.010412	0.011065	0.007983	0.008549
0.007983	0.008549	0.006325	0.006960
0.006325	0.006960	0.004955	0.005622
0.004955	0.005622	0.003850	0.004634
0.003850	0.004634	0.003060	0.003861
0.003060	0.003861	0.002336	0.003098
0.002336	0.003098	0.001745	0.002492
0.001745	0.002492	0.001317	0.002059
0.001317	0.002059	0.001033	0.001750
0.001033	0.001750	0.000805	0.001492
0.000805	0.001492	0.000589	0.001216
0.000589	0.001216	0.000484	0.001137
0.000484	0.001137	0.000466	0.001155
0.000466	0.001155	0.000407	0.001094
0.000407	0.001094	0.000348	0.001148
0.000348	0.001148	0.000280	0.001040
0.000280	0.001040	0.000209	0.001064
0.000209	0.001064	0.000139	0.001022
0.000139	0.001022	0.000099	0.000958
0.000099	0.000958	0.000056	0.000956
0.000056	0.000956	0.000032	0.000940
0.000032	0.000940	0.000022	0.000892
0.000022	0.000892	0.000017	0.000891
0.000017	0.000891	0.000002	0.000914
0.000002	0.000914	0.000000	0.000879
0.000000	0.000879	0.000000	0.000742
0.000000	0.000742	0.000000	0.000793
0.000000	0.000793	0.000000	0.000835
0.000000	0.000835	0.000000	0.000879
0.000000	0.000879	0.000000	0.000786
0.000000	0.000786	0.000000	0.000841
0.000000	0.000841	0.000000	0.000865
0.000000	0.000865	0.000000	0.000879
0.000000	0.000879	0.000000	0.000897
0.000000	0.000897	0.000000	0.000953
0.000000	0.000953	0.000000	0.001016
0.000000	0.001016	0.000000	0.000997
0.000000	0.000997	0.000000	0.001027
0.000000	0.001027	0.000000	0.000985
0.000000	0.000985	0.000000	0.001086
0.000000	0.001086	0.000000	0.001159
0.000000	0.001159	0.000000	0.001016
0.000000	0.001016	0.000000	0.001048
0.000000	0.001048	0.000000	0.000936
0.000000	0.000936	0.000000	0.000787
0.000000	0.000787	0.000000	0.000875
0.000000	0.000875	0.000000	0.000772
0.000000	0.000772	0.000000	0.000738
0.000000	0.000738	0.000000	0.000708
0.000000	0.000708	0.000000	0.000688
0.000000	0.000688	0.000000	0.000628
0.000000	0.000628	0.000000	0.000745
0.000000	0.000745	0.000000	0.000694
0.000000	0.000694	0.000000	0.000673
0.000000	0.000673	0.000000	0.000628
0.000000	0.000628	0.000000	0.000503
0.000000	0.000503	0.000000	0.000535
0.000000	0.000535	0.000000	0.000586
0.000000	0.000586	0.000000	0.000549
0.000000	0.000549	0.000000	0.000532
0.000000	0.000532	0.000000	0.000608
0.000000	0.000608	0.000000	0.000620
0.000000	0.000620	0.000000	0.000690
0.000000	0.000690	0.000000	0.000665
0.000000	0.000665	0.000000	0.000628
0.000000	0.000628	0.000000	0.000625
0.000000	0.000625	0.000000	0.000652
0.000000	0.000652	0.000000	0.000595
0.000000	0.000595	0.000000	0.000557
0.000000	0.000557	0.000000	0.000588
0.000000	0.000588	0.000000	0.000588
0.000000	0.000588	0.000000	0.000625
0.000000	0.000625	0.000000	0.000761
0.000000	0.000761	0.000000	0.000731
0.000000	0.000731	0.000000	0.000850
0.000000	0.000850	0.000000	0.000784
0.000000	0.000784	0.000000	0.000816
0.000000	0.000816	0.000000	0.000817
0.000000	0.000817	0.000000	0.000815
0.000000	0.000815	0.000000	0.000807
0.000000	0.000807	0.000000	0.000810
0.000000	0.000810	0.000000	0.000853
0.000000	0.000853	0.000000	0.000908
0.000000	0.000908	0.000000	0.000899
0.000000	0.000899	0.000000	0.000721
0.000000	0.000721	0.000000	0.000722
0.000000	0.000722	0.000000	0.000746
0.000000	0.000746	0.000000	0.000755
0.000000	0.000755	0.000000	0.000728
0.000000	0.000728	0.000000	0.000748
0.000000	0.000748	0.000000	0.000744
0.000000	0.000744	0.000000	0.000750
0.000000	0.000750	0.000000	0.000681
0.000000	0.000681	0.000000	0.000646
0.000000	0.000646	0.000000	0.000705
0.000000	0.000705	0.000000	0.000703
0.000000	0.000703	0.000000	0.000713
0.000000	0.000713	0.000000	0.000694
0.000000	0.000694	0.000000	0.000760
0.000000	0.000760	0.000000	0.000805
0.000000	0.000805	0.000000	0.000854
0.000000	0.000854	0.000000	0.000689
0.000000	0.000689	0.000000	0.000699
0.000000	0.000699	0.000000	0.000692
0.000000	0.000692	0.000000	0.000639
0.000000	0.000639	0.000000	0.000674
0.000000	0.000674	0.000000	0.000685
0.000000	0.000685	0.000000	0.000671
0.000000	0.000671	0.000000	0.000560
0.000000	0.000560	0.000000	0.000554
0.000000	0.000554	0.000000	0.000588
0.000000	0.000588	0.000000	0.000624
0.000000	0.000624	0.000000	0.000579
0.000000	0.000579	0.000000	0.000570
0.000000	0.000570	0.000000	0.000554
0.000000	0.000554	0.000000	0.000494
0.000000	0.000494	0.000000	0.000451
0.000000	0.000451	0.000000	0.000485
0.000000	0.000485	0.000000	0.000500
0.000000	0.000500	0.000000	0.000413
0.000000	0.000413	0.000000	0.000509
0.000000	0.000509	0.000000	0.000485
0.000000	0.000485	0.000000	0.000536
0.000000	0.000536	0.000000	0.000507
0.000000	0.000507	0.000000	0.000506
0.000000	0.000506	0.000000	0.000551
0.000000	0.000551	0.000000	0.000560
0.000000	0.000560	0.000000	0.000531
0.000000	0.000531	0.000000	0.000579
0.000000	0.000579	0.000000	0.000510
0.000000	0.000510	0.000000	0.000503
0.000000	0.000503	0.000000	0.000436
0.000000	0.000436	0.000000	0.000511
0.000000	0.000511	0.000000	0.000462
0.000000	0.000462	0.000000	0.000526
0.000000	0.000526	0.000000	0.000494
0.000000	0.000494	0.000000	0.000498
0.000000	0.000498	0.000000	0.000457
0.000000	0.000457	0.000000	0.000385
0.000000	0.000385	0.000000	0.000403
0.000000	0.000403	0.000000	0.000457
0.000000	0.000457	0.000000	0.000440
0.000000	0.000440	0.000000	0.000437
0.000000	0.000437	0.000000	0.000419
0.000000	0.000419	0.000000	0.000427
0.000000	0.000427	0.000000	0.000494
0.000000	0.000494	0.000000	0.000598
0.000000	0.000598	0.000000	0.000627
0.000000	0.000627	0.000000	0.000599
0.000000	0.000599	0.000000	0.000545
0.000000	0.000545	0.000000	0.000681
0.000000	0.000681	0.000000	0.000677
0.000000	0.000677	0.000000	0.000677
0.000000	0.000677	0.000000	0.000714
0.000000	0.000714	0.000000	0.000801
0.000000	0.000801	0.000000	0.000842
0.000000	0.000842	0.000000	0.000752
0.000000	0.000752	0.000000	0.000698
0.000000	0.000698	0.000000	0.000683
0.000000	0.000683	0.000000	0.000651
0.000000	0.000651	0.000000	0.000572
0.000000	0.000572	0.000000	0.000574
0.000000	0.000574	0.000000	0.000648
0.000000	0.000648	0.000000	0.000597
0.000000	0.000597	0.000000	0.000595
0.000000	0.000595	0.000000	0.000663
0.000000	0.000663	0.000000	0.000638
0.000000	0.000638	0.000000	0.000626
0.350516	0.400468	0.362250	0.400715
0.362250	0.400715	0.381087	0.404548
0.381087	0.404548	0.394016	0.405859
0.394016	0.405859	0.397311	0.401935
0.397311	0.401935	0.388409	0.388697
0.388409	0.388697	0.368956	0.368506
0.368956	0.368506	0.341503	0.341533
0.341503	0.341533	0.309381	0.310179
0.309381	0.310179	0.272004	0.273558
0.272004	0.273558	0.233757	0.235634
0.233757	0.235634	0.195776	0.198148
0.195776	0.198148	0.159345	0.162477
0.159345	0.162477	0.127327	0.130762
0.127327	0.130762	0.099083	0.102896
0.099083	0.102896	0.076459	0.080772
0.076459	0.080772	0.058233	0.062516
0.058233	0.062516	0.043530	0.047495
0.043530	0.047495	0.031715	0.035823
0.031715	0.035823	0.023048	0.027093
0.023048	0.027093	0.016769	0.020737
0.016769	0.020737	0.011907	0.015890
0.011907	0.015890	0.008452	0.012605
0.008452	0.012605	0.005919	0.010240
0.005919	0.010240	0.004205	0.008566
0.004205	0.008566	0.002874	0.007212
0.002874	0.007212	0.002097	0.006281
0.002097	0.006281	0.001648	0.005664
0.001648	0.005664	0.001246	0.005153
0.001246	0.005153	0.000910	0.004619
0.000910	0.004619	0.000664	0.004471
0.000664	0.004471	0.000581	0.004338
0.000581	0.004338	0.000443	0.004649
0.000443	0.004649	0.000332	0.004646
0.000332	0.004646	0.000238	0.004506
0.000238	0.004506	0.000124	0.004288
0.000124	0.004288	0.000075	0.004202
0.000075	0.004202	0.000040	0.004302
0.000040	0.004302	0.000029	0.004302
0.000029	0.004302	0.000005	0.004299
0.000005	0.004299	0.000001	0.004336
0.000001	0.004336	0.000000	0.004389
0.000000	0.004389	0.000000	0.004539
0.000000	0.004539	0.000000	0.004665
0.000000	0.004665	0.000000	0.004821
0.000000	0.004821	0.000000	0.004859
0.000000	0.004859	0.000000	0.005040
0.000000	0.005040	0.000000	0.005281
0.000000	0.005281	0.000000	0.005302
0.000000	0.005302	0.000000	0.005149
0.000000	0.005149	0.000000	0.005212
0.000000	0.005212	0.000000	0.005286
0.000000	0.005286	0.000000	0.005119
0.000000	0.005119	0.000000	0.005166
0.000000	0.005166	0.000000	0.005118
0.000000	0.005118	0.000000	0.005159
0.000000	0.005159	0.000000	0.005098
0.000000	0.005098	0.000000	0.004944
0.000000	0.004944	0.000000	0.004980
0.000000	0.004980	0.000000	0.005031
0.000000	0.005031	0.000000	0.004915
0.000000	0.004915	0.000000	0.004755
0.000000	0.004755	0.000000	0.004968
0.000000	0.004968	0.000000	0.005157
0.000000	0.005157	0.000000	0.005183
0.000000	0.005183	0.000000	0.005078
0.000000	0.005078	0.000000	0.005258
0.000000	0.005258	0.000000	0.005133
0.000000	0.005133	0.000000	0.004984
0.000000	0.004984	0.000000	0.004851
0.000000	0.004851	0.000000	0.004862
0.000000	0.004862	0.000000	0.004873
0.000000	0.004873	0.000000	0.004892
0.000000	0.004892	0.000000	0.004734
0.000000	0.004734	0.000000	0.004785
0.000000	0.004785	0.000000	0.004919
0.000000	0.004919	0.000000	0.005142
0.000000	0.005142	0.000000	0.005122
0.000000	0.005122	0.000000	0.005044
0.000000	0.005044	0.000000	0.005193
0.000000	0.005193	0.000000	0.005387
0.000000	0.005387	0.000000	0.005208
0.000000	0.005208	0.000000	0.004990
0.000000	0.004990	0.000000	0.004982
0.000000	0.004982	0.000000	0.004918
0.000000	0.004918	0.000000	0.004858
0.000000	0.004858	0.000000	0.004553
0.000000	0.004553	0.000000	0.004508
0.000000	0.004508	0.000000	0.004543
0.000000	0.004543	0.000000	0.004307
0.000000	0.004307	0.000000	0.004313
0.000000	0.004313	0.000000	0.004347
0.000000	0.004347	0.000000	0.004166
0.000000	0.004166	0.000000	0.004259
0.000000	0.004259	0.000000	0.004247
0.000000	0.004247	0.000000	0.004421
0.000000	0.004421	0.000000	0.004395
0.000000	0.004395	0.000000	0.004277
0.000000	0.004277	0.000000	0.004419
0.000000	0.004419	0.000000	0.004285
0.000000	0.004285	0.000000	0.004405
0.000000	0.004405	0.000000	0.004332
0.000000	0.004332	0.000000	0.004243
0.000000	0.004243	0.000000	0.004004
0.000000	0.004004	0.000000	0.003966
0.000000	0.003966	0.000000	0.004121
0.000000	0.004121	0.000000	0.004046
0.000000	0.004046	0.000000	0.003962
0.000000	0.003962	0.000000	0.004075
0.000000	0.004075	0.000000	0.004011
0.000000	0.004011	0.000000	0.004130
0.000000	0.004130	0.000000	0.004039
0.000000	0.004039	0.000000	0.003985
0.000000	0.003985	0.000000	0.003997
0.000000	0.003997	0.000000	0.004054
0.000000	0.004054	0.000000	0.003906
0.000000	0.003906	0.000000	0.004003
0.000000	0.004003	0.000000	0.004051
0.000000	0.004051	0.000000	0.003925
0.000000	0.003925	0.000000	0.003940
0.000000	0.003940	0.000000	0.004079
0.000000	0.004079	0.000000	0.004068
0.000000	0.004068	0.000000	0.004065
0.000000	0.004065	0.000000	0.004169
0.000000	0.004169	0.000000	0.004029
0.000000	0.004029	0.000000	0.003857
0.000000	0.003857	0.000000	0.003609
0.000000	0.003609	0.000000	0.003690
0.000000	0.003690	0.000000	0.003626
0.000000	0.003626	0.000000	0.003715
0.000000	0.003715	0.000000	0.003545
0.000000	0.003545	0.000000	0.003536
0.000000	0.003536	0.000000	0.003503
0.000000	0.003503	0.000000	0.003621
0.000000	0.003621	0.000000	0.003810
0.000000	0.003810	0.000000	0.003782
0.000000	0.003782	0.000000	0.003934
0.000000	0.003934	0.000000	0.003893
0.000000	0.003893	0.000000	0.003878
0.000000	0.003878	0.000000	0.003830
0.000000	0.003830	0.000000	0.003667
0.000000	0.003667	0.000000	0.003637
0.000000	0.003637	0.000000	0.003699
0.000000	0.003699	0.000000	0.003572
0.000000	0.003572	0.000000	0.003581
0.000000	0.003581	0.000000	0.003572
0.000000	0.003572	0.000000	0.003565
0.000000	0.003565	0.000000	0.003559
0.000000	0.003559	0.000000	0.003286
0.000000	0.003286	0.000000	0.003224
0.000000	0.003224	0.000000	0.003249
0.000000	0.003249	0.000000	0.003236
0.000000	0.003236	0.000000	0.003163
0.000000	0.003163	0.000000	0.003120
0.000000	0.003120	0.000000	0.003139
0.000000	0.003139	0.000000	0.003064
0.000000	0.003064	0.000000	0.002634
0.000000	0.002634	0.000000	0.002520
0.000000	0.002520	0.000000	0.002541
0.000000	0.002541	0.000000	0.002446
0.000000	0.002446	0.000000	0.002409
0.000000	0.002409	0.000000	0.002461
0.000000	0.002461	0.000000	0.002292
0.000000	0.002292	0.000000	0.002390
0.000000	0.002390	0.000000	0.002551
0.000000	0.002551	0.000000	0.002519
0.000000	0.002519	0.000000	0.002519
0.000000	0.002519	0.000000	0.002611
0.000000	0.002611	0.000000	0.002777
0.000000	0.002777	0.000000	0.002909
0.000000	0.002909	0.000000	0.002933
0.000000	0.002933	0.000000	0.002980
0.000000	0.002980	0.000000	0.002916
0.000000	0.002916	0.000000	0.003125
0.000000	0.003125	0.000000	0.003059
0.000000	0.003059	0.000000	0.003041
0.000000	0.003041	0.000000	0.003103
0.000000	0.003103	0.000000	0.002981
0.000000	0.002981	0.000000	0.002843
0.000000	0.002843	0.000000	0.002732
0.000000	0.002732	0.000000	0.002811
0.000000	0.002811	0.000000	0.003036
0.000000	0.003036	0.000000	0.003165
0.000000	0.003165	0.000000	0.003143
0.000000	0.003143	0.000000	0.003222
0.000000	0.003222	0.000000	0.003483
0.000000	0.003483	0.000000	0.003470
0.000000	0.003470	0.000000	0.003667
0.000000	0.003667	0.000000	0.003579
0.000000	0.003579	0.000000	0.003704
0.000000	0.003704	0.000000	0.003821
0.000000	0.003821	0.000000	0.003900
0.000000	0.003900	0.000000	0.003711
0.000000	0.003711	0.000000	0.003552
0.000000	0.003552	0.000000	0.003506
0.000000	0.003506	0.000000	0.003473
0.000000	0.003473	0.000000	0.003474
0.000000	0.003474	0.000000	0.003415
0.000000	0.003415	0.000000	0.003570
0.000000	0.003570	0.000000	0.003591
0.349901	0.350351	0.293301	0.347105
0.293301	0.347105	0.275242	0.340134
0.275242	0.340134	0.272231	0.329081
0.272231	0.329081	0.269172	0.314969
0.269172	0.314969	0.258552	0.295380
0.258552	0.295380	0.239424	0.269085
0.239424	0.269085	0.213417	0.237975
0.213417	0.237975	0.183968	0.204990
0.183968	0.204990	0.154399	0.173299
0.154399	0.173299	0.125956	0.143267
0.125956	0.143267	0.099291	0.115661
0.099291	0.115661	0.076755	0.092340
0.076755	0.092340	0.057570	0.072334
0.057570	0.072334	0.042480	0.056557
0.042480	0.056557	0.030859	0.044494
0.030859	0.044494	0.022497	0.035879
0.022497	0.035879	0.016069	0.029230
0.016069	0.029230	0.011158	0.023565
0.011158	0.023565	0.007915	0.020129
0.007915	0.020129	0.005599	0.017895
0.005599	0.017895	0.003804	0.016174
0.003804	0.016174	0.002635	0.014900
0.002635	0.014900	0.001808	0.014111
0.001808	0.014111	0.001355	0.013841
0.001355	0.013841	0.001030	0.013554
0.001030	0.013554	0.000831	0.012886
0.000831	0.012886	0.000652	0.012935
0.000652	0.012935	0.000552	0.012774
0.000552	0.012774	0.000363	0.012783
0.000363	0.012783	0.000273	0.013309
0.000273	0.013309	0.000219	0.012841
0.000219	0.012841	0.000165	0.012620
0.000165	0.012620	0.000089	0.012499
0.000089	0.012499	0.000076	0.012759
0.000076	0.012759	0.000073	0.012869
0.000073	0.012869	0.000085	0.012966
0.000085	0.012966	0.000069	0.012971
0.000069	0.012971	0.000068	0.012963
0.000068	0.012963	0.000064	0.012580
0.000064	0.012580	0.000048	0.012425
0.000048	0.012425	0.000052	0.012370
0.000052	0.012370	0.000023	0.012062
0.000023	0.012062	0.000013	0.011538
0.000013	0.011538	0.000001	0.011787
0.000001	0.011787	0.000000	0.011625
0.000000	0.011625	0.000000	0.011347
0.000000	0.011347	0.000000	0.011443
0.000000	0.011443	0.000000	0.011329
0.000000	0.011329	0.000000	0.011094
0.000000	0.011094	0.000000	0.011181
0.000000	0.011181	0.000000	0.010859
0.000000	0.010859	0.000000	0.010781
0.000000	0.010781	0.000000	0.010680
0.000000	0.010680	0.000000	0.010793
0.000000	0.010793	0.000000	0.010672
0.000000	0.010672	0.000000	0.010765
0.000000	0.010765	0.000000	0.011087
0.000000	0.011087	0.000000	0.011136
0.000000	0.011136	0.000000	0.010825
0.000000	0.010825	0.000000	0.010705
0.000000	0.010705	0.000000	0.010474
0.000000	0.010474	0.000000	0.010701
0.000000	0.010701	0.000000	0.010481
0.000000	0.010481	0.000000	0.010693
0.000000	0.010693	0.000000	0.010739
0.000000	0.010739	0.000000	0.010684
0.000000	0.010684	0.000000	0.010672
0.000000	0.010672	0.000000	0.010871
0.000000	0.010871	0.000000	0.011184
0.000000	0.011184	0.000000	0.011140
0.000000	0.011140	0.000000	0.011038
0.000000	0.011038	0.000000	0.011278
0.000000	0.011278	0.000000	0.011266
0.000000	0.011266	0.000000	0.011394
0.000000	0.011394	0.000000	0.011335
0.000000	0.011335	0.000000	0.011090
0.000000	0.011090	0.000000	0.010934
0.000000	0.010934	0.000000	0.010643
0.000000	0.010643	0.000000	0.010766
0.000000	0.010766	0.000000	0.010554
0.000000	0.010554	0.000000	0.010510
0.000000	0.010510	0.000000	0.010272
0.000000	0.010272	0.000000	0.010244
0.000000	0.010244	0.000000	0.010124
0.000000	0.010124	0.000000	0.009885
0.000000	0.009885	0.000000	0.009941
0.000000	0.009941	0.000000	0.009893
0.000000	0.009893	0.000000	0.010044
0.000000	0.010044	0.000000	0.009761
0.000000	0.009761	0.000000	0.009736
0.000000	0.009736	0.000000	0.010025
0.000000	0.010025	0.000000	0.009656
0.000000	0.009656	0.000000	0.010110
0.000000	0.010110	0.000000	0.009858
0.000000	0.009858	0.000000	0.009817
0.000000	0.009817	0.000000	0.009494
0.000000	0.009494	0.000000	0.009281
0.000000	0.009281	0.000000	0.008926
0.000000	0.008926	0.000000	0.008946
0.000000	0.008946	0.000000	0.009059
0.000000	0.009059	0.000000	0.008679
0.000000	0.008679	0.000000	0.008640
0.000000	0.008640	0.000000	0.009007
0.000000	0.009007	0.000000	0.009331
0.000000	0.009331	0.000000	0.009200
0.000000	0.009200	0.000000	0.008963
0.000000	0.008963	0.000000	0.008914
0.000000	0.008914	0.000000	0.008839
0.000000	0.008839	0.000000	0.009042
0.000000	0.009042	0.000000	0.009165
0.000000	0.009165	0.000000	0.009275
0.000000	0.009275	0.000000	0.009333
0.000000	0.009333	0.000000	0.009320
0.000000	0.009320	0.000000	0.009561
0.000000	0.009561	0.000000	0.009595
0.000000	0.009595	0.000000	0.009467
0.000000	0.009467	0.000000	0.009638
0.000000	0.009638	0.000000	0.009449
0.000000	0.009449	0.000000	0.009537
0.000000	0.009537	0.000000	0.009627
0.000000	0.009627	0.000000	0.009570
0.000000	0.009570	0.000000	0.009545
0.000000	0.009545	0.000000	0.009870
0.000000	0.009870	0.000000	0.009646
0.000000	0.009646	0.000000	0.009362
0.000000	0.009362	0.000000	0.009453
0.000000	0.009453	0.000000	0.009626
0.000000	0.009626	0.000000	0.009550
0.000000	0.009550	0.000000	0.009378
0.000000	0.009378	0.000000	0.009136
0.000000	0.009136	0.000000	0.008924
0.000000	0.008924	0.000000	0.008996
0.000000	0.008996	0.000000	0.008966
0.000000	0.008966	0.000000	0.008669
0.000000	0.008669	0.000000	0.008290
0.000000	0.008290	0.000000	0.008224
0.000000	0.008224	0.000000	0.008328
0.000000	0.008328	0.000000	0.008467
0.000000	0.008467	0.000000	0.008288
0.000000	0.008288	0.000000	0.008734
0.000000	0.008734	0.000000	0.008804
0.000000	0.008804	0.000000	0.008853
0.000000	0.008853	0.000000	0.009305
0.000000	0.009305	0.000000	0.009255
0.000000	0.009255	0.000000	0.009260
0.000000	0.009260	0.000000	0.009308
0.000000	0.009308	0.000000	0.009430
0.000000	0.009430	0.000000	0.009499
0.000000	0.009499	0.000000	0.009319
0.000000	0.009319	0.000000	0.009371
0.000000	0.009371	0.000000	0.009408
0.000000	0.009408	0.000000	0.009430
0.000000	0.009430	0.000000	0.009593
0.000000	0.009593	0.000000	0.009876
0.000000	0.009876	0.000000	0.009855
0.000000	0.009855	0.000000	0.009567
0.000000	0.009567	0.000000	0.010075
0.000000	0.010075	0.000000	0.010375
0.000000	0.010375	0.000000	0.010591
0.000000	0.010591	0.000000	0.010583
0.000000	0.010583	0.000000	0.010594
0.000000	0.010594	0.000000	0.010452
0.000000	0.010452	0.000000	0.010321
0.000000	0.010321	0.000000	0.010396
0.000000	0.010396	0.000000	0.010639
0.000000	0.010639	0.000000	0.010929
0.000000	0.010929	0.000000	0.010837
0.000000	0.010837	0.000000	0.010590
0.000000	0.010590	0.000000	0.010554
0.000000	0.010554	0.000000	0.010383
0.000000	0.010383	0.000000	0.010403
0.000000	0.010403	0.000000	0.010494
0.000000	0.010494	0.000000	0.010229
0.000000	0.010229	0.000000	0.010583
0.000000	0.010583	0.000000	0.010692
0.000000	0.010692	0.000000	0.010636
0.000000	0.010636	0.000000	0.010865
0.000000	0.010865	0.000000	0.010786
0.000000	0.010786	0.000000	0.011196
0.000000	0.011196	0.000000	0.011109
0.000000	0.011109	0.000000	0.011253
0.000000	0.011253	0.000000	0.011293
0.000000	0.011293	0.000000	0.011238
0.000000	0.011238	0.000000	0.011151
0.000000	0.011151	0.000000	0.010952
0.000000	0.010952	0.000000	0.011206
0.000000	0.011206	0.000000	0.011280
0.000000	0.011280	0.000000	0.011438
0.000000	0.011438	0.000000	0.011512
0.000000	0.011512	0.000000	0.011569
0.000000	0.011569	0.000000	0.011805
0.000000	0.011805	0.000000	0.011410
0.000000	0.011410	0.000000	0.011392
0.000000	0.011392	0.000000	0.011631
0.000000	0.011631	0.000000	0.011544
0.000000	0.011544	0.000000	0.011324
0.000000	0.011324	0.000000	0.011557
0.000000	0.011557	0.000000	0.011960
0.000000	0.011960	0.000000	0.011974
0.349872	0.300275	0.228462	0.292907
0.228462	0.292907	0.183291	0.278246
0.183291	0.278246	0.169067	0.260360
0.169067	0.260360	0.162481	0.242181
0.162481	0.242181	0.155484	0.223683
0.155484	0.223683	0.145335	0.201958
0.145335	0.201958	0.130279	0.179576
0.130279	0.179576	0.114269	0.157966
0.114269	0.157966	0.097114	0.137388
0.097114	0.137388	0.081907	0.118525
0.081907	0.118525	0.066717	0.100394
0.066717	0.100394	0.053023	0.085101
0.053023	0.085101	0.041602	0.072452
0.041602	0.072452	0.031598	0.061594
0.031598	0.061594	0.023578	0.053082
0.023578	0.053082	0.017158	0.046232
0.017158	0.046232	0.012576	0.041156
0.012576	0.041156	0.009400	0.037244
0.009400	0.037244	0.007471	0.034469
0.007471	0.034469	0.005790	0.032509
0.005790	0.032509	0.004527	0.031411
0.004527	0.031411	0.003416	0.030381
0.003416	0.030381	0.002476	0.029313
0.002476	0.029313	0.001821	0.028785
0.001821	0.028785	0.001419	0.028454
0.001419	0.028454	0.001145	0.028493
0.001145	0.028493	0.000893	0.028178
0.000893	0.028178	0.000707	0.027196
0.000707	0.027196	0.000609	0.026934
0.000609	0.026934	0.000528	0.026665
0.000528	0.026665	0.000476	0.027047
0.000476	0.027047	0.000405	0.027338
0.000405	0.027338	0.000343	0.027888
0.000343	0.027888	0.000322	0.027880
0.000322	0.027880	0.000276	0.027554
0.000276	0.027554	0.000252	0.027663
0.000252	0.027663	0.000221	0.027174
0.000221	0.027174	0.000219	0.027558
0.000219	0.027558	0.000170	0.027764
0.000170	0.027764	0.000136	0.027841
0.000136	0.027841	0.000128	0.027623
0.000128	0.027623	0.000122	0.027816
0.000122	0.027816	0.000112	0.027388
0.000112	0.027388	0.000100	0.027579
0.000100	0.027579	0.000089	0.027172
0.000089	0.027172	0.000086	0.026709
0.000086	0.026709	0.000079	0.026336
0.000079	0.026336	0.000123	0.026285
0.000123	0.026285	0.000129	0.026535
0.000129	0.026535	0.000136	0.026864
0.000136	0.026864	0.000134	0.026504
0.000134	0.026504	0.000058	0.026797
0.000058	0.026797	0.000068	0.026719
0.000068	0.026719	0.000081	0.026472
0.000081	0.026472	0.000092	0.026689
0.000092	0.026689	0.000112	0.026592
0.000112	0.026592	0.000120	0.026579
0.000120	0.026579	0.000090	0.026147
0.000090	0.026147	0.000112	0.026146
0.000112	0.026146	0.000095	0.026434
0.000095	0.026434	0.000064	0.026252
0.000064	0.026252	0.000035	0.025856
0.000035	0.025856	0.000009	0.026334
0.000009	0.026334	0.000013	0.026210
0.000013	0.026210	0.000005	0.026548
0.000005	0.026548	0.000000	0.026241
0.000000	0.026241	0.000000	0.026876
0.000000	0.026876	0.000000	0.026480
0.000000	0.026480	0.000000	0.026752
0.000000	0.026752	0.000000	0.027066
0.000000	0.027066	0.000000	0.026896
0.000000	0.026896	0.000000	0.026553
0.000000	0.026553	0.000000	0.026514
0.000000	0.026514	0.000000	0.026385
0.000000	0.026385	0.000000	0.026289
0.000000	0.026289	0.000000	0.025880
0.000000	0.025880	0.000000	0.025661
0.000000	0.025661	0.000000	0.025796
0.000000	0.025796	0.000000	0.025884
0.000000	0.025884	0.000000	0.025617
0.000000	0.025617	0.000000	0.026050
0.000000	0.026050	0.000000	0.025944
0.000000	0.025944	0.000000	0.026054
0.000000	0.026054	0.000000	0.026133
0.000000	0.026133	0.000000	0.026732
0.000000	0.026732	0.000000	0.026559
0.000000	0.026559	0.000000	0.027049
0.000000	0.027049	0.000000	0.027236
0.000000	0.027236	0.000000	0.026787
0.000000	0.026787	0.000000	0.026927
0.000000	0.026927	0.000000	0.027422
0.000000	0.027422	0.000000	0.027748
0.000000	0.027748	0.000000	0.027832
0.000000	0.027832	0.000000	0.027953
0.000000	0.027953	0.000000	0.027403
0.000000	0.027403	0.000000	0.028023
0.000000	0.028023	0.000000	0.027945
0.000000	0.027945	0.000000	0.028293
0.000000	0.028293	0.000000	0.028034
0.000000	0.028034	0.000000	0.027413
0.000000	0.027413	0.000000	0.027084
0.000000	0.027084	0.000000	0.026515
0.000000	0.026515	0.000000	0.026621
0.000000	0.026621	0.000000	0.026562
0.000000	0.026562	0.000000	0.026855
0.000000	0.026855	0.000000	0.026793
0.000000	0.026793	0.000000	0.026744
0.000000	0.026744	0.000000	0.026846
0.000000	0.026846	0.000000	0.027348
0.000000	0.027348	0.000000	0.026979
0.000000	0.026979	0.000000	0.027222
0.000000	0.027222	0.000000	0.027041
0.000000	0.027041	0.000000	0.026661
0.000000	0.026661	0.000000	0.026000
0.000000	0.026000	0.000000	0.025871
0.000000	0.025871	0.000000	0.025596
0.000000	0.025596	0.000000	0.025897
0.000000	0.025897	0.000000	0.025813
0.000000	0.025813	0.000000	0.025610
0.000000	0.025610	0.000000	0.025376
0.000000	0.025376	0.000000	0.025554
0.000000	0.025554	0.000000	0.025634
0.000000	0.025634	0.000000	0.025411
0.000000	0.025411	0.000000	0.025263
0.000000	0.025263	0.000000	0.025511
0.000000	0.025511	0.000000	0.025204
0.000000	0.025204	0.000000	0.025198
0.000000	0.025198	0.000000	0.025137
0.000000	0.025137	0.000000	0.025175
0.000000	0.025175	0.000000	0.024874
0.000000	0.024874	0.000000	0.024394
0.000000	0.024394	0.000000	0.024747
0.000000	0.024747	0.000000	0.024260
0.000000	0.024260	0.000000	0.024360
0.000000	0.024360	0.000000	0.024145
0.000000	0.024145	0.000000	0.023710
0.000000	0.023710	0.000000	0.023974
0.000000	0.023974	0.000000	0.023990
0.000000	0.023990	0.000000	0.024629
0.000000	0.024629	0.000000	0.024912
0.000000	0.024912	0.000000	0.024680
0.000000	0.024680	0.000000	0.024668
0.000000	0.024668	0.000000	0.024273
0.000000	0.024273	0.000000	0.024663
0.000000	0.024663	0.000000	0.024731
0.000000	0.024731	0.000000	0.025192
0.000000	0.025192	0.000000	0.024849
0.000000	0.024849	0.000000	0.024873
0.000000	0.024873	0.000000	0.024900
0.000000	0.024900	0.000000	0.024676
0.000000	0.024676	0.000000	0.025051
0.000000	0.025051	0.000000	0.024996
0.000000	0.024996	0.000000	0.024617
0.000000	0.024617	0.000000	0.025006
0.000000	0.025006	0.000000	0.025387
0.000000	0.025387	0.000000	0.025578
0.000000	0.025578	0.000000	0.025305
0.000000	0.025305	0.000000	0.025088
0.000000	0.025088	0.000000	0.025261
0.000000	0.025261	0.000000	0.025110
0.000000	0.025110	0.000000	0.024945
0.000000	0.024945	0.000000	0.024626
0.000000	0.024626	0.000000	0.024693
0.000000	0.024693	0.000000	0.024855
0.000000	0.024855	0.000000	0.024523
0.000000	0.024523	0.000000	0.024860
0.000000	0.024860	0.000000	0.024879
0.000000	0.024879	0.000000	0.024441
0.000000	0.024441	0.000000	0.024510
0.000000	0.024510	0.000000	0.024777
0.000000	0.024777	0.000000	0.024982
0.000000	0.024982	0.000000	0.025052
0.000000	0.025052	0.000000	0.024873
0.000000	0.024873	0.000000	0.024781
0.000000	0.024781	0.000000	0.024747
0.000000	0.024747	0.000000	0.024686
0.000000	0.024686	0.000000	0.024537
0.000000	0.024537	0.000000	0.024629
0.000000	0.024629	0.000000	0.025019
0.000000	0.025019	0.000000	0.025147
0.000000	0.025147	0.000000	0.024979
0.000000	0.024979	0.000000	0.025031
0.000000	0.025031	0.000000	0.024743
0.000000	0.024743	0.000000	0.024856
0.000000	0.024856	0.000000	0.025230
0.000000	0.025230	0.000000	0.025209
0.000000	0.025209	0.000000	0.025280
0.000000	0.025280	0.000000	0.025589
0.000000	0.025589	0.000000	0.025765
0.000000	0.025765	0.000000	0.025646
0.000000	0.025646	0.000000	0.025763
0.000000	0.025763	0.000000	0.025451
0.000000	0.025451	0.000000	0.025227
0.000000	0.025227	0.000000	0.024778
0.000000	0.024778	0.000000	0.024853
0.000000	0.024853	0.000000	0.024934
0.000000	0.024934	0.000000	0.024942
0.000000	0.024942	0.000000	0.025351
0.000000	0.025351	0.000000	0.025364
0.350455	0.249414	0.169543	0.241993
0.169543	0.241993	0.111901	0.223592
0.111901	0.223592	0.096191	0.205676
0.096191	0.205676	0.089245	0.187951
0.089245	0.187951	0.085066	0.173400
0.085066	0.173400	0.080881	0.159301
0.080881	0.159301	0.075111	0.146202
0.075111	0.146202	0.067810	0.132900
0.067810	0.132900	0.059023	0.119001
0.059023	0.119001	0.051993	0.107657
0.051993	0.107657	0.044124	0.096542
0.044124	0.096542	0.037317	0.087101
0.037317	0.087101	0.030951	0.078752
0.030951	0.078752	0.025709	0.072218
0.025709	0.072218	0.020368	0.066769
0.020368	0.066769	0.016481	0.062108
0.016481	0.062108	0.013979	0.059115
0.013979	0.059115	0.011346	0.055660
0.011346	0.055660	0.009234	0.052454
0.009234	0.052454	0.007681	0.050048
0.007681	0.050048	0.006472	0.048861
0.006472	0.048861	0.005105	0.047337
0.005105	0.047337	0.004236	0.045798
0.004236	0.045798	0.003669	0.044934
0.003669	0.044934	0.003141	0.043895
0.003141	0.043895	0.002623	0.043236
0.002623	0.043236	0.002282	0.042718
0.002282	0.042718	0.001943	0.041536
0.001943	0.041536	0.001784	0.041340
0.001784	0.041340	0.001724	0.041129
0.001724	0.041129	0.001357	0.041097
0.001357	0.041097	0.001197	0.041013
0.001197	0.041013	0.001071	0.040611
0.001071	0.040611	0.000983	0.039971
0.000983	0.039971	0.000878	0.039662
0.000878	0.039662	0.000735	0.039535
0.000735	0.039535	0.000582	0.039567
0.000582	0.039567	0.000521	0.038871
0.000521	0.038871	0.000456	0.038707
0.000456	0.038707	0.000390	0.037917
0.000390	0.037917	0.000339	0.038062
0.000339	0.038062	0.000268	0.038241
0.000268	0.038241	0.000177	0.037875
0.000177	0.037875	0.000143	0.037785
0.000143	0.037785	0.000087	0.037507
0.000087	0.037507	0.000066	0.037901
0.000066	0.037901	0.000063	0.037917
0.000063	0.037917	0.000044	0.037686
0.000044	0.037686	0.000048	0.037142
0.000048	0.037142	0.000021	0.037019
0.000021	0.037019	0.000001	0.036825
0.000001	0.036825	0.000001	0.036685
0.000001	0.036685	0.000000	0.036301
0.000000	0.036301	0.000000	0.036023
0.000000	0.036023	0.000000	0.035960
0.000000	0.035960	0.000000	0.035603
0.000000	0.035603	0.000000	0.035424
0.000000	0.035424	0.000000	0.035487
0.000000	0.035487	0.000000	0.035580
0.000000	0.035580	0.000000	0.035924
0.000000	0.035924	0.000000	0.035692
0.000000	0.035692	0.000000	0.035062
0.000000	0.035062	0.000000	0.034921
0.000000	0.034921	0.000000	0.034935
0.000000	0.034935	0.000000	0.035308
0.000000	0.035308	0.000000	0.035253
0.000000	0.035253	0.000000	0.035607
0.000000	0.035607	0.000000	0.035700
0.000000	0.035700	0.000000	0.036234
0.000000	0.036234	0.000000	0.036299
0.000000	0.036299	0.000000	0.036682
0.000000	0.036682	0.000000	0.035932
0.000000	0.035932	0.000000	0.036062
0.000000	0.036062	0.000000	0.036104
0.000000	0.036104	0.000000	0.036382
0.000000	0.036382	0.000000	0.036460
0.000000	0.036460	0.000000	0.036828
0.000000	0.036828	0.000000	0.037233
0.000000	0.037233	0.000000	0.036913
0.000000	0.036913	0.000000	0.037524
0.000000	0.037524	0.000000	0.037641
0.000000	0.037641	0.000000	0.037760
0.000000	0.037760	0.000000	0.037851
0.000000	0.037851	0.000000	0.038536
0.000000	0.038536	0.000000	0.038628
0.000000	0.038628	0.000000	0.038878
0.000000	0.038878	0.000000	0.038729
0.000000	0.038729	0.000000	0.038985
0.000000	0.038985	0.000000	0.037721
0.000000	0.037721	0.000000	0.037631
0.000000	0.037631	0.000000	0.038207
0.000000	0.038207	0.000000	0.038414
0.000000	0.038414	0.000000	0.038045
0.000000	0.038045	0.000000	0.037349
0.000000	0.037349	0.000000	0.037081
0.000000	0.037081	0.000000	0.037058
0.000000	0.037058	0.000000	0.036606
0.000000	0.036606	0.000000	0.036084
0.000000	0.036084	0.000000	0.036232
0.000000	0.036232	0.000000	0.035774
0.000000	0.035774	0.000000	0.035634
0.000000	0.035634	0.000000	0.035437
0.000000	0.035437	0.000000	0.035451
0.000000	0.035451	0.000000	0.035398
0.000000	0.035398	0.000000	0.035858
0.000000	0.035858	0.000000	0.035911
0.000000	0.035911	0.000000	0.035883
0.000000	0.035883	0.000000	0.036279
0.000000	0.036279	0.000000	0.036160
0.000000	0.036160	0.000000	0.035737
0.000000	0.035737	0.000000	0.036135
0.000000	0.036135	0.000000	0.035997
0.000000	0.035997	0.000000	0.035602
0.000000	0.035602	0.000000	0.035489
0.000000	0.035489	0.000000	0.035008
0.000000	0.035008	0.000000	0.035227
0.000000	0.035227	0.000000	0.035081
0.000000	0.035081	0.000000	0.034850
0.000000	0.034850	0.000000	0.034776
0.000000	0.034776	0.000000	0.034877
0.000000	0.034877	0.000000	0.034822
0.000000	0.034822	0.000000	0.034473
0.000000	0.034473	0.000000	0.034665
0.000000	0.034665	0.000000	0.035362
0.000000	0.035362	0.000000	0.035045
0.000000	0.035045	0.000000	0.034703
0.000000	0.034703	0.000000	0.034624
0.000000	0.034624	0.000000	0.034205
0.000000	0.034205	0.000000	0.034226
0.000000	0.034226	0.000000	0.034592
0.000000	0.034592	0.000000	0.034580
0.000000	0.034580	0.000000	0.034967
0.000000	0.034967	0.000000	0.035472
0.000000	0.035472	0.000000	0.034933
0.000000	0.034933	0.000000	0.034973
0.000000	0.034973	0.000000	0.034785
0.000000	0.034785	0.000000	0.034808
0.000000	0.034808	0.000000	0.034870
0.000000	0.034870	0.000000	0.034448
0.000000	0.034448	0.000000	0.035224
0.000000	0.035224	0.000000	0.035020
0.000000	0.035020	0.000000	0.035200
0.000000	0.035200	0.000000	0.034206
0.000000	0.034206	0.000000	0.033727
0.000000	0.033727	0.000000	0.033838
0.000000	0.033838	0.000000	0.033529
0.000000	0.033529	0.000000	0.032975
0.000000	0.032975	0.000000	0.033388
0.000000	0.033388	0.000000	0.034049
0.000000	0.034049	0.000000	0.034078
0.000000	0.034078	0.000000	0.033956
0.000000	0.033956	0.000000	0.035053
0.000000	0.035053	0.000000	0.035183
0.000000	0.035183	0.000000	0.035329
0.000000	0.035329	0.000000	0.034731
0.000000	0.034731	0.000000	0.034501
0.000000	0.034501	0.000000	0.034628
0.000000	0.034628	0.000000	0.034268
0.000000	0.034268	0.000000	0.034249
0.000000	0.034249	0.000000	0.033725
0.000000	0.033725	0.000000	0.034143
0.000000	0.034143	0.000000	0.033616
0.000000	0.033616	0.000000	0.033205
0.000000	0.033205	0.000000	0.033422
0.000000	0.033422	0.000000	0.033108
0.000000	0.033108	0.000000	0.033241
0.000000	0.033241	0.000000	0.032798
0.000000	0.032798	0.000000	0.032268
0.000000	0.032268	0.000000	0.031943
0.000000	0.031943	0.000000	0.031878
0.000000	0.031878	0.000000	0.032376
0.000000	0.032376	0.000000	0.032821
0.000000	0.032821	0.000000	0.032947
0.000000	0.032947	0.000000	0.032564
0.000000	0.032564	0.000000	0.032109
0.000000	0.032109	0.000000	0.032140
0.000000	0.032140	0.000000	0.031470
0.000000	0.031470	0.000000	0.031151
0.000000	0.031151	0.000000	0.031567
0.000000	0.031567	0.000000	0.031537
0.000000	0.031537	0.000000	0.031654
0.000000	0.031654	0.000000	0.031867
0.000000	0.031867	0.000000	0.031304
0.000000	0.031304	0.000000	0.031539
0.000000	0.031539	0.000000	0.031793
0.000000	0.031793	0.000000	0.032099
0.000000	0.032099	0.000000	0.031617
0.000000	0.031617	0.000000	0.031666
0.000000	0.031666	0.000000	0.031315
0.000000	0.031315	0.000000	0.030960
0.000000	0.030960	0.000000	0.031323
0.000000	0.031323	0.000000	0.031388
0.000000	0.031388	0.000000	0.031334
0.000000	0.031334	0.000000	0.031122
0.000000	0.031122	0.000000	0.031251
0.000000	0.031251	0.000000	0.031271
0.000000	0.031271	0.000000	0.030393
0.000000	0.030393	0.000000	0.030224
0.000000	0.030224	0.000000	0.030045
0.349584	0.199657	0.120310	0.190728
0.120310	0.190728	0.061612	0.172054
0.061612	0.172054	0.046826	0.157272
0.046826	0.157272	0.042375	0.146536
0.042375	0.146536	0.039165	0.136005
0.039165	0.136005	0.037259	0.128522
0.037259	0.128522	0.034631	0.120790
0.034631	0.120790	0.031196	0.114227
0.031196	0.114227	0.028122	0.108513
0.028122	0.108513	0.025057	0.102168
0.025057	0.102168	0.021823	0.096652
0.021823	0.096652	0.018703	0.091423
0.018703	0.091423	0.016569	0.088064
0.016569	0.088064	0.014609	0.084209
0.014609	0.084209	0.012790	0.081680
0.012790	0.081680	0.011329	0.079547
0.011329	0.079547	0.009845	0.078259
0.009845	0.078259	0.008647	0.077167
0.008647	0.077167	0.007741	0.075754
0.007741	0.075754	0.006668	0.073834
0.006668	0.073834	0.005806	0.072935
0.005806	0.072935	0.005018	0.071968
0.005018	0.071968	0.004222	0.071332
0.004222	0.071332	0.003632	0.070229
0.003632	0.070229	0.003373	0.069861
0.003373	0.069861	0.003048	0.069432
0.003048	0.069432	0.002764	0.069430
0.002764	0.069430	0.002292	0.069598
0.002292	0.069598	0.001999	0.069937
0.001999	0.069937	0.001797	0.069708
0.001797	0.069708	0.001543	0.069884
0.001543	0.069884	0.001400	0.068691
0.001400	0.068691	0.001181	0.068921
0.001181	0.068921	0.000999	0.068349
0.000999	0.068349	0.000814	0.067876
0.000814	0.067876	0.000731	0.067644
0.000731	0.067644	0.000593	0.066505
0.000593	0.066505	0.000474	0.065956
0.000474	0.065956	0.000495	0.066087
0.000495	0.066087	0.000416	0.064964
0.000416	0.064964	0.000466	0.065082
0.000466	0.065082	0.000398	0.065467
0.000398	0.065467	0.000339	0.065446
0.000339	0.065446	0.000193	0.065218
0.000193	0.065218	0.000149	0.065903
0.000149	0.065903	0.000114	0.065634
0.000114	0.065634	0.000058	0.065284
0.000058	0.065284	0.000059	0.064721
0.000059	0.064721	0.000067	0.064389
0.000067	0.064389	0.000101	0.064827
0.000101	0.064827	0.000121	0.065128
0.000121	0.065128	0.000150	0.064872
0.000150	0.064872	0.000167	0.064899
0.000167	0.064899	0.000154	0.064815
0.000154	0.064815	0.000154	0.064683
0.000154	0.064683	0.000200	0.065216
0.000200	0.065216	0.000214	0.065272
0.000214	0.065272	0.000240	0.066157
0.000240	0.066157	0.000238	0.065809
0.000238	0.065809	0.000242	0.066358
0.000242	0.066358	0.000174	0.065893
0.000174	0.065893	0.000176	0.066006
0.000176	0.066006	0.000163	0.065740
0.000163	0.065740	0.000164	0.064520
0.000164	0.064520	0.000179	0.063913
0.000179	0.063913	0.000193	0.064602
0.000193	0.064602	0.000177	0.064675
0.000177	0.064675	0.000116	0.065850
0.000116	0.065850	0.000075	0.065947
0.000075	0.065947	0.000071	0.065834
0.000071	0.065834	0.000028	0.066081
0.000028	0.066081	0.000018	0.066811
0.000018	0.066811	0.000001	0.067325
0.000001	0.067325	0.000000	0.067814
0.000000	0.067814	0.000000	0.067709
0.000000	0.067709	0.000000	0.068244
0.000000	0.068244	0.000000	0.067904
0.000000	0.067904	0.000000	0.068174
0.000000	0.068174	0.000000	0.068379
0.000000	0.068379	0.000000	0.068415
0.000000	0.068415	0.000000	0.068702
0.000000	0.068702	0.000000	0.069401
0.000000	0.069401	0.000000	0.069025
0.000000	0.069025	0.000000	0.068392
0.000000	0.068392	0.000000	0.067528
0.000000	0.067528	0.000000	0.067621
0.000000	0.067621	0.000000	0.067794
0.000000	0.067794	0.000000	0.068650
0.000000	0.068650	0.000000	0.069102
0.000000	0.069102	0.000000	0.069630
0.000000	0.069630	0.000000	0.070279
0.000000	0.070279	0.000000	0.069583
0.000000	0.069583	0.000000	0.069575
0.000000	0.069575	0.000000	0.071512
0.000000	0.071512	0.000000	0.072008
0.000000	0.072008	0.000000	0.072281
0.000000	0.072281	0.000000	0.071987
0.000000	0.071987	0.000000	0.072687
0.000000	0.072687	0.000000	0.071886
0.000000	0.071886	0.000000	0.072184
0.000000	0.072184	0.000000	0.072880
0.000000	0.072880	0.000000	0.073005
0.000000	0.073005	0.000000	0.073085
0.000000	0.073085	0.000000	0.072818
0.000000	0.072818	0.000000	0.072212
0.000000	0.072212	0.000000	0.072490
0.000000	0.072490	0.000000	0.072841
0.000000	0.072841	0.000000	0.073411
0.000000	0.073411	0.000000	0.073484
0.000000	0.073484	0.000000	0.073527
0.000000	0.073527	0.000000	0.074001
0.000000	0.074001	0.000000	0.073742
0.000000	0.073742	0.000000	0.073384
0.000000	0.073384	0.000000	0.073204
0.000000	0.073204	0.000000	0.073750
0.000000	0.073750	0.000000	0.074204
0.000000	0.074204	0.000000	0.073549
0.000000	0.073549	0.000000	0.073157
0.000000	0.073157	0.000000	0.073400
0.000000	0.073400	0.000000	0.073365
0.000000	0.073365	0.000000	0.073592
0.000000	0.073592	0.000000	0.073483
0.000000	0.073483	0.000000	0.074247
0.000000	0.074247	0.000000	0.074539
0.000000	0.074539	0.000000	0.073485
0.000000	0.073485	0.000000	0.073207
0.000000	0.073207	0.000000	0.074278
0.000000	0.074278	0.000000	0.075384
0.000000	0.075384	0.000000	0.075395
0.000000	0.075395	0.000000	0.075134
0.000000	0.075134	0.000000	0.074432
0.000000	0.074432	0.000000	0.074283
0.000000	0.074283	0.000000	0.074178
0.000000	0.074178	0.000000	0.074296
0.000000	0.074296	0.000000	0.074906
0.000000	0.074906	0.000000	0.074881
0.000000	0.074881	0.000000	0.075061
0.000000	0.075061	0.000000	0.075422
0.000000	0.075422	0.000000	0.074798
0.000000	0.074798	0.000000	0.074932
0.000000	0.074932	0.000000	0.075431
0.000000	0.075431	0.000000	0.075273
0.000000	0.075273	0.000000	0.075773
0.000000	0.075773	0.000000	0.075696
0.000000	0.075696	0.000000	0.074863
0.000000	0.074863	0.000000	0.074817
0.000000	0.074817	0.000000	0.075488
0.000000	0.075488	0.000000	0.075808
0.000000	0.075808	0.000000	0.074897
0.000000	0.074897	0.000000	0.074879
0.000000	0.074879	0.000000	0.074974
0.000000	0.074974	0.000000	0.075122
0.000000	0.075122	0.000000	0.074878
0.000000	0.074878	0.000000	0.075815
0.000000	0.075815	0.000000	0.075890
0.000000	0.075890	0.000000	0.075450
0.000000	0.075450	0.000000	0.075259
0.000000	0.075259	0.000000	0.075426
0.000000	0.075426	0.000000	0.075722
0.000000	0.075722	0.000000	0.075539
0.000000	0.075539	0.000000	0.076102
0.000000	0.076102	0.000000	0.075934
0.000000	0.075934	0.000000	0.076518
0.000000	0.076518	0.000000	0.077191
0.000000	0.077191	0.000000	0.076674
0.000000	0.076674	0.000000	0.075882
0.000000	0.075882	0.000000	0.075508
0.000000	0.075508	0.000000	0.075642
0.000000	0.075642	0.000000	0.075883
0.000000	0.075883	0.000000	0.076155
0.000000	0.076155	0.000000	0.076172
0.000000	0.076172	0.000000	0.076466
0.000000	0.076466	0.000000	0.076323
0.000000	0.076323	0.000000	0.075890
0.000000	0.075890	0.000000	0.075800
0.000000	0.075800	0.000000	0.075988
0.000000	0.075988	0.000000	0.076270
0.000000	0.076270	0.000000	0.076416
0.000000	0.076416	0.000000	0.076163
0.000000	0.076163	0.000000	0.075823
0.000000	0.075823	0.000000	0.074927
0.000000	0.074927	0.000000	0.074839
0.000000	0.074839	0.000000	0.075741
0.000000	0.075741	0.000000	0.075400
0.000000	0.075400	0.000000	0.075643
0.000000	0.075643	0.000000	0.075211
0.000000	0.075211	0.000000	0.074973
0.000000	0.074973	0.000000	0.076012
0.000000	0.076012	0.000000	0.075637
0.000000	0.075637	0.000000	0.075994
0.000000	0.075994	0.000000	0.076017
0.000000	0.076017	0.000000	0.076428
0.000000	0.076428	0.000000	0.076068
0.000000	0.076068	0.000000	0.075800
0.000000	0.075800	0.000000	0.075947
0.000000	0.075947	0.000000	0.075467
0.000000	0.075467	0.000000	0.076050
0.000000	0.076050	0.000000	0.076290
0.000000	0.076290	0.000000	0.077503
0.350362	0.149849	0.080320	0.141836
0.080320	0.141836	0.029663	0.126474
0.029663	0.126474	0.018931	0.116418
0.018931	0.116418	0.015194	0.109750
0.015194	0.109750	0.013374	0.105910
0.013374	0.105910	0.012318	0.103478
0.012318	0.103478	0.011554	0.100024
0.011554	0.100024	0.010809	0.097752
0.010809	0.097752	0.009861	0.095343
0.009861	0.095343	0.008882	0.093127
0.008882	0.093127	0.007945	0.090772
0.007945	0.090772	0.007052	0.088539
0.007052	0.088539	0.006272	0.087425
0.006272	0.087425	0.005598	0.086188
0.005598	0.086188	0.005044	0.084024
0.005044	0.084024	0.004404	0.082336
0.004404	0.082336	0.003895	0.081341
0.003895	0.081341	0.003612	0.081919
0.003612	0.081919	0.003405	0.081517
0.003405	0.081517	0.003185	0.081670
0.003185	0.081670	0.002673	0.080739
0.002673	0.080739	0.002244	0.079144
0.002244	0.079144	0.001786	0.078544
0.001786	0.078544	0.001281	0.078225
0.001281	0.078225	0.000971	0.077768
0.000971	0.077768	0.000699	0.076884
0.000699	0.076884	0.000611	0.077244
0.000611	0.077244	0.000628	0.078014
0.000628	0.078014	0.000494	0.078524
0.000494	0.078524	0.000395	0.077305
0.000395	0.077305	0.000306	0.076735
0.000306	0.076735	0.000190	0.076074
0.000190	0.076074	0.000128	0.076083
0.000128	0.076083	0.000115	0.076365
0.000115	0.076365	0.000108	0.075689
0.000108	0.075689	0.000068	0.076056
0.000068	0.076056	0.000056	0.075509
0.000056	0.075509	0.000024	0.075187
0.000024	0.075187	0.000006	0.074500
0.000006	0.074500	0.000002	0.073961
0.000002	0.073961	0.000000	0.073418
0.000000	0.073418	0.000000	0.073478
0.000000	0.073478	0.000000	0.073056
0.000000	0.073056	0.000000	0.072892
0.000000	0.072892	0.000000	0.072848
0.000000	0.072848	0.000000	0.072336
0.000000	0.072336	0.000000	0.071657
0.000000	0.071657	0.000000	0.071877
0.000000	0.071877	0.000000	0.071419
0.000000	0.071419	0.000000	0.071318
0.000000	0.071318	0.000000	0.071947
0.000000	0.071947	0.000000	0.071553
0.000000	0.071553	0.000000	0.071282
0.000000	0.071282	0.000000	0.071628
0.000000	0.071628	0.000000	0.071381
0.000000	0.071381	0.000000	0.070900
0.000000	0.070900	0.000000	0.071227
0.000000	0.071227	0.000000	0.070727
0.000000	0.070727	0.000000	0.070515
0.000000	0.070515	0.000000	0.070439
0.000000	0.070439	0.000000	0.070758
0.000000	0.070758	0.000000	0.070879
0.000000	0.070879	0.000000	0.070438
0.000000	0.070438	0.000000	0.070524
0.000000	0.070524	0.000000	0.069835
0.000000	0.069835	0.000000	0.068975
0.000000	0.068975	0.000000	0.069377
0.000000	0.069377	0.000000	0.069837
0.000000	0.069837	0.000000	0.069516
0.000000	0.069516	0.000000	0.069536
0.000000	0.069536	0.000000	0.069489
0.000000	0.069489	0.000000	0.070368
0.000000	0.070368	0.000000	0.069176
0.000000	0.069176	0.000000	0.069275
0.000000	0.069275	0.000000	0.070044
0.000000	0.070044	0.000000	0.069735
0.000000	0.069735	0.000000	0.069870
0.000000	0.069870	0.000000	0.069060
0.000000	0.069060	0.000000	0.069057
0.000000	0.069057	0.000000	0.069110
0.000000	0.069110	0.000000	0.069551
0.000000	0.069551	0.000000	0.069262
0.000000	0.069262	0.000000	0.069890
0.000000	0.069890	0.000000	0.070171
0.000000	0.070171	0.000000	0.070349
0.000000	0.070349	0.000000	0.070602
0.000000	0.070602	0.000000	0.070567
0.000000	0.070567	0.000000	0.069619
0.000000	0.069619	0.000000	0.069452
0.000000	0.069452	0.000000	0.069396
0.000000	0.069396	0.000000	0.068716
0.000000	0.068716	0.000000	0.069769
0.000000	0.069769	0.000000	0.069920
0.000000	0.069920	0.000000	0.069996
0.000000	0.069996	0.000000	0.070203
0.000000	0.070203	0.000000	0.070671
0.000000	0.070671	0.000000	0.070769
0.000000	0.070769	0.000000	0.070035
0.000000	0.070035	0.000000	0.070126
0.000000	0.070126	0.000000	0.070209
0.000000	0.070209	0.000000	0.069703
0.000000	0.069703	0.000000	0.069252
0.000000	0.069252	0.000000	0.068594
0.000000	0.068594	0.000000	0.068299
0.000000	0.068299	0.000000	0.067927
0.000000	0.067927	0.000000	0.068309
0.000000	0.068309	0.000000	0.068005
0.000000	0.068005	0.000000	0.067057
0.000000	0.067057	0.000000	0.067245
0.000000	0.067245	0.000000	0.066914
0.000000	0.066914	0.000000	0.067378
0.000000	0.067378	0.000000	0.067096
0.000000	0.067096	0.000000	0.067221
0.000000	0.067221	0.000000	0.066970
0.000000	0.066970	0.000000	0.065962
0.000000	0.065962	0.000000	0.066005
0.000000	0.066005	0.000000	0.065678
0.000000	0.065678	0.000000	0.065367
0.000000	0.065367	0.000000	0.065718
0.000000	0.065718	0.000000	0.065638
0.000000	0.065638	0.000000	0.065293
0.000000	0.065293	0.000000	0.065336
0.000000	0.065336	0.000000	0.064616
0.000000	0.064616	0.000000	0.064818
0.000000	0.064818	0.000000	0.064569
0.000000	0.064569	0.000000	0.064218
0.000000	0.064218	0.000000	0.063507
0.000000	0.063507	0.000000	0.064089
0.000000	0.064089	0.000000	0.063888
0.000000	0.063888	0.000000	0.063837
0.000000	0.063837	0.000000	0.064140
0.000000	0.064140	0.000000	0.063728
0.000000	0.063728	0.000000	0.063808
0.000000	0.063808	0.000000	0.063750
0.000000	0.063750	0.000000	0.063579
0.000000	0.063579	0.000000	0.063956
0.000000	0.063956	0.000000	0.063888
0.000000	0.063888	0.000000	0.063820
0.000000	0.063820	0.000000	0.063965
0.000000	0.063965	0.000000	0.064487
0.000000	0.064487	0.000000	0.064707
0.000000	0.064707	0.000000	0.064878
0.000000	0.064878	0.000000	0.064041
0.000000	0.064041	0.000000	0.064370
0.000000	0.064370	0.000000	0.063978
0.000000	0.063978	0.000000	0.064666
0.000000	0.064666	0.000000	0.064697
0.000000	0.064697	0.000000	0.064539
0.000000	0.064539	0.000000	0.064404
0.000000	0.064404	0.000000	0.064725
0.000000	0.064725	0.000000	0.063914
0.000000	0.063914	0.000000	0.064249
0.000000	0.064249	0.000000	0.063983
0.000000	0.063983	0.000000	0.063054
0.000000	0.063054	0.000000	0.063513
0.000000	0.063513	0.000000	0.064301
0.000000	0.064301	0.000000	0.063636
0.000000	0.063636	0.000000	0.063303
0.000000	0.063303	0.000000	0.063122
0.000000	0.063122	0.000000	0.063289
0.000000	0.063289	0.000000	0.063166
0.000000	0.063166	0.000000	0.063548
0.000000	0.063548	0.000000	0.063810
0.000000	0.063810	0.000000	0.063113
0.000000	0.063113	0.000000	0.063134
0.000000	0.063134	0.000000	0.062378
0.000000	0.062378	0.000000	0.062458
0.000000	0.062458	0.000000	0.062321
0.000000	0.062321	0.000000	0.061578
0.000000	0.061578	0.000000	0.060974
0.000000	0.060974	0.000000	0.060684
0.000000	0.060684	0.000000	0.060228
0.000000	0.060228	0.000000	0.061030
0.000000	0.061030	0.000000	0.061541
0.000000	0.061541	0.000000	0.061916
0.000000	0.061916	0.000000	0.062274
0.000000	0.062274	0.000000	0.062577
0.000000	0.062577	0.000000	0.061903
0.000000	0.061903	0.000000	0.061802
0.000000	0.061802	0.000000	0.061930
0.000000	0.061930	0.000000	0.061842
0.000000	0.061842	0.000000	0.062268
0.000000	0.062268	0.000000	0.062086
0.000000	0.062086	0.000000	0.062560
0.000000	0.062560	0.000000	0.062880
0.000000	0.062880	0.000000	0.063387
0.000000	0.063387	0.000000	0.063436
0.000000	0.063436	0.000000	0.062407
0.000000	0.062407	0.000000	0.062350
0.000000	0.062350	0.000000	0.062527
0.000000	0.062527	0.000000	0.061173
0.000000	0.061173	0.000000	0.061155
0.000000	0.061155	0.000000	0.061068
0.000000	0.061068	0.000000	0.061269
0.000000	0.061269	0.000000	0.061417
0.000000	0.061417	0.000000	0.061767
0.000000	0.061767	0.000000	0.062455
0.000000	0.062455	0.000000	0.061836
0.000000	0.061836	0.000000	0.061810
0.350135	0.100697	0.050052	0.092826
0.050052	0.092826	0.012169	0.083477
0.012169	0.083477	0.005745	0.077632
0.005745	0.077632	0.003820	0.074051
0.003820	0.074051	0.002745	0.071773
0.002745	0.071773	0.002053	0.070822
0.002053	0.070822	0.001601	0.069928
0.001601	0.069928	0.001243	0.069948
0.001243	0.069948	0.000897	0.069761
0.000897	0.069761	0.000764	0.068787
0.000764	0.068787	0.000658	0.069728
0.000658	0.069728	0.000561	0.069046
0.000561	0.069046	0.000529	0.069353
0.000529	0.069353	0.000563	0.068754
0.000563	0.068754	0.000503	0.068481
0.000503	0.068481	0.000410	0.068269
0.000410	0.068269	0.000349	0.068054
0.000349	0.068054	0.000293	0.068215
0.000293	0.068215	0.000269	0.068238
0.000269	0.068238	0.000207	0.067168
0.000207	0.067168	0.000190	0.066944
0.000190	0.066944	0.000205	0.067219
0.000205	0.067219	0.000178	0.067464
0.000178	0.067464	0.000170	0.067054
0.000170	0.067054	0.000154	0.067583
0.000154	0.067583	0.000151	0.068346
0.000151	0.068346	0.000145	0.068122
0.000145	0.068122	0.000118	0.067660
0.000118	0.067660	0.000139	0.069386
0.000139	0.069386	0.000122	0.069489
0.000122	0.069489	0.000178	0.068765
0.000178	0.068765	0.000206	0.068113
0.000206	0.068113	0.000209	0.067637
0.000209	0.067637	0.000183	0.067565
0.000183	0.067565	0.000138	0.067634
0.000138	0.067634	0.000104	0.068152
0.000104	0.068152	0.000066	0.067462
0.000066	0.067462	0.000039	0.066758
0.000039	0.066758	0.000032	0.067354
0.000032	0.067354	0.000041	0.067375
0.000041	0.067375	0.000027	0.067530
0.000027	0.067530	0.000019	0.066953
0.000019	0.066953	0.000019	0.066728
0.000019	0.066728	0.000025	0.066188
0.000025	0.066188	0.000011	0.066512
0.000011	0.066512	0.000009	0.066030
0.000009	0.066030	0.000011	0.067058
0.000011	0.067058	0.000016	0.067038
0.000016	0.067038	0.000020	0.067374
0.000020	0.067374	0.000024	0.066689
0.000024	0.066689	0.000059	0.067283
0.000059	0.067283	0.000066	0.067062
0.000066	0.067062	0.000052	0.066818
0.000052	0.066818	0.000050	0.066596
0.000050	0.066596	0.000038	0.066554
0.000038	0.066554	0.000041	0.065956
0.000041	0.065956	0.000046	0.064794
0.000046	0.064794	0.000051	0.065146
0.000051	0.065146	0.000042	0.065843
0.000042	0.065843	0.000012	0.065624
0.000012	0.065624	0.000000	0.065125
0.000000	0.065125	0.000000	0.065350
0.000000	0.065350	0.000000	0.065900
0.000000	0.065900	0.000000	0.065824
0.000000	0.065824	0.000000	0.065625
0.000000	0.065625	0.000000	0.065949
0.000000	0.065949	0.000000	0.066836
0.000000	0.066836	0.000000	0.066845
0.000000	0.066845	0.000000	0.066230
0.000000	0.066230	0.000000	0.066276
0.000000	0.066276	0.000000	0.066103
0.000000	0.066103	0.000000	0.066168
0.000000	0.066168	0.000000	0.065952
0.000000	0.065952	0.000000	0.065298
0.000000	0.065298	0.000000	0.065480
0.000000	0.065480	0.000000	0.065093
0.000000	0.065093	0.000000	0.065249
0.000000	0.065249	0.000000	0.065277
0.000000	0.065277	0.000000	0.065004
0.000000	0.065004	0.000000	0.065706
0.000000	0.065706	0.000000	0.066247
0.000000	0.066247	0.000000	0.066062
0.000000	0.066062	0.000000	0.066237
0.000000	0.066237	0.000000	0.065587
0.000000	0.065587	0.000000	0.065619
0.000000	0.065619	0.000000	0.065369
0.000000	0.065369	0.000000	0.065275
0.000000	0.065275	0.000000	0.065780
0.000000	0.065780	0.000000	0.065662
0.000000	0.065662	0.000000	0.065866
0.000000	0.065866	0.000000	0.066320
0.000000	0.066320	0.000000	0.066274
0.000000	0.066274	0.000000	0.066583
0.000000	0.066583	0.000000	0.065669
0.000000	0.065669	0.000000	0.065412
0.000000	0.065412	0.000000	0.065064
0.000000	0.065064	0.000000	0.064428
0.000000	0.064428	0.000000	0.064273
0.000000	0.064273	0.000000	0.063423
0.000000	0.063423	0.000000	0.062910
0.000000	0.062910	0.000000	0.062252
0.000000	0.062252	0.000000	0.062571
0.000000	0.062571	0.000000	0.062572
0.000000	0.062572	0.000000	0.062348
0.000000	0.062348	0.000000	0.062529
0.000000	0.062529	0.000000	0.062671
0.000000	0.062671	0.000000	0.062177
0.000000	0.062177	0.000000	0.062678
0.000000	0.062678	0.000000	0.061900
0.000000	0.061900	0.000000	0.061503
0.000000	0.061503	0.000000	0.061124
0.000000	0.061124	0.000000	0.061241
0.000000	0.061241	0.000000	0.061539
0.000000	0.061539	0.000000	0.062167
0.000000	0.062167	0.000000	0.061774
0.000000	0.061774	0.000000	0.061270
0.000000	0.061270	0.000000	0.061687
0.000000	0.061687	0.000000	0.061752
0.000000	0.061752	0.000000	0.060627
0.000000	0.060627	0.000000	0.061191
0.000000	0.061191	0.000000	0.060537
0.000000	0.060537	0.000000	0.060263
0.000000	0.060263	0.000000	0.060691
0.000000	0.060691	0.000000	0.060564
0.000000	0.060564	0.000000	0.060380
0.000000	0.060380	0.000000	0.060486
0.000000	0.060486	0.000000	0.060546
0.000000	0.060546	0.000000	0.060655
0.000000	0.060655	0.000000	0.060534
0.000000	0.060534	0.000000	0.060663
0.000000	0.060663	0.000000	0.060062
0.000000	0.060062	0.000000	0.059822
0.000000	0.059822	0.000000	0.059803
0.000000	0.059803	0.000000	0.059636
0.000000	0.059636	0.000000	0.059113
0.000000	0.059113	0.000000	0.058274
0.000000	0.058274	0.000000	0.058274
0.000000	0.058274	0.000000	0.058787
0.000000	0.058787	0.000000	0.058493
0.000000	0.058493	0.000000	0.058878
0.000000	0.058878	0.000000	0.059114
0.000000	0.059114	0.000000	0.059071
0.000000	0.059071	0.000000	0.059705
0.000000	0.059705	0.000000	0.060252
0.000000	0.060252	0.000000	0.060478
0.000000	0.060478	0.000000	0.060334
0.000000	0.060334	0.000000	0.060057
0.000000	0.060057	0.000000	0.060511
0.000000	0.060511	0.000000	0.059592
0.000000	0.059592	0.000000	0.059152
0.000000	0.059152	0.000000	0.059071
0.000000	0.059071	0.000000	0.060302
0.000000	0.060302	0.000000	0.060854
0.000000	0.060854	0.000000	0.061104
0.000000	0.061104	0.000000	0.061083
0.000000	0.061083	0.000000	0.060627
0.000000	0.060627	0.000000	0.060767
0.000000	0.060767	0.000000	0.060137
0.000000	0.060137	0.000000	0.060086
0.000000	0.060086	0.000000	0.060710
0.000000	0.060710	0.000000	0.060765
0.000000	0.060765	0.000000	0.059958
0.000000	0.059958	0.000000	0.060147
0.000000	0.060147	0.000000	0.059838
0.000000	0.059838	0.000000	0.059658
0.000000	0.059658	0.000000	0.059549
0.000000	0.059549	0.000000	0.059873
0.000000	0.059873	0.000000	0.059690
0.000000	0.059690	0.000000	0.059330
0.000000	0.059330	0.000000	0.059522
0.000000	0.059522	0.000000	0.059402
0.000000	0.059402	0.000000	0.059495
0.000000	0.059495	0.000000	0.059715
0.000000	0.059715	0.000000	0.059158
0.000000	0.059158	0.000000	0.058800
0.000000	0.058800	0.000000	0.059157
0.000000	0.059157	0.000000	0.059318
0.000000	0.059318	0.000000	0.058699
0.000000	0.058699	0.000000	0.059084
0.000000	0.059084	0.000000	0.058081
0.000000	0.058081	0.000000	0.058357
0.000000	0.058357	0.000000	0.058347
0.000000	0.058347	0.000000	0.058188
0.000000	0.058188	0.000000	0.057932
0.000000	0.057932	0.000000	0.056915
0.000000	0.056915	0.000000	0.057443
0.000000	0.057443	0.000000	0.057428
0.000000	0.057428	0.000000	0.057173
0.000000	0.057173	0.000000	0.057439
0.000000	0.057439	0.000000	0.057426
0.000000	0.057426	0.000000	0.057406
0.000000	0.057406	0.000000	0.057022
0.000000	0.057022	0.000000	0.057200
0.000000	0.057200	0.000000	0.057307
0.000000	0.057307	0.000000	0.057656
0.000000	0.057656	0.000000	0.058139
0.000000	0.058139	0.000000	0.058066
0.000000	0.058066	0.000000	0.057241
0.000000	0.057241	0.000000	0.056613
0.350846	0.050311	0.027794	0.047215
0.027794	0.047215	0.003242	0.042401
0.003242	0.042401	0.001082	0.040574
0.001082	0.040574	0.000531	0.039658
0.000531	0.039658	0.000358	0.040356
0.000358	0.040356	0.000269	0.039735
0.000269	0.039735	0.000243	0.040040
0.000243	0.040040	0.000172	0.039621
0.000172	0.039621	0.000182	0.039117
0.000182	0.039117	0.000201	0.038940
0.000201	0.038940	0.000188	0.038961
0.000188	0.038961	0.000171	0.039061
0.000171	0.039061	0.000166	0.038989
0.000166	0.038989	0.000115	0.038139
0.000115	0.038139	0.000078	0.037742
0.000078	0.037742	0.000058	0.038255
0.000058	0.038255	0.000058	0.038026
0.000058	0.038026	0.000049	0.037941
0.000049	0.037941	0.000045	0.038612
0.000045	0.038612	0.000032	0.038843
0.000032	0.038843	0.000037	0.039209
0.000037	0.039209	0.000028	0.038700
0.000028	0.038700	0.000028	0.038331
0.000028	0.038331	0.000008	0.038302
0.000008	0.038302	0.000018	0.038163
0.000018	0.038163	0.000008	0.037729
0.000008	0.037729	0.000004	0.037741
0.000004	0.037741	0.000002	0.039022
0.000002	0.039022	0.000000	0.039282
0.000000	0.039282	0.000000	0.039076
0.000000	0.039076	0.000000	0.039019
0.000000	0.039019	0.000000	0.038703
0.000000	0.038703	0.000000	0.038581
0.000000	0.038581	0.000000	0.038629
0.000000	0.038629	0.000000	0.039145
0.000000	0.039145	0.000000	0.039530
0.000000	0.039530	0.000000	0.039633
0.000000	0.039633	0.000000	0.039539
0.000000	0.039539	0.000000	0.039190
0.000000	0.039190	0.000000	0.039211
0.000000	0.039211	0.000000	0.039526
0.000000	0.039526	0.000000	0.039238
0.000000	0.039238	0.000000	0.039555
0.000000	0.039555	0.000000	0.040043
0.000000	0.040043	0.000000	0.040395
0.000000	0.040395	0.000000	0.040344
0.000000	0.040344	0.000000	0.040252
0.000000	0.040252	0.000000	0.040663
0.000000	0.040663	0.000000	0.040447
0.000000	0.040447	0.000000	0.041016
0.000000	0.041016	0.000000	0.041234
0.000000	0.041234	0.000000	0.041445
0.000000	0.041445	0.000000	0.041024
0.000000	0.041024	0.000000	0.040601
0.000000	0.040601	0.000000	0.041765
0.000000	0.041765	0.000000	0.041888
0.000000	0.041888	0.000000	0.041819
0.000000	0.041819	0.000000	0.042314
0.000000	0.042314	0.000000	0.042714
0.000000	0.042714	0.000000	0.043001
0.000000	0.043001	0.000000	0.042689
0.000000	0.042689	0.000000	0.042775
0.000000	0.042775	0.000000	0.042462
0.000000	0.042462	0.000000	0.043055
0.000000	0.043055	0.000000	0.043497
0.000000	0.043497	0.000000	0.043828
0.000000	0.043828	0.000000	0.044269
0.000000	0.044269	0.000000	0.043780
0.000000	0.043780	0.000000	0.043567
0.000000	0.043567	0.000000	0.043934
0.000000	0.043934	0.000000	0.043248
0.000000	0.043248	0.000000	0.043436
0.000000	0.043436	0.000000	0.043429
0.000000	0.043429	0.000000	0.041874
0.000000	0.041874	0.000000	0.042292
0.000000	0.042292	0.000000	0.042532
0.000000	0.042532	0.000000	0.042863
0.000000	0.042863	0.000000	0.043509
0.000000	0.043509	0.000000	0.042855
0.000000	0.042855	0.000000	0.043206
0.000000	0.043206	0.000000	0.043515
0.000000	0.043515	0.000000	0.044131
0.000000	0.044131	0.000000	0.043872
0.000000	0.043872	0.000000	0.044217
0.000000	0.044217	0.000000	0.044228
0.000000	0.044228	0.000000	0.044051
0.000000	0.044051	0.000000	0.043590
0.000000	0.043590	0.000000	0.042746
0.000000	0.042746	0.000000	0.042958
0.000000	0.042958	0.000000	0.042589
0.000000	0.042589	0.000000	0.042795
0.000000	0.042795	0.000000	0.042047
0.000000	0.042047	0.000000	0.041958
0.000000	0.041958	0.000000	0.041316
0.000000	0.041316	0.000000	0.041840
0.000000	0.041840	0.000000	0.041996
0.000000	0.041996	0.000000	0.041608
0.000000	0.041608	0.000000	0.041649
0.000000	0.041649	0.000000	0.041317
0.000000	0.041317	0.000000	0.041127
0.000000	0.041127	0.000000	0.041047
0.000000	0.041047	0.000000	0.040910
0.000000	0.040910	0.000000	0.041049
0.000000	0.041049	0.000000	0.041646
0.000000	0.041646	0.000000	0.041116
0.000000	0.041116	0.000000	0.041189
0.000000	0.041189	0.000000	0.040664
0.000000	0.040664	0.000000	0.040587
0.000000	0.040587	0.000000	0.040233
0.000000	0.040233	0.000000	0.039589
0.000000	0.039589	0.000000	0.039244
0.000000	0.039244	0.000000	0.039141
0.000000	0.039141	0.000000	0.039129
0.000000	0.039129	0.000000	0.039327
0.000000	0.039327	0.000000	0.039758
0.000000	0.039758	0.000000	0.039094
0.000000	0.039094	0.000000	0.038596
0.000000	0.038596	0.000000	0.039110
0.000000	0.039110	0.000000	0.038760
0.000000	0.038760	0.000000	0.038620
0.000000	0.038620	0.000000	0.038314
0.000000	0.038314	0.000000	0.038335
0.000000	0.038335	0.000000	0.039214
0.000000	0.039214	0.000000	0.039843
0.000000	0.039843	0.000000	0.039956
0.000000	0.039956	0.000000	0.040449
0.000000	0.040449	0.000000	0.040410
0.000000	0.040410	0.000000	0.039924
0.000000	0.039924	0.000000	0.039433
0.000000	0.039433	0.000000	0.038998
0.000000	0.038998	0.000000	0.039055
0.000000	0.039055	0.000000	0.038768
0.000000	0.038768	0.000000	0.039480
0.000000	0.039480	0.000000	0.039716
0.000000	0.039716	0.000000	0.040056
0.000000	0.040056	0.000000	0.039620
0.000000	0.039620	0.000000	0.039653
0.000000	0.039653	0.000000	0.039663
0.000000	0.039663	0.000000	0.039824
0.000000	0.039824	0.000000	0.039864
0.000000	0.039864	0.000000	0.039500
0.000000	0.039500	0.000000	0.039153
0.000000	0.039153	0.000000	0.038867
0.000000	0.038867	0.000000	0.038793
0.000000	0.038793	0.000000	0.038031
0.000000	0.038031	0.000000	0.038626
0.000000	0.038626	0.000000	0.038602
0.000000	0.038602	0.000000	0.038336
0.000000	0.038336	0.000000	0.038250
0.000000	0.038250	0.000000	0.037981
0.000000	0.037981	0.000000	0.037761
0.000000	0.037761	0.000000	0.038122
0.000000	0.038122	0.000000	0.037856
0.000000	0.037856	0.000000	0.038122
0.000000	0.038122	0.000000	0.038548
0.000000	0.038548	0.000000	0.038774
0.000000	0.038774	0.000000	0.038857
0.000000	0.038857	0.000000	0.039263
0.000000	0.039263	0.000000	0.038831
0.000000	0.038831	0.000000	0.039319
0.000000	0.039319	0.000000	0.038270
0.000000	0.038270	0.000000	0.038855
0.000000	0.038855	0.000000	0.038842
0.000000	0.038842	0.000000	0.039040
0.000000	0.039040	0.000000	0.039140
0.000000	0.039140	0.000000	0.039049
0.000000	0.039049	0.000000	0.038923
0.000000	0.038923	0.000000	0.039043
0.000000	0.039043	0.000000	0.038981
0.000000	0.038981	0.000000	0.038804
0.000000	0.038804	0.000000	0.038524
0.000000	0.038524	0.000000	0.038772
0.000000	0.038772	0.000000	0.038704
0.000000	0.038704	0.000000	0.039030
0.000000	0.039030	0.000000	0.038961
0.000000	0.038961	0.000000	0.038998
0.000000	0.038998	0.000000	0.038575
0.000000	0.038575	0.000000	0.038460
0.000000	0.038460	0.000000	0.038087
0.000000	0.038087	0.000000	0.037881
0.000000	0.037881	0.000000	0.037344
0.000000	0.037344	0.000000	0.037386
0.000000	0.037386	0.000000	0.037539
0.000000	0.037539	0.000000	0.037940
0.000000	0.037940	0.000000	0.037163
0.000000	0.037163	0.000000	0.037246
0.000000	0.037246	0.000000	0.036925
0.000000	0.036925	0.000000	0.036993
0.000000	0.036993	0.000000	0.036862
0.000000	0.036862	0.000000	0.036750
0.000000	0.036750	0.000000	0.037313
0.000000	0.037313	0.000000	0.037675
0.000000	0.037675	0.000000	0.037772
0.000000	0.037772	0.000000	0.037829
0.000000	0.037829	0.000000	0.037850
0.000000	0.037850	0.000000	0.038387
0.000000	0.038387	0.000000	0.038508
0.000000	0.038508	0.000000	0.038084
0.000000	0.038084	0.000000	0.037985
